   2.0000000000000000E-002   1.4002918070650775E-002
   4.0000000000000001E-002   2.7994851122184836E-002
   5.9999999999999998E-002   4.1964822753021075E-002
   8.0000000000000002E-002   5.5901873789889284E-002
  0.10000000000000001        6.9795070885090210E-002
  0.12000000000000001        8.3633515093495925E-002
  0.14000000000000001        9.7406350422562016E-002
  0.16000000000000000       0.11110277234864435     
  0.17999999999999999       0.12471203629293946     
  0.19999999999999998       0.13822346605039937     
  0.21999999999999997       0.15162646216500847     
  0.23999999999999996       0.16491051024485234     
  0.25999999999999995       0.17806518921045542     
  0.27999999999999997       0.19108017946991679     
  0.29999999999999999       0.20394527101443091     
  0.32000000000000001       0.21665037142784266     
  0.34000000000000002       0.22918551380395322     
  0.36000000000000004       0.24154086456536544     
  0.38000000000000006       0.25370673117773601     
  0.40000000000000008       0.26567356975338130     
  0.42000000000000010       0.27743199253827344     
  0.44000000000000011       0.28897277527655213     
  0.46000000000000013       0.30028686444677544     
  0.48000000000000015       0.31136538436423283     
  0.50000000000000011       0.32219964414374846     
  0.52000000000000013       0.33278114451751317     
  0.54000000000000015       0.34310158450259581     
  0.56000000000000016       0.35315286791290468     
  0.58000000000000018       0.36292710971048869     
  0.60000000000000020       0.37241664219119830     
  0.62000000000000022       0.38161402099985114     
  0.64000000000000024       0.39051203097018472     
  0.66000000000000025       0.39910369178501587     
  0.68000000000000027       0.40738226345216444     
  0.70000000000000029       0.41534125159184726     
  0.72000000000000031       0.42297441253139401     
  0.74000000000000032       0.43027575820328751     
  0.76000000000000034       0.43723956084268784     
  0.78000000000000036       0.44386035748075287     
  0.80000000000000038       0.45013295423023209     
  0.82000000000000040       0.45605243035997090     
  0.84000000000000041       0.46161414215512947     
  0.86000000000000043       0.46681372656008729     
  0.88000000000000045       0.47164710460117631     
  0.90000000000000047       0.47611048458655680     
  0.92000000000000048       0.48020036508072672     
  0.94000000000000050       0.48391353765133033     
  0.96000000000000052       0.48724708938611133     
  0.98000000000000054       0.49019840517803637     
   1.0000000000000004       0.49276516977679624     
   1.0200000000000005       0.49494536960507490     
   1.0400000000000005       0.49673729433816205     
   1.0600000000000005       0.49813953824567003     
   1.0800000000000005       0.49915100129430201     
   1.1000000000000005       0.49977089001080693     
   1.1200000000000006       0.49999871810444413     
   1.1400000000000006       0.49983430684846875     
   1.1600000000000006       0.49927778522033978     
   1.1800000000000006       0.49832958980053943     
   1.2000000000000006       0.49699046443008427     
   1.2200000000000006       0.49526145962699636     
   1.2400000000000007       0.49314393176219196     
   1.2600000000000007       0.49063954199543491     
   1.2800000000000007       0.48775025497218882     
   1.3000000000000007       0.48447833728239026     
   1.3200000000000007       0.48082635568235332     
   1.3400000000000007       0.47679717508119812     
   1.3600000000000008       0.47239395629338521     
   1.3800000000000008       0.46762015355911773     
   1.4000000000000008       0.46247951183455616     
   1.4200000000000008       0.45697606385397305     
   1.4400000000000008       0.45111412696615000     
   1.4600000000000009       0.44489829974750167     
   1.4800000000000009       0.43833345839458071     
   1.5000000000000009       0.43142475289879567     
   1.5200000000000009       0.42417760300634244     
   1.5400000000000009       0.41659769396651736     
   1.5600000000000009       0.40869097207174943     
   1.5800000000000010       0.40046363999284812     
   1.6000000000000010       0.39192215191312790     
   1.6200000000000010       0.38307320846522608     
   1.6400000000000010       0.37392375147458556     
   1.6600000000000010       0.36448095851372658     
   1.6800000000000010       0.35475223727158023     
   1.7000000000000011       0.34474521974229833     
   1.7200000000000011       0.33446775623810199     
   1.7400000000000011       0.32392790923086279     
   1.7600000000000011       0.31313394702724912     
   1.7800000000000011       0.30209433728239937     
   1.8000000000000012       0.29081774035720948     
   1.8200000000000012       0.27931300252444696     
   1.8400000000000012       0.26758914902902065     
   1.8600000000000012       0.25565537700784985     
   1.8800000000000012       0.24352104827488869     
   1.9000000000000012       0.23119568197696255     
   1.9200000000000013       0.21868894712618162     
   1.9400000000000013       0.20601065501478724     
   1.9600000000000013       0.19317075151838253     
   1.9800000000000013       0.18017930929358472     
   2.0000000000000013       0.16704651987622032     
   2.0200000000000014       0.15378268568626197     
   2.0400000000000014       0.14039821194577851     
   2.0600000000000014       0.12690359851623911     
   2.0800000000000014       0.11330943166157435     
   2.1000000000000014        9.9626375743457007E-002
   2.1200000000000014        8.5865164855314924E-002
   2.1400000000000015        7.2036594401642534E-002
   2.1600000000000015        5.8151512629214128E-002
   2.1800000000000015        4.4220812116843464E-002
   2.2000000000000015        3.0255421230365835E-002
   2.2200000000000015        1.6266295549545846E-002
   2.2400000000000015        2.2644092736364392E-003
   2.2600000000000016       -1.1739253387668744E-002
   2.2800000000000016       -2.5733706831136204E-002
   2.3000000000000016       -3.9707972677985537E-002
   2.3200000000000016       -5.3651088386217127E-002
   2.3400000000000016       -6.7552115850514030E-002
   2.3600000000000017       -8.1400149982974790E-002
   2.3800000000000017       -9.5184327267944568E-002
   2.4000000000000017      -0.10889383428423360     
   2.4200000000000017      -0.12251791618803758     
   2.4400000000000017      -0.13604588514990507     
   2.4600000000000017      -0.14946712873913370     
   2.4800000000000018      -0.16277111824901741     
   2.5000000000000018      -0.17594741695641297     
   2.5200000000000018      -0.18898568830914925     
   2.5400000000000018      -0.20187570403485214     
   2.5600000000000018      -0.21460735216482721     
   2.5800000000000018      -0.22717064496670400     
   2.6000000000000019      -0.23955572677961945     
   2.6200000000000019      -0.25175288174579374     
   2.6400000000000019      -0.26375254143243326     
   2.6600000000000019      -0.27554529233798170     
   2.6800000000000019      -0.28712188327683025     
   2.7000000000000020      -0.29847323263669462     
   2.7200000000000020      -0.30959043550296372     
   2.7400000000000020      -0.32046477064443485     
   2.7600000000000020      -0.33108770735495036     
   2.7800000000000020      -0.34145091214557222     
   2.8000000000000020      -0.35154625528204358     
   2.8200000000000021      -0.36136581716240834     
   2.8400000000000021      -0.37090189452978606     
   2.8600000000000021      -0.38014700651542865     
   2.8800000000000021      -0.38909390050731685     
   2.9000000000000021      -0.39773555783969583     
   2.9200000000000021      -0.40606519929908147     
   2.9400000000000022      -0.41407629044242411     
   2.9600000000000022      -0.42176254672325164     
   2.9800000000000022      -0.42911793842177642     
   3.0000000000000022      -0.43613669537509281     
   3.0200000000000022      -0.44281331150375919     
   3.0400000000000023      -0.44914254913121188     
   3.0600000000000023      -0.45511944309261970     
   3.0800000000000023      -0.46073930462996188     
   3.1000000000000023      -0.46599772507026643     
   3.1200000000000023      -0.47089057928413075     
   3.1400000000000023      -0.47541402892180462     
   3.1600000000000024      -0.47956452542430278     
   3.1800000000000024      -0.48333881280717994     
   3.2000000000000024      -0.48673393021478856     
   3.2200000000000024      -0.48974721424301265     
   3.2400000000000024      -0.49237630102865665     
   3.2600000000000025      -0.49461912810385139     
   3.2800000000000025      -0.49647393601401923     
   3.3000000000000025      -0.49793926969813312     
   3.3200000000000025      -0.49901397963018346     
   3.3400000000000025      -0.49969722272095918     
   3.3600000000000025      -0.49998846297943506     
   3.3800000000000026      -0.49988747193324612     
   3.4000000000000026      -0.49939432880792012     
   3.4200000000000026      -0.49850942046472635     
   3.4400000000000026      -0.49723344109719053     
   3.4600000000000026      -0.49556739168651354     
   3.4800000000000026      -0.49351257921632063     
   3.5000000000000027      -0.49107061564735843     
   3.5200000000000027      -0.48824341665294230     
   3.5400000000000027      -0.48503320011614826     
   3.5600000000000027      -0.48144248438992554     
   3.5800000000000027      -0.47747408632149846     
   3.6000000000000028      -0.47313111904260285     
   3.6200000000000028      -0.46841698952729560     
   3.6400000000000028      -0.46333539591924766     
   3.6600000000000028      -0.45789032463062324     
   3.6800000000000028      -0.45208604721481560     
   3.7000000000000028      -0.44592711701549520     
   3.7200000000000029      -0.43941836559460101     
   3.7400000000000029      -0.43256489894207151     
   3.7600000000000029      -0.42537209347029586     
   3.7800000000000029      -0.41784559179642045     
   3.8000000000000029      -0.40999129831582620     
   3.8200000000000029      -0.40181537457024252     
   3.8400000000000030      -0.39332423441413827     
   3.8600000000000030      -0.38452453898317618     
   3.8800000000000030      -0.37542319146867920     
   3.9000000000000030      -0.36602733170221236     
   3.9200000000000030      -0.35634433055452019     
   3.9400000000000031      -0.34638178415322302     
   3.9600000000000031      -0.33614750792379922     
   3.9800000000000031      -0.32564953045853712     
   4.0000000000000027      -0.31489608721825679     
   4.0200000000000022      -0.30389561407175131     
   4.0400000000000018      -0.29265674067801023     
   4.0600000000000014      -0.28118828371641835     
   4.0800000000000010      -0.26949923997024083     
   4.1000000000000005      -0.25759877926882080     
   4.1200000000000001      -0.24549623729402351     
   4.1399999999999997      -0.23320110825657614     
   4.1599999999999993      -0.22072303744804134     
   4.1799999999999988      -0.20807181367427227     
   4.1999999999999984      -0.19525736157628329     
   4.2199999999999980      -0.18228973384456051     
   4.2399999999999975      -0.16917910333292044     
   4.2599999999999971      -0.15593575507810073     
   4.2799999999999967      -0.14257007823134971     
   4.2999999999999963      -0.12909255790833604     
   4.3199999999999958      -0.11551376696377813     
   4.3399999999999954      -0.10184435769724341     
   4.3599999999999950       -8.8095053496625483E-002
   4.3799999999999946       -7.4276640425851220E-002
   4.3999999999999941       -6.0399958763424376E-002
   4.4199999999999937       -4.6475894498434464E-002
   4.4399999999999933       -3.2515370790708702E-002
   4.4599999999999929       -1.8529339401803863E-002
   4.4799999999999924       -4.5287721035605659E-003
   4.4999999999999920        9.4753479290396441E-003
   4.5199999999999916        2.3472034733964978E-002
   4.5399999999999912        3.7450308180406039E-002
   4.5599999999999907        5.1399202582478432E-002
   4.5799999999999903        6.5307775301591348E-002
   4.5999999999999899        7.9165115330736474E-002
   4.6199999999999894        9.2960351853962092E-002
   4.6399999999999890       0.10668266277432024     
   4.6599999999999886       0.12032128320359040     
   4.6799999999999882       0.13386551390712839     
   4.6999999999999877       0.14730472969720912     
   4.7199999999999873       0.16062838776828142     
   4.7399999999999869       0.17382603596759569     
   4.7599999999999865       0.18688732099471553     
   4.7799999999999860       0.19980199652348410     
   4.7999999999999856       0.21255993124006664     
   4.8199999999999852       0.22515111679077263     
   4.8399999999999848       0.23756567563341552     
   4.8599999999999843       0.24979386878605431     
   4.8799999999999839       0.26182610346703683     
   4.8999999999999835       0.27365294062035167     
   4.9199999999999831       0.28526510232038688     
   4.9399999999999826       0.29665347905028161     
   4.9599999999999822       0.30780913684816769     
   4.9799999999999818       0.31872332431569006     
   4.9999999999999813       0.32938747948330999     
   5.0199999999999809       0.33979323652700466     
   5.0399999999999805       0.34993243233109622     
   5.0599999999999801       0.35979711289205629     
   5.0799999999999796       0.36937953955826985     
   5.0999999999999792       0.37867219510085781     
   5.1199999999999788       0.38766778961079790     
   5.1399999999999784       0.39635926621771789     
   5.1599999999999779       0.40473980662587394     
   5.1799999999999775       0.41280283646297300     
   5.1999999999999771       0.42054203043763971     
   5.2199999999999767       0.42795131730148633     
   5.2399999999999762       0.43502488461188982     
   5.2599999999999758       0.44175718329174107     
   5.2799999999999754       0.44814293198258826     
   5.2999999999999750       0.45417712118776199     
   5.3199999999999745       0.45985501720222727     
   5.3399999999999741       0.46517216582608473     
   5.3599999999999737       0.47012439585880422     
   5.3799999999999732       0.47470782237145126     
   5.3999999999999728       0.47891884975433879     
   5.4199999999999724       0.48275417453771363     
   5.4399999999999720       0.48621078798326506     
   5.4599999999999715       0.48928597844442134     
   5.4799999999999711       0.49197733349358469     
   5.4999999999999707       0.49428274181463400     
   5.5199999999999703       0.49620039485921169     
   5.5399999999999698       0.49772878826549483     
   5.5599999999999694       0.49886672303833829     
   5.5799999999999690       0.49961330648986296     
   5.5999999999999686       0.49996795293975238     
   5.6199999999999681       0.49993038417470753     
   5.6399999999999677       0.49950062966669989     
   5.6599999999999673       0.49867902654985130     
   5.6799999999999669       0.49746621935595858     
   5.6999999999999664       0.49586315950887083     
   5.7199999999999660       0.49387110457811573     
   5.7399999999999656       0.49149161729236091     
   5.7599999999999651       0.48872656431348271     
   5.7799999999999647       0.48557811477220625     
   5.7999999999999643       0.48204873856646496     
   5.8199999999999639       0.47814120442381181     
   5.8399999999999634       0.47385857772940770     
   5.8599999999999630       0.46920421812128399     
   5.8799999999999626       0.46418177685477346     
   5.8999999999999622       0.45879519393816881     
   5.9199999999999617       0.45304869504186313     
   5.9399999999999613       0.44694678818339401     
   5.9599999999999609       0.44049426019098825     
   5.9799999999999605       0.43369617294839047     
   5.9999999999999600       0.42655785942391017     
   6.0199999999999596       0.41908491948681215     
   6.0399999999999592       0.41128321551432845     
   6.0599999999999588       0.40315886779273324     
   6.0799999999999583       0.39471824971610042     
   6.0999999999999579       0.38596798278649447     
   6.1199999999999575       0.37691493141953408     
   6.1399999999999570       0.36756619755938713     
   6.1599999999999566       0.35792911510743353     
   6.1799999999999562       0.34801124416896334     
   6.1999999999999558       0.33782036512241537     
   6.2199999999999553       0.32736447251582568     
   6.2399999999999549       0.31665176879525359     
   6.2599999999999545       0.30569065787012623     
   6.2799999999999541       0.29448973852052895     
   6.2999999999999536       0.28305779765163036     
   6.3199999999999532       0.27140380340052672     
   6.3399999999999528       0.25953689810090658     
   6.3599999999999524       0.24746639111107185     
   6.3799999999999519       0.23520175151092024     
   6.3999999999999515       0.22275260067364036     
   6.4199999999999511       0.21012870471792505     
   6.4399999999999507       0.19733996684664176     
   6.4599999999999502       0.18439641957796338     
   6.4799999999999498       0.17130821687504558     
   6.4999999999999494       0.15808562618044519     
   6.5199999999999489       0.14473902036150288     
   6.5399999999999485       0.13127886957303553     
   6.5599999999999481       0.11771573304369586     
   6.5799999999999477       0.10406025079246377     
   6.5999999999999472        9.0323135281759212E-002
   6.6199999999999468        7.6515163013716109E-002
   6.6399999999999464        6.2647166076231178E-002
   6.6599999999999460        4.8730023645393861E-002
   6.6799999999999455        3.4774653450985113E-002
   6.6999999999999451        2.0792003211731684E-002
   6.7199999999999447        6.7930420470257409E-003
   6.7399999999999443       -7.2112481281306155E-003
   6.7599999999999438       -2.1209881218232932E-002
   6.7799999999999434       -3.5191875565647304E-002
   6.7999999999999430       -4.9146262565515179E-002
   6.8199999999999426       -6.3062095270409610E-002
   6.8399999999999421       -7.6928456978001727E-002
   6.8599999999999417       -9.0734469795009279E-002
   6.8799999999999413      -0.10446930317068708     
   6.8999999999999408      -0.11812218239319214     
   6.9199999999999404      -0.13168239704213028     
   6.9399999999999400      -0.14513930939068045     
   6.9599999999999396      -0.15848236275068364     
   6.9799999999999391      -0.17170108975415838     
   6.9999999999999387      -0.18478512056475521     
   7.0199999999999383      -0.19772419101268635     
   7.0399999999999379      -0.21050815064677564     
   7.0599999999999374      -0.22312697069728507     
   7.0799999999999370      -0.23557075194329696     
   7.0999999999999366      -0.24782973247845930     
   7.1199999999999362      -0.25989429536901065     
   7.1399999999999357      -0.27175497619808464     
   7.1599999999999353      -0.28340247049035633     
   7.1799999999999349      -0.29482764101122894     
   7.1999999999999345      -0.30602152493481560     
   7.2199999999999340      -0.31697534087510176     
   7.2399999999999336      -0.32768049577477748     
   7.2599999999999332      -0.33812859164632014     
   7.2799999999999327      -0.34831143216005855     
   7.2999999999999323      -0.35822102907403075     
   7.3199999999999319      -0.36784960850060977     
   7.3399999999999315      -0.37718961700496684     
   7.3599999999999310      -0.38623372753059348     
   7.3799999999999306      -0.39497484514724013     
   7.3999999999999302      -0.40340611261674753     
   7.4199999999999298      -0.41152091577242200     
   7.4399999999999293      -0.41931288870771766     
   7.4599999999999289      -0.42677591877017085     
   7.4799999999999285      -0.43390415135665633     
   7.4999999999999281      -0.44069199450620938     
   7.5199999999999276      -0.44713412328681429     
   7.5399999999999272      -0.45322548397270751     
   7.5599999999999268      -0.45896129800893126     
   7.5799999999999264      -0.46433706576001454     
   7.5999999999999259      -0.46934857003985297     
   7.6199999999999255      -0.47399187942000892     
   7.6399999999999251      -0.47826335131384035     
   7.6599999999999246      -0.48215963483404173     
   7.6799999999999242      -0.48567767342134849     
   7.6999999999999238      -0.48881470724235054     
   7.7199999999999234      -0.49156827535452696     
   7.7399999999999229      -0.49393621763680895     
   7.7599999999999225      -0.49591667648415261     
   7.7799999999999221      -0.49750809826479409     
   7.7999999999999217      -0.49870923453904453     
   7.8199999999999212      -0.49951914303866585     
   7.8399999999999208      -0.49993718840606305     
   7.8599999999999204      -0.49996304269270930     
   7.8799999999999200      -0.49959668561641535     
   7.8999999999999195      -0.49883840457724071     
   7.9199999999999191      -0.49768879443203384     
   7.9399999999999187      -0.49614875702777805     
   7.9599999999999183      -0.49421950049411051     
   7.9799999999999178      -0.49190253829556746     
   7.9999999999999174      -0.48919968804430031     
   8.0199999999999179      -0.48611307007419452     
   8.0399999999999174      -0.48264510577750863     
   8.0599999999999170      -0.47879851570533738     
   8.0799999999999166      -0.47457631743339407     
   8.0999999999999162      -0.46998182319477827     
   8.1199999999999157      -0.46501863728159504     
   8.1399999999999153      -0.45969065321745523     
   8.1599999999999149      -0.45400205070308342     
   8.1799999999999145      -0.44795729233742143     
   8.1999999999999140      -0.44156112011680609     
   8.2199999999999136      -0.43481855171496614     
   8.2399999999999132      -0.42773487654675102     
   8.2599999999999127      -0.42031565161869028     
   8.2799999999999123      -0.41256669716962568     
   8.2999999999999119      -0.40449409210484988     
   8.3199999999999115      -0.39610416922731889     
   8.3399999999999110      -0.38740351026969189     
   8.3599999999999106      -0.37839894073109065     
   8.3799999999999102      -0.36909752452262307     
   8.3999999999999098      -0.35950655842588602     
   8.4199999999999093      -0.34963356636877652     
   8.4399999999999089      -0.33948629352311738     
   8.4599999999999085      -0.32907270022872120     
   8.4799999999999081      -0.31840095574865268     
   8.4999999999999076      -0.30747943186060495     
   8.5199999999999072      -0.29631669628939572     
   8.5399999999999068      -0.28492150598575805     
   8.5599999999999064      -0.27330280025667658     
   8.5799999999999059      -0.26146969375267565     
   8.5999999999999055      -0.24943146931755411     
   8.6199999999999051      -0.23719757070616809     
   8.6399999999999046      -0.22477759517599355     
   8.6599999999999042      -0.21218128595825692     
   8.6799999999999038      -0.19941852461456416     
   8.6999999999999034      -0.18649932328500099     
   8.7199999999999029      -0.17343381683380424     
   8.7399999999999025      -0.16023225489875909     
   8.7599999999999021      -0.14690499385054995     
   8.7799999999999017      -0.13346248866839422     
   8.7999999999999012      -0.11991528473830602     
   8.8199999999999008      -0.10627400958045101     
   8.8399999999999004       -9.2549364512055865E-002
   8.8599999999999000       -7.8752116252433904E-002
   8.8799999999998995       -6.4893088476704122E-002
   8.8999999999998991       -5.0983153324820681E-002
   8.9199999999998987       -3.7033222872595889E-002
   8.9399999999998983       -2.3054240571380138E-002
   8.9599999999998978       -9.0571726631424928E-003
   8.9799999999998974        4.9470004223407787E-003
   8.9999999999998970        1.8947292681418926E-002
   9.0199999999998965        3.2932721154871988E-002
   9.0399999999998961        4.6892314543836668E-002
   9.0599999999998957        6.0815121816571546E-002
   9.0799999999998953        7.4690220799336446E-002
   9.0999999999998948        8.8506726744624439E-002
   9.1199999999998944       0.10225380087003359     
   9.1399999999998940       0.11592065886108886     
   9.1599999999998936       0.12949657933132180     
   9.1799999999998931       0.14297091223299838     
   9.1999999999998927       0.15633308721186906     
   9.2199999999998923       0.16957262189941386     
   9.2399999999998919       0.18267913013605563     
   9.2599999999998914       0.19564233011889948     
   9.2799999999998910       0.20845205246761450     
   9.2999999999998906       0.22109824820211008     
   9.3199999999998902       0.23357099662577327     
   9.3399999999998897       0.24586051310805757     
   9.3599999999998893       0.25795715676034242     
   9.3799999999998889       0.26985143799902195     
   9.3999999999998884       0.28153402598989796     
   9.4199999999998880       0.29299575596804484     
   9.4399999999998876       0.30422763642738448     
   9.4599999999998872       0.31522085617435586     
   9.4799999999998867       0.32596679124011996     
   9.4999999999998863       0.33645701164590253     
   9.5199999999998859       0.34668328801614728     
   9.5399999999998855       0.35663759803430051     
   9.5599999999998850       0.36631213273616819     
   9.5799999999998846       0.37569930263589274     
   9.5999999999998842       0.38479174367976254     
   9.6199999999998838       0.39358232302316820     
   9.6399999999998833       0.40206414462617973     
   9.6599999999998829       0.41023055466336106     
   9.6799999999998825       0.41807514674356322     
   9.6999999999998820       0.42559176693561873     
   9.7199999999998816       0.43277451859597810     
   9.7399999999998812       0.43961776699451616     
   9.7599999999998808       0.44611614373486763     
   9.7799999999998803       0.45226455096582963     
   9.7999999999998799       0.45805816538053007     
   9.8199999999998795       0.46349244200021600     
   9.8399999999998791       0.46856311773970460     
   9.8599999999998786       0.47326621475168856     
   9.8799999999998782       0.47759804354728286     
   9.8999999999998778       0.48155520589035650     
   9.9199999999998774       0.48513459746338267     
   9.9399999999998769       0.48833341030271754     
   9.9599999999998765       0.49114913500139185     
   9.9799999999998761       0.49357956267769387     
   9.9999999999998757       0.49562278670799309     
   10.019999999999875       0.49727720422245064     
