   0.0000000000000000       -1.0000000000000000     
   1.0000000000000000E-002 -0.99995974739115545     
   2.0000000000000000E-002 -0.99983801016406770     
   2.9999999999999999E-002 -0.99963338742178975     
   4.0000000000000001E-002 -0.99934456484503109     
   5.0000000000000003E-002 -0.99897030977726620     
   6.0000000000000005E-002 -0.99850946662611406     
   7.0000000000000007E-002 -0.99796095256076123     
   8.0000000000000002E-002 -0.99732375348649260     
   8.9999999999999997E-002 -0.99659692027860070     
   9.9999999999999992E-002 -0.99577956525907418     
  0.10999999999999999      -0.99487085890052340     
  0.11999999999999998      -0.99387002674278757     
  0.12999999999999998      -0.99277634650859625     
  0.13999999999999999      -0.99158914540552201     
  0.14999999999999999      -0.99030779760227283     
  0.16000000000000000      -0.98893172186813127     
  0.17000000000000001      -0.98746037936505937     
  0.18000000000000002      -0.98589327158265239     
  0.19000000000000003      -0.98422993840674899     
  0.20000000000000004      -0.98246995631308909     
  0.21000000000000005      -0.98061293667795602     
  0.22000000000000006      -0.97865852419825361     
  0.23000000000000007      -0.97660639541394734     
  0.24000000000000007      -0.97445625732624819     
  0.25000000000000006      -0.97220784610533895     
  0.26000000000000006      -0.96986092588183614     
  0.27000000000000007      -0.96741528761655182     
  0.28000000000000008      -0.96487074804346318     
  0.29000000000000009      -0.96222714868112369     
  0.30000000000000010      -0.95948435490805239     
  0.31000000000000011      -0.95664225509792244     
  0.32000000000000012      -0.95370075981063618     
  0.33000000000000013      -0.95065980103562420     
  0.34000000000000014      -0.94751933148393841     
  0.35000000000000014      -0.94427932392592939     
  0.36000000000000015      -0.94093977057150313     
  0.37000000000000016      -0.93750068249014262     
  0.38000000000000017      -0.93396208906806244     
  0.39000000000000018      -0.93032403750003112     
  0.40000000000000019      -0.92658659231355389     
  0.41000000000000020      -0.92274983492325757     
  0.42000000000000021      -0.91881386321345593     
  0.43000000000000022      -0.91477879114700489     
  0.44000000000000022      -0.91064474839867793     
  0.45000000000000023      -0.90641188001140505     
  0.46000000000000024      -0.90208034607382626     
  0.47000000000000025      -0.89765032141770906     
  0.48000000000000026      -0.89312199533387360     
  0.49000000000000027      -0.88849557130535550     
  0.50000000000000022      -0.88377126675661932     
  0.51000000000000023      -0.87894931281771127     
  0.52000000000000024      -0.87402995410231221     
  0.53000000000000025      -0.86901344849871764     
  0.54000000000000026      -0.86390006697283639     
  0.55000000000000027      -0.85869009338235658     
  0.56000000000000028      -0.85338382430128279     
  0.57000000000000028      -0.84798156885410148     
  0.58000000000000029      -0.84248364855887703     
  0.59000000000000030      -0.83689039717862890     
  0.60000000000000031      -0.83120216058038032     
  0.61000000000000032      -0.82541929660130975     
  0.62000000000000033      -0.81954217492147230     
  0.63000000000000034      -0.81357117694259440     
  0.64000000000000035      -0.80750669567247590     
  0.65000000000000036      -0.80134913561456433     
  0.66000000000000036      -0.79509891266229515     
  0.67000000000000037      -0.78875645399781824     
  0.68000000000000038      -0.78232219799475411     
  0.69000000000000039      -0.77579659412464919     
  0.70000000000000040      -0.76918010286681859     
  0.71000000000000041      -0.76247319562128735     
  0.72000000000000042      -0.75567635462455851     
  0.73000000000000043      -0.74879007286795463     
  0.74000000000000044      -0.74181485401829705     
  0.75000000000000044      -0.73475121234070107     
  0.76000000000000045      -0.72759967262328040     
  0.77000000000000046      -0.72036077010356947     
  0.78000000000000047      -0.71303505039648174     
  0.79000000000000048      -0.70562306942363695     
  0.80000000000000049      -0.69812539334390045     
  0.81000000000000050      -0.69054259848498722     
  0.82000000000000051      -0.68287527127599468     
  0.83000000000000052      -0.67512400818073603     
  0.84000000000000052      -0.66728941563175581     
  0.85000000000000053      -0.65937210996491558     
  0.86000000000000054      -0.65137271735444713     
  0.87000000000000055      -0.64329187374837615     
  0.88000000000000056      -0.63513022480422621     
  0.89000000000000057      -0.62688842582491977     
  0.90000000000000058      -0.61856714169479754     
  0.91000000000000059      -0.61016704681568346     
  0.92000000000000060      -0.60168882504292820     
  0.93000000000000060      -0.59313316962136720     
  0.94000000000000061      -0.58450078312113540     
  0.95000000000000062      -0.57579237737328437     
  0.96000000000000063      -0.56700867340514982     
  0.97000000000000064      -0.55815040137542438     
  0.98000000000000065      -0.54921830050889076     
  0.99000000000000066      -0.54021311903077551     
   1.0000000000000007      -0.53113561410068555     
   1.0100000000000007      -0.52198655174609265     
   1.0200000000000007      -0.51276670679533476     
   1.0300000000000007      -0.50347686281010351     
   1.0400000000000007      -0.49411781201739102     
   1.0500000000000007      -0.48469035524087117     
   1.0600000000000007      -0.47519530183169145     
   1.0700000000000007      -0.46563346959865470     
   1.0800000000000007      -0.45600568473777137     
   1.0900000000000007      -0.44631278176116390     
   1.1000000000000008      -0.43655560342530753     
   1.1100000000000008      -0.42673500065859254     
   1.1200000000000008      -0.41685183248819446     
   1.1300000000000008      -0.40690696596624032     
   1.1400000000000008      -0.39690127609525983     
   1.1500000000000008      -0.38683564575291185     
   1.1600000000000008      -0.37671096561597778     
   1.1700000000000008      -0.36652813408361351     
   1.1800000000000008      -0.35628805719985390     
   1.1900000000000008      -0.34599164857536363     
   1.2000000000000008      -0.33563982930842950     
   1.2100000000000009      -0.32523352790519022     
   1.2200000000000009      -0.31477368019909974     
   1.2300000000000009      -0.30426122926962196     
   1.2400000000000009      -0.29369712536015469     
   1.2500000000000009      -0.28308232579518089     
   1.2600000000000009      -0.27241779489664719     
   1.2700000000000009      -0.26170450389956873     
   1.2800000000000009      -0.25094343086686094     
   1.2900000000000009      -0.24013556060339894     
   1.3000000000000009      -0.22928188456930584     
   1.3100000000000009      -0.21838340079247159     
   1.3200000000000010      -0.20744111378030447     
   1.3300000000000010      -0.19645603443071782     
   1.3400000000000010      -0.18542917994235500     
   1.3500000000000010      -0.17436157372405556     
   1.3600000000000010      -0.16325424530356664     
   1.3700000000000010      -0.15210823023550327     
   1.3800000000000010      -0.14092457000856196     
   1.3900000000000010      -0.12970431195199211     
   1.4000000000000010      -0.11844850914133032     
   1.4100000000000010      -0.10715822030340220     
   1.4200000000000010       -9.5834509720597816E-002
   1.4300000000000010       -8.4478447134425746E-002
   1.4400000000000011       -7.3091107648352097E-002
   1.4500000000000011       -6.1673571629930347E-002
   1.4600000000000011       -5.0226924612228455E-002
   1.4700000000000011       -3.8752257194559797E-002
   1.4800000000000011       -2.7250664942524615E-002
   1.4900000000000011       -1.5723248287368978E-002
   1.5000000000000011       -4.1711124246684005E-003
   1.5100000000000011        7.4046327876566304E-003
   1.5200000000000011        1.9002872931985628E-002
   1.5300000000000011        3.0622489134296028E-002
   1.5400000000000011        4.2262358168106147E-002
   1.5500000000000012        5.3921352559055245E-002
   1.5600000000000012        6.5598340690112555E-002
   1.5700000000000012        7.7292186907406996E-002
   1.5800000000000012        8.9001751626669179E-002
   1.5900000000000012       0.10072589144027702     
   1.6000000000000012       0.11246345922489653     
   1.6100000000000012       0.12421330424970863     
   1.6200000000000012       0.13597427228521330     
   1.6300000000000012       0.14774520571260197     
   1.6400000000000012       0.15952494363368866     
   1.6500000000000012       0.17131232198139101     
   1.6600000000000013       0.18310617363075152     
   1.6700000000000013       0.19490532851048942     
   1.6800000000000013       0.20670861371507371     
   1.6900000000000013       0.21851485361730749     
   1.7000000000000013       0.23032286998141380     
   1.7100000000000013       0.24213148207661295     
   1.7200000000000013       0.25393950679118138     
   1.7300000000000013       0.26574575874698203     
   1.7400000000000013       0.27754905041445538     
   1.7500000000000013       0.28934819222806185     
   1.7600000000000013       0.30114199270216413     
   1.7700000000000014       0.31292925854733955     
   1.7800000000000014       0.32470879478711173     
   1.7900000000000014       0.33647940487509082     
   1.8000000000000014       0.34823989081251155     
   1.8100000000000014       0.35998905326615832     
   1.8200000000000014       0.37172569168666619     
   1.8300000000000014       0.38344860442718731     
   1.8400000000000014       0.39515658886241106     
   1.8500000000000014       0.40684844150792709     
   1.8600000000000014       0.41852295813992002     
   1.8700000000000014       0.43017893391518469     
   1.8800000000000014       0.44181516349145000     
   1.8900000000000015       0.45343044114800052     
   1.9000000000000015       0.46502356090658420     
   1.9100000000000015       0.47659331665259441     
   1.9200000000000015       0.48813850225651484     
   1.9300000000000015       0.49965791169561546     
   1.9400000000000015       0.51115033917588815     
   1.9500000000000015       0.52261457925420951     
   1.9600000000000015       0.53404942696071944     
   1.9700000000000015       0.54545367792140365     
   1.9800000000000015       0.55682612848086765     
   1.9900000000000015       0.56816557582529026     
   2.0000000000000013       0.57947081810554535     
   2.0100000000000011       0.59074065456047786     
   2.0200000000000009       0.60197388564032395     
   2.0300000000000007       0.61316931313026157     
   2.0400000000000005       0.62432574027407961     
   2.0500000000000003       0.63544197189795326     
   2.0600000000000001       0.64651681453431309     
   2.0699999999999998       0.65754907654579553     
   2.0799999999999996       0.66853756824926180     
   2.0899999999999994       0.67948110203987333     
   2.0999999999999992       0.69037849251521066     
   2.1099999999999990       0.70122855659942329     
   2.1199999999999988       0.71203011366739755     
   2.1299999999999986       0.72278198566893037     
   2.1399999999999983       0.73348299725289545     
   2.1499999999999981       0.74413197589138935     
   2.1599999999999979       0.75472775200384512     
   2.1699999999999977       0.76526915908109927     
   2.1799999999999975       0.77575503380940081     
   2.1899999999999973       0.78618421619434808     
   2.1999999999999971       0.79655554968474129     
   2.2099999999999969       0.80686788129633713     
   2.2199999999999966       0.81712006173549268     
   2.2299999999999964       0.82731094552268547     
   2.2399999999999962       0.83743939111589683     
   2.2499999999999960       0.84750426103384502     
   2.2599999999999958       0.85750442197905530     
   2.2699999999999956       0.86743874496075346     
   2.2799999999999954       0.87730610541757015     
   2.2899999999999952       0.88710538334004208     
   2.2999999999999949       0.89683546339289744     
   2.3099999999999947       0.90649523503711182     
   2.3199999999999945       0.91608359265172190     
   2.3299999999999943       0.92559943565538327     
   2.3399999999999941       0.93504166862765903     
   2.3499999999999939       0.94440920143002582     
   2.3599999999999937       0.95370094932658445     
   2.3699999999999934       0.96291583310446138     
   2.3799999999999932       0.97205277919388755     
   2.3899999999999930       0.98111071978794173     
   2.3999999999999928       0.99008859296194451     
   2.4099999999999926       0.99898534279249018     
   2.4199999999999924        1.0077999194761023     
   2.4299999999999922        1.0165312794475005     
   2.4399999999999920        1.0251783854974650     
   2.4499999999999917        1.0337402068902839     
   2.4599999999999915        1.0422157194807735     
   2.4699999999999913        1.0506039058308538     
   2.4799999999999911        1.0589037553256697     
   2.4899999999999909        1.0671142642892417     
   2.4999999999999907        1.0752344360996358     
   2.5099999999999905        1.0832632813036351     
   2.5199999999999902        1.0911998177309055     
   2.5299999999999900        1.0990430706076355     
   2.5399999999999898        1.1067920726696432     
   2.5499999999999896        1.1144458642749329     
   2.5599999999999894        1.1220034935156906     
   2.5699999999999892        1.1294640163297032     
   2.5799999999999890        1.1368264966111903     
   2.5899999999999888        1.1440900063210340     
   2.5999999999999885        1.1512536255963941     
   2.6099999999999883        1.1583164428596957     
   2.6199999999999881        1.1652775549269763     
   2.6299999999999879        1.1721360671155783     
   2.6399999999999877        1.1788910933511763     
   2.6499999999999875        1.1855417562741237     
   2.6599999999999873        1.1920871873451069     
   2.6699999999999871        1.1985265269500949     
   2.6799999999999868        1.2048589245045698     
   2.6899999999999866        1.2110835385570278     
   2.6999999999999864        1.2171995368917350     
   2.7099999999999862        1.2232060966307290     
   2.7199999999999860        1.2291024043350498     
   2.7299999999999858        1.2348876561051911     
   2.7399999999999856        1.2405610576807569     
   2.7499999999999853        1.2461218245393118     
   2.7599999999999851        1.2515691819944139     
   2.7699999999999849        1.2569023652928166     
   2.7799999999999847        1.2621206197108259     
   2.7899999999999845        1.2672232006498052     
   2.7999999999999843        1.2722093737308111     
   2.8099999999999841        1.2770784148883503     
   2.8199999999999839        1.2818296104632463     
   2.8299999999999836        1.2864622572946021     
   2.8399999999999834        1.2909756628108489     
   2.8499999999999832        1.2953691451198688     
   2.8599999999999830        1.2996420330981788     
   2.8699999999999828        1.3037936664791658     
   2.8799999999999826        1.3078233959403609     
   2.8899999999999824        1.3117305831897415     
   2.8999999999999821        1.3155146010510499     
   2.9099999999999819        1.3191748335481184     
   2.9199999999999817        1.3227106759881875     
   2.9299999999999815        1.3261215350442088     
   2.9399999999999813        1.3294068288361205     
   2.9499999999999811        1.3325659870110853     
   2.9599999999999809        1.3355984508226793     
   2.9699999999999807        1.3385036732090223     
   2.9799999999999804        1.3412811188698393     
   2.9899999999999802        1.3439302643424416     
   2.9999999999999800        1.3464505980766190     
   3.0099999999999798        1.3488416205084326     
   3.0199999999999796        1.3511028441328965     
   3.0299999999999794        1.3532337935755423     
   3.0399999999999792        1.3552340056628538     
   3.0499999999999790        1.3571030294915627     
   3.0599999999999787        1.3588404264967979     
   3.0699999999999785        1.3604457705190771     
   3.0799999999999783        1.3619186478701319     
   3.0899999999999781        1.3632586573975589     
   3.0999999999999779        1.3644654105482863     
   3.1099999999999777        1.3655385314308484     
   3.1199999999999775        1.3664776568764587     
   3.1299999999999772        1.3672824364988743     
   3.1399999999999770        1.3679525327530417     
   3.1499999999999768        1.3684876209925183     
   3.1599999999999766        1.3688873895256584     
   3.1699999999999764        1.3691515396705598     
   3.1799999999999762        1.3692797858087602     
   3.1899999999999760        1.3692718554376775     
   3.1999999999999758        1.3691274892217862     
   3.2099999999999755        1.3688464410425232     
   3.2199999999999753        1.3684284780469151     
   3.2299999999999751        1.3678733806949217     
   3.2399999999999749        1.3671809428054873     
   3.2499999999999747        1.3663509716012947     
   3.2599999999999745        1.3653832877522147     
   3.2699999999999743        1.3642777254174454     
   3.2799999999999740        1.3630341322863353     
   3.2899999999999738        1.3616523696178839     
   3.2999999999999736        1.3601323122789148     
   3.3099999999999734        1.3584738487809160     
   3.3199999999999732        1.3566768813155403     
   3.3299999999999730        1.3547413257887633     
   3.3399999999999728        1.3526671118536922     
   3.3499999999999726        1.3504541829420211     
   3.3599999999999723        1.3481024962941284     
   3.3699999999999721        1.3456120229878115     
   3.3799999999999719        1.3429827479656549     
   3.3899999999999717        1.3402146700610276     
   3.3999999999999715        1.3373078020227047     
   3.4099999999999713        1.3342621705381124     
   3.4199999999999711        1.3310778162551886     
   3.4299999999999708        1.3277547938028600     
   3.4399999999999706        1.3242931718101294     
   3.4499999999999704        1.3206930329237709     
   3.4599999999999702        1.3169544738246322     
   3.4699999999999700        1.3130776052425372     
   3.4799999999999698        1.3090625519697912     
   3.4899999999999696        1.3049094528732810     
   3.4999999999999694        1.3006184609051739     
   3.5099999999999691        1.2961897431122074     
   3.5199999999999689        1.2916234806435722     
   3.5299999999999687        1.2869198687573851     
   3.5399999999999685        1.2820791168257495     
   3.5499999999999683        1.2771014483384042     
   3.5599999999999681        1.2719871009049579     
   3.5699999999999679        1.2667363262557074     
   3.5799999999999677        1.2613493902410424     
   3.5899999999999674        1.2558265728294311     
   3.5999999999999672        1.2501681681039902     
   3.6099999999999670        1.2443744842576374     
   3.6199999999999668        1.2384458435868251     
   3.6299999999999666        1.2323825824838570     
   3.6399999999999664        1.2261850514277872     
   3.6499999999999662        1.2198536149739008     
   3.6599999999999659        1.2133886517417785     
   3.6699999999999657        1.2067905544019433     
   3.6799999999999655        1.2000597296610924     
   3.6899999999999653        1.1931965982459132     
   3.6999999999999651        1.1862015948854849     
   3.7099999999999649        1.1790751682922680     
   3.7199999999999647        1.1718177811416806     
   3.7299999999999645        1.1644299100502649     
   3.7399999999999642        1.1569120455524442     
   3.7499999999999640        1.1492646920758733     
   3.7599999999999638        1.1414883679153816     
   3.7699999999999636        1.1335836052055135     
   3.7799999999999634        1.1255509498916672     
   3.7899999999999632        1.1173909616998323     
   3.7999999999999630        1.1091042141049319     
   3.8099999999999627        1.1006912942977671     
   3.8199999999999625        1.0921528031505714     
   3.8299999999999623        1.0834893551811728     
   3.8399999999999621        1.0747015785157694     
   3.8499999999999619        1.0657901148503204     
   3.8599999999999617        1.0567556194105552     
   3.8699999999999615        1.0475987609106037     
   3.8799999999999613        1.0383202215102505     
   3.8899999999999610        1.0289206967708180     
   3.8999999999999608        1.0194008956096783     
   3.9099999999999606        1.0097615402534013     
   3.9199999999999604        1.0000033661895391     
   3.9299999999999602       0.99012712211705300     
   3.9399999999999600       0.98013356989538403     
   3.9499999999999598       0.97002348449217335     
   3.9599999999999596       0.95979765392963468     
   3.9699999999999593       0.94945687922958344     
   3.9799999999999591       0.93900197435712629     
   3.9899999999999589       0.92843376616301543     
   3.9999999999999587       0.91775309432467145     
   4.0099999999999589       0.90696081128587969     
   4.0199999999999587       0.89605778219516330     
   4.0299999999999585       0.88504488484283861     
   4.0399999999999583       0.87392300959675673     
   4.0499999999999581       0.86269305933673557     
   4.0599999999999579       0.85135594938768777     
   4.0699999999999577       0.83991260745144858     
   4.0799999999999574       0.82836397353730862     
   4.0899999999999572       0.81671099989125628     
   4.0999999999999570       0.80495465092393537     
   4.1099999999999568       0.79309590313732159     
   4.1199999999999566       0.78113574505012462     
   4.1299999999999564       0.76907517712191908     
   4.1399999999999562       0.75691521167601150     
   4.1499999999999559       0.74465687282104664     
   4.1599999999999557       0.73230119637136004     
   4.1699999999999555       0.71984922976608146     
   4.1799999999999553       0.70730203198699437     
   4.1899999999999551       0.69466067347515803     
   4.1999999999999549       0.68192623604629665     
   4.2099999999999547       0.66909981280496167     
   4.2199999999999545       0.65618250805747380     
   4.2299999999999542       0.64317543722364889     
   4.2399999999999540       0.63007972674731483     
   4.2499999999999538       0.61689651400562528     
   4.2599999999999536       0.60362694721717558     
   4.2699999999999534       0.59027218534892711     
   4.2799999999999532       0.57683339802194733     
   4.2899999999999530       0.56331176541596995     
   4.2999999999999527       0.54970847817278290     
   4.3099999999999525       0.53602473729844990     
   4.3199999999999523       0.52226175406437247     
   4.3299999999999521       0.50842074990719810     
   4.3399999999999519       0.49450295632758201     
   4.3499999999999517       0.48050961478780907     
   4.3599999999999515       0.46644197660828229     
   4.3699999999999513       0.45230130286288478     
   4.3799999999999510       0.43808886427322263     
   4.3899999999999508       0.42380594110175496     
   4.3999999999999506       0.40945382304381883     
   4.4099999999999504       0.39503380911855612     
   4.4199999999999502       0.38054720755874916     
   4.4299999999999500       0.36599533569957332     
   4.4399999999999498       0.35137951986627319     
   4.4499999999999496       0.33670109526077058     
   4.4599999999999493       0.32196140584721139     
   4.4699999999999491       0.30716180423645967     
   4.4799999999999489       0.29230365156954635     
   4.4899999999999487       0.27738831740008052     
   4.4999999999999485       0.26241717957563171     
   4.5099999999999483       0.24739162411809101     
   4.5199999999999481       0.23231304510301909     
   4.5299999999999478       0.21718284453799006     
   4.5399999999999476       0.20200243223993908     
   4.5499999999999474       0.18677322571152261     
   4.5599999999999472       0.17149665001649975     
   4.5699999999999470       0.15617413765414373     
   4.5799999999999468       0.14080712843269222     
   4.5899999999999466       0.12539706934184552     
   4.5999999999999464       0.10994541442432187     
   4.6099999999999461        9.4453624646479037E-002
   4.6199999999999459        7.8923167768011490E-002
   4.6299999999999457        6.3355518210732778E-002
   4.6399999999999455        4.7752156926452578E-002
   4.6499999999999453        3.2114571263958246E-002
   4.6599999999999451        1.6444254835110587E-002
   4.6699999999999449        7.4270738006390266E-004
   4.6799999999999446       -1.4988565368379652E-002
   4.6899999999999444       -3.0748051821271178E-002
   4.6999999999999442       -4.6534234670861291E-002
   4.7099999999999440       -6.2345591028781067E-002
   4.7199999999999438       -7.8180592565047086E-002
   4.7299999999999436       -9.4037705647879943E-002
   4.7399999999999434      -0.10991539148432526     
   4.7499999999999432      -0.12581210626166639     
   4.7599999999999429      -0.14172630128961758     
   4.7699999999999427      -0.15765642314328659     
   4.7799999999999425      -0.17360091380689524     
   4.7899999999999423      -0.18955821081824642     
   4.7999999999999421      -0.20552674741392624     
   4.8099999999999419      -0.22150495267522918     
   4.8199999999999417      -0.23749125167479490     
   4.8299999999999415      -0.25348406562394415     
   4.8399999999999412      -0.26948181202070232     
   4.8499999999999410      -0.28548290479849786     
   4.8599999999999408      -0.30148575447552362     
   4.8699999999999406      -0.31748876830474843     
   4.8799999999999404      -0.33349035042456632     
   4.8899999999999402      -0.34948890201007077     
   4.8999999999999400      -0.36548282142494115     
   4.9099999999999397      -0.38147050437392832     
   4.9199999999999395      -0.39745034405592616     
   4.9299999999999393      -0.41342073131761625     
   4.9399999999999391      -0.42938005480767194     
   4.9499999999999389      -0.44532670113150863     
   4.9599999999999387      -0.46125905500656667     
   4.9699999999999385      -0.47717549941811299     
   4.9799999999999383      -0.49307441577554800     
   4.9899999999999380      -0.50895418406920379     
   4.9999999999999378      -0.52481318302761903     
   5.0099999999999376      -0.54064979027527793     
   5.0199999999999374      -0.55646238249079671     
   5.0299999999999372      -0.57224933556554602     
   5.0399999999999370      -0.58800902476269234     
   5.0499999999999368      -0.60373982487664535     
   5.0599999999999365      -0.61944011039289615     
   5.0699999999999363      -0.63510825564823148     
   5.0799999999999361      -0.65074263499130958     
   5.0899999999999359      -0.66634162294358168     
   5.0999999999999357      -0.68190359436054548     
   5.1099999999999355      -0.69742692459331435     
   5.1199999999999353      -0.71290998965048757     
   5.1299999999999351      -0.72835116636030628     
   5.1399999999999348      -0.74374883253307933     
   5.1499999999999346      -0.75910136712386411     
   5.1599999999999344      -0.77440715039538643     
   5.1699999999999342      -0.78966456408118368     
   5.1799999999999340      -0.80487199154895628     
   5.1899999999999338      -0.82002781796411017     
   5.1999999999999336      -0.83513043045347635     
   5.2099999999999334      -0.85017821826918949     
   5.2199999999999331      -0.86516957295271135     
   5.2299999999999329      -0.88010288849898177     
   5.2399999999999327      -0.89497656152068172     
   5.2499999999999325      -0.90978899141259129     
   5.2599999999999323      -0.92453858051602766     
   5.2699999999999321      -0.93922373428334549     
   5.2799999999999319      -0.95384286144248387     
   5.2899999999999316      -0.96839437416154339     
   5.2999999999999314      -0.98287668821337659     
   5.3099999999999312      -0.99728822314017551     
   5.3199999999999310       -1.0116274024180392     
   5.3299999999999308       -1.0258926536215049     
   5.3399999999999306       -1.0400824085880269     
   5.3499999999999304       -1.0541951035823842     
   5.3599999999999302       -1.0682291794610028     
   5.3699999999999299       -1.0821830818361740     
   5.3799999999999297       -1.0960552612401520     
   5.3899999999999295       -1.1098441732891149     
   5.3999999999999293       -1.1235482788469715     
   5.4099999999999291       -1.1371660441889964     
   5.4199999999999289       -1.1506959411652777     
   5.4299999999999287       -1.1641364473639593     
   5.4399999999999284       -1.1774860462742609     
   5.4499999999999282       -1.1907432274492589     
   5.4599999999999280       -1.2039064866684113     
   5.4699999999999278       -1.2169743260998094     
   5.4799999999999276       -1.2299452544621385     
   5.4899999999999274       -1.2428177871863311     
   5.4999999999999272       -1.2555904465768961     
   5.5099999999999270       -1.2682617619729060     
   5.5199999999999267       -1.2808302699086245     
   5.5299999999999265       -1.2932945142737597     
   5.5399999999999263       -1.3056530464733223     
   5.5499999999999261       -1.3179044255870747     
   5.5599999999999259       -1.3300472185285526     
   5.5699999999999257       -1.3420800002036422     
   5.5799999999999255       -1.3540013536686950     
   5.5899999999999253       -1.3658098702881654     
   5.5999999999999250       -1.3775041498917509     
   5.6099999999999248       -1.3890828009310208     
   5.6199999999999246       -1.4005444406355150     
   5.6299999999999244       -1.4118876951682946     
   5.6399999999999242       -1.4231111997809300     
   5.6499999999999240       -1.4342135989679079     
   5.6599999999999238       -1.4451935466204400     
   5.6699999999999235       -1.4560497061796571     
   5.6799999999999233       -1.4667807507891721     
   5.6899999999999231       -1.4773853634469936     
   5.6999999999999229       -1.4878622371567747     
   5.7099999999999227       -1.4982100750783800     
   5.7199999999999225       -1.5084275906777529     
   5.7299999999999223       -1.5185135078760674     
   5.7399999999999221       -1.5284665611981483     
   5.7499999999999218       -1.5382854959201417     
   5.7599999999999216       -1.5479690682164202     
   5.7699999999999214       -1.5575160453057060     
   5.7799999999999212       -1.5669252055963954     
   5.7899999999999210       -1.5761953388310681     
   5.7999999999999208       -1.5853252462301655     
   5.8099999999999206       -1.5943137406348205     
   5.8199999999999203       -1.6031596466488238     
   5.8299999999999201       -1.6118618007797099     
   5.8399999999999199       -1.6204190515789456     
   5.8499999999999197       -1.6288302597812079     
   5.8599999999999195       -1.6370942984427310     
   5.8699999999999193       -1.6452100530787106     
   5.8799999999999191       -1.6531764217997458     
   5.8899999999999189       -1.6609923154473065     
   5.8999999999999186       -1.6686566577282078     
   5.9099999999999184       -1.6761683853480756     
   5.9199999999999182       -1.6835264481437906     
   5.9299999999999180       -1.6907298092148917     
   5.9399999999999178       -1.6977774450539256     
   5.9499999999999176       -1.7046683456757266     
   5.9599999999999174       -1.7114015147456101     
   5.9699999999999172       -1.7179759697064672     
   5.9799999999999169       -1.7243907419047424     
   5.9899999999999167       -1.7306448767152813     
   5.9999999999999165       -1.7367374336650323     
   6.0099999999999163       -1.7426674865555878     
   6.0199999999999161       -1.7484341235845500     
   6.0299999999999159       -1.7540364474657066     
   6.0399999999999157       -1.7594735755480024     
   6.0499999999999154       -1.7647446399332904     
   6.0599999999999152       -1.7698487875928504     
   6.0699999999999150       -1.7747851804826593     
   6.0799999999999148       -1.7795529956573994     
   6.0899999999999146       -1.7841514253831896     
   6.0999999999999144       -1.7885796772490274     
   6.1099999999999142       -1.7928369742769259     
   6.1199999999999140       -1.7969225550307328     
   6.1299999999999137       -1.8008356737236186     
   6.1399999999999135       -1.8045756003242179     
   6.1499999999999133       -1.8081416206614132     
   6.1599999999999131       -1.8115330365277456     
   6.1699999999999129       -1.8147491657814407     
   6.1799999999999127       -1.8177893424470364     
   6.1899999999999125       -1.8206529168145973     
   6.1999999999999122       -1.8233392555375065     
   6.2099999999999120       -1.8258477417288193     
   6.2199999999999118       -1.8281777750561667     
   6.2299999999999116       -1.8303287718351977     
   6.2399999999999114       -1.8323001651215449     
   6.2499999999999112       -1.8340914048013044     
   6.2599999999999110       -1.8357019576800153     
   6.2699999999999108       -1.8371313075701290     
   6.2799999999999105       -1.8383789553769545     
   6.2899999999999103       -1.8394444191830683     
   6.2999999999999101       -1.8403272343311790     
   6.3099999999999099       -1.8410269535054318     
   6.3199999999999097       -1.8415431468111452     
   6.3299999999999095       -1.8418754018529664     
   6.3399999999999093       -1.8420233238114339     
   6.3499999999999091       -1.8419865355179388     
   6.3599999999999088       -1.8417646775280714     
   6.3699999999999086       -1.8413574081933437     
   6.3799999999999084       -1.8407644037312776     
   6.3899999999999082       -1.8399853582938466     
   6.3999999999999080       -1.8390199840342640     
   6.4099999999999078       -1.8378680111721037     
   6.4199999999999076       -1.8365291880567467     
   6.4299999999999073       -1.8350032812291410     
   6.4399999999999071       -1.8332900754818688     
   6.4499999999999069       -1.8313893739175069     
   6.4599999999999067       -1.8293009980052743     
   6.4699999999999065       -1.8270247876359580     
   6.4799999999999063       -1.8245606011751043     
   6.4899999999999061       -1.8219083155144717     
   6.4999999999999059       -1.8190678261217335     
   6.5099999999999056       -1.8160390470884205     
   6.5199999999999054       -1.8128219111761006     
   6.5299999999999052       -1.8094163698607808     
   6.5399999999999050       -1.8058223933755273     
   6.5499999999999048       -1.8020399707512953     
   6.5599999999999046       -1.7980691098559600     
   6.5699999999999044       -1.7939098374315412     
   6.5799999999999041       -1.7895621991296153     
   6.5899999999999039       -1.7850262595449060     
   6.5999999999999037       -1.7803021022470464     
   6.6099999999999035       -1.7753898298105089     
   6.6199999999999033       -1.7702895638426905     
   6.6299999999999031       -1.7650014450101530     
   6.6399999999999029       -1.7595256330630065     
   6.6499999999999027       -1.7538623068574337     
   6.6599999999999024       -1.7480116643763475     
   6.6699999999999022       -1.7419739227481750     
   6.6799999999999020       -1.7357493182637642     
   6.6899999999999018       -1.7293381063914073     
   6.6999999999999016       -1.7227405617899731     
   6.7099999999999014       -1.7159569783201476     
   6.7199999999999012       -1.7089876690537733     
   6.7299999999999010       -1.7018329662812857     
   6.7399999999999007       -1.6944932215172406     
   6.7499999999999005       -1.6869688055039280     
   6.7599999999999003       -1.6792601082130698     
   6.7699999999999001       -1.6713675388455942     
   6.7799999999998999       -1.6632915258294865     
   6.7899999999998997       -1.6550325168157098     
   6.7999999999998995       -1.6465909786721937     
   6.8099999999998992       -1.6379673974758862     
   6.8199999999998990       -1.6291622785028677     
   6.8299999999998988       -1.6201761462165218     
   6.8399999999998986       -1.6110095442537624     
   6.8499999999998984       -1.6016630354093120     
   6.8599999999998982       -1.5921372016180311     
   6.8699999999998980       -1.5824326439352958     
   6.8799999999998978       -1.5725499825154208     
   6.8899999999998975       -1.5624898565881258     
   6.8999999999998973       -1.5522529244330459     
   6.9099999999998971       -1.5418398633522818     
   6.9199999999998969       -1.5312513696409908     
   6.9299999999998967       -1.5204881585560148     
   6.9399999999998965       -1.5095509642825475     
   6.9499999999998963       -1.4984405398988387     
   6.9599999999998960       -1.4871576573389340     
   6.9699999999998958       -1.4757031073534519     
   6.9799999999998956       -1.4640776994683971     
   6.9899999999998954       -1.4522822619420093     
   6.9999999999998952       -1.4403176417196495     
   7.0099999999998950       -1.4281847043867222     
   7.0199999999998948       -1.4158843341196368     
   7.0299999999998946       -1.4034174336348064     
   7.0399999999998943       -1.3907849241356871     
   7.0499999999998941       -1.3779877452578573     
   7.0599999999998939       -1.3650268550121401     
   7.0699999999998937       -1.3519032297257696     
   7.0799999999998935       -1.3386178639816035     
   7.0899999999998933       -1.3251717705553827     
   7.0999999999998931       -1.3115659803510411     
   7.1099999999998929       -1.2978015423340694     
   7.1199999999998926       -1.2838795234629328     
   7.1299999999998924       -1.2698010086185467     
   7.1399999999998922       -1.2555671005318150     
   7.1499999999998920       -1.2411789197092307     
   7.1599999999998918       -1.2266376043565461     
   7.1699999999998916       -1.2119443103005130     
   7.1799999999998914       -1.1971002109086986     
   7.1899999999998911       -1.1821064970073809     
   7.1999999999998909       -1.1669643767975275     
   7.2099999999998907       -1.1516750757688610     
   7.2199999999998905       -1.1362398366120181     
   7.2299999999998903       -1.1206599191288062     
   7.2399999999998901       -1.1049366001405605     
   7.2499999999998899       -1.0890711733946099     
   7.2599999999998897       -1.0730649494688553     
   7.2699999999998894       -1.0569192556744660     
   7.2799999999998892       -1.0406354359567003     
   7.2899999999998890       -1.0242148507938560     
   7.2999999999998888       -1.0076588770943580     
   7.3099999999998886      -0.99096890809198679     
   7.3199999999998884      -0.97414635323925780     
   7.3299999999998882      -0.95719263809895561     
   7.3399999999998879      -0.94010920423383104     
   7.3499999999998877      -0.92289750909446844     
   7.3599999999998875      -0.90555902590533000     
   7.3699999999998873      -0.88809524354898495     
   7.3799999999998871      -0.87050766644853084     
   7.3899999999998869      -0.85279781444821545     
   7.3999999999998867      -0.83496722269226709     
   7.4099999999998865      -0.81701744150194133     
   7.4199999999998862      -0.79895003625079308     
   7.4299999999998860      -0.78076658723818215     
   7.4399999999998858      -0.76246868956102176     
   7.4499999999998856      -0.74405795298377830     
   7.4599999999998854      -0.72553600180673206     
   7.4699999999998852      -0.70690447473250795     
   7.4799999999998850      -0.68816502473088637     
   7.4899999999998847      -0.66931931890190333     
   7.4999999999998845      -0.65036903833724979     
   7.5099999999998843      -0.63131587797998123     
   7.5199999999998841      -0.61216154648254661     
   7.5299999999998839      -0.59290776606314766     
   7.5399999999998837      -0.57355627236043938     
   7.5499999999998835      -0.55410881428658276     
   7.5599999999998833      -0.53456715387865961     
   7.5699999999998830      -0.51493306614846235     
   7.5799999999998828      -0.49520833893066851     
   7.5899999999998826      -0.47539477272941311     
   7.5999999999998824      -0.45549418056326896     
   7.6099999999998822      -0.43550838780864842     
   7.6199999999998820      -0.41543923204163730     
   7.6299999999998818      -0.39528856287827419     
   7.6399999999998816      -0.37505824181328701     
   7.6499999999998813      -0.35475014205729971     
   7.6599999999998811      -0.33436614837252171     
   7.6699999999998809      -0.31390815690693302     
   7.6799999999998807      -0.29337807502697838     
   7.6899999999998805      -0.27277782114878318     
   7.6999999999998803      -0.25210932456790519     
   7.7099999999998801      -0.23137452528763514     
   7.7199999999998798      -0.21057537384586048     
   7.7299999999998796      -0.18971383114050566     
   7.7399999999998794      -0.16879186825356352     
   7.7499999999998792      -0.14781146627373146     
   7.7599999999998790      -0.12677461611766758     
   7.7699999999998788      -0.10568331834988053     
   7.7799999999998786       -8.4539583001268279E-002
   7.7899999999998784       -6.3345429386320623E-002
   7.7999999999998781       -4.2102885919000230E-002
   7.8099999999998779       -2.0813989927317682E-002
   7.8199999999998777        5.1921253338436252E-004
   7.8299999999998775        2.1894666868422317E-002
   7.8399999999998773        4.3310310133022473E-002
   7.8499999999998771        6.4764071222815786E-002
   7.8599999999998769        8.6253871065560581E-002
   7.8699999999998766       0.10777762281407721     
   7.8799999999998764       0.12933323204037842     
   7.8899999999998762       0.15091859693097898     
   7.8999999999998760       0.17253160848336827     
   7.9099999999998758       0.19417015070362897     
   7.9199999999998756       0.21583210080518517     
   7.9299999999998754       0.23751532940866291     
   7.9399999999998752       0.25921770074284628     
   7.9499999999998749       0.28093707284671166     
   7.9599999999998747       0.30267129777252272     
   7.9699999999998745       0.32441822178996904     
   7.9799999999998743       0.34617568559133061     
   7.9899999999998741       0.36794152449764994     
   7.9999999999998739       0.38971356866589513     
   8.0099999999998737       0.41148964329709459     
   8.0199999999998735       0.43326756884542600     
   8.0299999999998732       0.45504516122824140     
   8.0399999999998730       0.47682023203700946     
   8.0499999999998728       0.49859058874915696     
   8.0599999999998726       0.52035403494079058     
   8.0699999999998724       0.54210837050028016     
   8.0799999999998722       0.56385139184268496     
   8.0899999999998720       0.58558089212500386     
   8.0999999999998717       0.60729466146222966     
   8.1099999999998715       0.62899048714418948     
   8.1199999999998713       0.65066615385315063     
   8.1299999999998711       0.67231944388217402     
   8.1399999999998709       0.69394813735419358     
   8.1499999999998707       0.71555001244180405     
   8.1599999999998705       0.73712284558773578     
   8.1699999999998703       0.75866441172599752     
   8.1799999999998700       0.78017248450366672     
   8.1899999999998698       0.80164483650330765     
   8.1999999999998696       0.82307923946599615     
   8.2099999999998694       0.84447346451493221     
   8.2199999999998692       0.86582528237961864     
   8.2299999999998690       0.88713246362058529     
   8.2399999999998688       0.90839277885463909     
   8.2499999999998685       0.92960399898061841     
   8.2599999999998683       0.95076389540563089     
   8.2699999999998681       0.97187024027175384     
   8.2799999999998679       0.99292080668317639     
   8.2899999999998677        1.0139133689337618     
   8.2999999999998675        1.0348457027350086     
   8.3099999999998673        1.0557155854443898     
   8.3199999999998671        1.0765207962940477     
   8.3299999999998668        1.0972591166198238     
   8.3399999999998666        1.1179283300906009     
   8.3499999999998664        1.1385262229379367     
   8.3599999999998662        1.1590505841859664     
   8.3699999999998660        1.1794992058815519     
   8.3799999999998658        1.1998698833246570     
   8.3899999999998656        1.2201604152989245     
   8.3999999999998654        1.2403686043024340     
   8.4099999999998651        1.2604922567786183     
   8.4199999999998649        1.2805291833473149     
   8.4299999999998647        1.3004771990359307     
   8.4399999999998645        1.3203341235106969     
   8.4499999999998643        1.3400977813079913     
   8.4599999999998641        1.3597660020657059     
   8.4699999999998639        1.3793366207546354     
   8.4799999999998636        1.3988074779098645     
   8.4899999999998634        1.4181764198621309     
   8.4999999999998632        1.4374412989691396     
   8.5099999999998630        1.4565999738468070     
   8.5199999999998628        1.4756503096004090     
   8.5299999999998626        1.4945901780556121     
   8.5399999999998624        1.5134174579893609     
   8.5499999999998622        1.5321300353606011     
   8.5599999999998619        1.5507258035408122     
   8.5699999999998617        1.5692026635443264     
   8.5799999999998615        1.5875585242584100     
   8.5899999999998613        1.6057913026730830     
   8.5999999999998611        1.6238989241106518     
   8.6099999999998609        1.6418793224549322     
   8.6199999999998607        1.6597304403801356     
   8.6299999999998604        1.6774502295793985     
   8.6399999999998602        1.6950366509929238     
   8.6499999999998600        1.7124876750357161     
   8.6599999999998598        1.7298012818248814     
   8.6699999999998596        1.7469754614064670     
   8.6799999999998594        1.7640082139818194     
   8.6899999999998592        1.7808975501334305     
   8.6999999999998590        1.7976414910502505     
   8.7099999999998587        1.8142380687524393     
   8.7199999999998585        1.8306853263155338     
   8.7299999999998583        1.8469813180940027     
   8.7399999999998581        1.8631241099441644     
   8.7499999999998579        1.8791117794464423     
   8.7599999999998577        1.8949424161269304     
   8.7699999999998575        1.9106141216782455     
   8.7799999999998573        1.9261250101796368     
   8.7899999999998570        1.9414732083163284     
   8.7999999999998568        1.9566568555980688     
   8.8099999999998566        1.9716741045768593     
   8.8199999999998564        1.9865231210638365     
   8.8299999999998562        2.0012020843452802     
   8.8399999999998560        2.0157091873977220     
   8.8499999999998558        2.0300426371021265     
   8.8599999999998555        2.0442006544571178     
   8.8699999999998553        2.0581814747912257     
   8.8799999999998551        2.0719833479741228     
   8.8899999999998549        2.0856045386268263     
   8.8999999999998547        2.0990433263308366     
   8.9099999999998545        2.1122980058361858     
   8.9199999999998543        2.1253668872683664     
   8.9299999999998541        2.1382482963341176     
   8.9399999999998538        2.1509405745260350     
   8.9499999999998536        2.1634420793259808     
   8.9599999999998534        2.1757511844072637     
   8.9699999999998532        2.1878662798355637     
   8.9799999999998530        2.1997857722685699     
   8.9899999999998528        2.2115080851543056     
   8.9999999999998526        2.2230316589281127     
   9.0099999999998523        2.2343549512082657     
   9.0199999999998521        2.2454764369901876     
   9.0299999999998519        2.2563946088392410     
   9.0399999999998517        2.2671079770820630     
   9.0499999999998515        2.2776150699964193     
   9.0599999999998513        2.2879144339995432     
   9.0699999999998511        2.2980046338349385     
   9.0799999999998509        2.3078842527576122     
   9.0899999999998506        2.3175518927177099     
   9.0999999999998504        2.3270061745425261     
   9.1099999999998502        2.3362457381168622     
   9.1199999999998500        2.3452692425616992     
   9.1299999999998498        2.3540753664111613     
   9.1399999999998496        2.3626628077877396     
   9.1499999999998494        2.3710302845757480     
   9.1599999999998492        2.3791765345929834     
   9.1699999999998489        2.3871003157605601     
   9.1799999999998487        2.3948004062708930     
   9.1899999999998485        2.4022756047537994     
   9.1999999999998483        2.4095247304406899     
   9.2099999999998481        2.4165466233268260     
   9.2199999999998479        2.4233401443316094     
   9.2299999999998477        2.4299041754568798     
   9.2399999999998474        2.4362376199431934     
   9.2499999999998472        2.4423394024240532     
   9.2599999999998470        2.4482084690780628     
   9.2699999999998468        2.4538437877789812     
   9.2799999999998466        2.4592443482436450     
   9.2899999999998464        2.4644091621777386     
   9.2999999999998462        2.4693372634193786     
   9.3099999999998460        2.4740277080804929     
   9.3199999999998457        2.4784795746859634     
   9.3299999999998455        2.4826919643105088     
   9.3399999999998453        2.4866640007132834     
   9.3499999999998451        2.4903948304701640     
   9.3599999999998449        2.4938836231037000     
   9.3699999999998447        2.4971295712107069     
   9.3799999999998445        2.5001318905874732     
   9.3899999999998442        2.5028898203525602     
   9.3999999999998440        2.5054026230671713     
   9.4099999999998438        2.5076695848530672     
   9.4199999999998436        2.5096900155080042     
   9.4299999999998434        2.5114632486186732     
   9.4399999999998432        2.5129886416711220     
   9.4499999999998430        2.5142655761586328     
   9.4599999999998428        2.5152934576870392     
   9.4699999999998425        2.5160717160774624     
   9.4799999999998423        2.5165998054664449     
   9.4899999999998421        2.5168772044034644     
   9.4999999999998419        2.5169034159458104     
   9.5099999999998417        2.5166779677508009     
   9.5199999999998415        2.5162004121653299     
   9.5299999999998413        2.5154703263127218     
   9.5399999999998411        2.5144873121768812     
   9.5499999999998408        2.5132509966837207     
   9.5599999999998406        2.5117610317798529     
   9.5699999999998404        2.5100170945085343     
   9.5799999999998402        2.5080188870828448     
   9.5899999999998400        2.5057661369560931     
   9.5999999999998398        2.5032585968894341     
   9.6099999999998396        2.5004960450166900     
   9.6199999999998393        2.4974782849063635     
   9.6299999999998391        2.4942051456208323     
   9.6399999999998389        2.4906764817727201     
   9.6499999999998387        2.4868921735784317     
   9.6599999999998385        2.4828521269088508     
   9.6699999999998383        2.4785562733371878     
   9.6799999999998381        2.4740045701839781     
   9.6899999999998379        2.4691970005592236     
   9.6999999999998376        2.4641335734016749     
   9.7099999999998374        2.4588143235152495     
   9.7199999999998372        2.4532393116025872     
   9.7299999999998370        2.4474086242957389     
   9.7399999999998368        2.4413223741839905     
   9.7499999999998366        2.4349806998388219     
   9.7599999999998364        2.4283837658360019     
   9.7699999999998361        2.4215317627748227     
   9.7799999999998359        2.4144249072944777     
   9.7899999999998357        2.4070634420875838     
   9.7999999999998355        2.3994476359108572     
   9.8099999999998353        2.3915777835929442     
   9.8199999999998351        2.3834542060394179     
   9.8299999999998349        2.3750772502349471     
   9.8399999999998347        2.3664472892426409     
   9.8499999999998344        2.3575647222005869     
   9.8599999999998342        2.3484299743155841     
   9.8699999999998340        2.3390434968540879     
   9.8799999999998338        2.3294057671303738     
   9.8899999999998336        2.3195172884919355     
   9.8999999999998334        2.3093785903021264     
   9.9099999999998332        2.2989902279200627     
   9.9199999999998330        2.2883527826777974     
   9.9299999999998327        2.2774668618547849     
   9.9399999999998325        2.2663330986496470     
   9.9499999999998323        2.2549521521492593     
   9.9599999999998321        2.2433247072951743     
   9.9699999999998319        2.2314514748473981     
   9.9799999999998317        2.2193331913455370     
   9.9899999999998315        2.2069706190673344     
   9.9999999999998312        2.1943645459846159     
