  0.12806469298964127       0.94152747261637970     
  0.34413990803098649       0.86253705605264785     
  0.65616808519598580       0.77704790573907911     
   1.0646040814249520       0.69595572097963032     
   1.5698652889626012       0.62379921052845644     
   2.1724412476557817       0.56143981279262956     
   2.8729124287187484       0.50813740038134481     
   3.6719572871804274       0.46264787121085499     
   4.5703572132165817       0.42370001253721340     
   5.5690013512018961       0.39016681138625048     
   6.6688918564015625       0.36110515909226598     
   7.8711498251669250       0.33574537817129679     
   9.1770220451092275       0.31346542276937539     
   10.587888692463558       0.29376350584866756     
   12.105272109494578       0.27623390226943256     
   13.730846812117012       0.26054703984177607     
   15.466450903047230       0.24643364356700723     
   17.314099098139039       0.23367229290211952     
   19.275997613856084       0.22207971134065541     
   21.354561213718153       0.21150319151710278     
   23.552432773410551       0.20181467120705765     
   25.872505801315960       0.19290608063107556     
   28.317950447877564       0.18468566893016095     
   30.892243659290827       0.17707508676106354     
   33.599204286467469       0.17000705510945574     
   36.443034159820719       0.16342349078096743     
   39.428366399075905       0.15727398950177529     
   42.560322565767493       0.15151459052651858     
   45.844580713649449       0.14610676397234215     
   49.287456990838606       0.14101657518561583     
   52.896004257999522       0.13621399035651161     
   56.678132299044997       0.13167229510489034     
   60.642755749403555       0.12736760343801184     
   64.799978057967223       0.12327843873494200     
   69.161322954179312       0.11938537152555495     
   73.740029525535803       0.11567070097673070     
   78.551433965928922       0.11211816824210628     
   83.613471753389931       0.10871269011734505     
   88.947350933062225       0.10544010053347405     
   94.578474790858451       0.10228688477544720     
   100.53773893108040        9.9239885815085457E-002
   106.86341027634744        9.6285951496569794E-002
   113.60394865517188        9.3411470589908258E-002
   120.82243352106599        9.0601703762169417E-002
   128.60389892513280        8.7839724827458818E-002
   137.06837153697151        8.5104573329701769E-002
   146.39632902788026        8.2367648264806262E-002
   156.88549392525587        7.9584571989187128E-002
   169.10668728376996        7.6672443908849169E-002
   184.53294407834903        7.3415790931424835E-002
