  0.12806469298964127        2.2874739175577931E-003
  0.34413990803098649        1.9112746375887418E-002
  0.65616808519598580        6.2518876897144318E-002
   1.0646040814249520       0.12425320752233418     
   1.5698652889626012       0.17715851125044774     
   2.1724412476557817       0.19659856897794220     
   2.8729124287187484       0.17774060757060398     
   3.6719572871804274       0.13459518591426969     
   4.5703572132165817        8.6906685735925970E-002
   5.5690013512018961        4.8420738373621833E-002
   6.6688918564015625        2.3469675129014558E-002
   7.8711498251669250        9.9525374877435964E-003
   9.1770220451092275        3.7068398133752508E-003
   10.587888692463558        1.2157777318187676E-003
   12.105272109494578        3.5172320280753787E-004
   13.730846812117012        8.9831478195785921E-005
   15.466450903047230        2.0260459852144179E-005
   17.314099098139039        4.0340841902493204E-006
   19.275997613856084        7.0858800228701910E-007
   21.354561213718153        1.0967015868042196E-007
   23.552432773410551        1.4932984611287687E-008
   25.872505801315960        1.7853185351397550E-009
   28.317950447877564        1.8697057302425062E-010
   30.892243659290827        1.7104987444229752E-011
   33.599204286467469        1.3626546476668966E-012
   36.443034159820719        9.4186834817121238E-014
   39.428366399075905        5.6254079235526394E-015
   42.560322565767493        2.8897813184597865E-016
   45.844580713649449        1.2701488180258155E-017
   49.287456990838606        4.7486058087635452E-019
   52.896004257999522        1.5000807901861254E-020
   56.678132299044997        3.9740929993736891E-022
   60.642755749403555        8.7545842283289906E-024
   64.799978057967223        1.5881487359708918E-025
   69.161322954179312        2.3462635165133826E-027
   73.740029525535803        2.7869425806993759E-029
   78.551433965928922        2.6223081805920320E-031
   83.613471753389931        1.9207662244090517E-033
   88.947350933062225        1.0728503958051344E-035
   94.578474790858451        4.4579616128671549E-038
   100.53773893108040        1.3372079318087008E-040
   106.86341027634744        2.7896202813901434E-043
   113.60394865517188        3.8609554583185435E-046
   120.82243352106599        3.3343998845167654E-049
   128.60389892513280        1.6545189516085818E-052
   137.06837153697151        4.1993280325525755E-056
   146.39632902788026        4.5802048247366035E-060
   156.88549392525587        1.6127434040708298E-064
   169.10668728376996        1.0637168046734303E-069
   184.53294407834903        3.2916676607210007E-076
