  -9.2336425944746399        85.260155562496365     
  -8.5752104809211822        73.534234792100492     
  -8.0291139371635634        64.466670615954172     
  -7.5408863652716933        56.864967173940528     
  -7.0897514056441722        50.264574993833513     
  -6.6650093275375157        44.422349336162085     
  -6.2602403151905852        39.190608803937515     
  -5.8712092086658032        34.471097571922130     
  -5.4949332264656459        30.194291163316151     
  -5.1292077742053745        26.308772390968851     
  -4.7723413527151486        22.775241986835056     
  -4.4229964968863555        19.562898011468974     
  -4.0800889202673849        16.647125597288674     
  -3.7427206650436822        14.007957976545022     
  -3.4101341486485168        11.629014911778745     
  -3.0816796103638735        9.4967492209324345     
  -2.7567914882988074        7.5998993099567533     
  -2.4349709983284109        5.9290837627004578     
  -2.1157732900936792        4.4764966150738319     
  -1.7987984332765119        3.2356758035580340     
  -1.4836866426983393        2.2013260537214694     
  -1.1701209835034985        1.3691831160351946     
 -0.85785170946674461       0.73590955543501602     
 -0.54681889011535501       0.29901089858698870     
 -0.23812764529282504        5.6704775452705497E-002
  0.23812764529282338        5.6704775452704706E-002
  0.54681889011535256       0.29901089858698604     
  0.85785170946674527       0.73590955543501713     
   1.1701209835034982        1.3691831160351939     
   1.4836866426983359        2.2013260537214596     
   1.7987984332765106        3.2356758035580291     
   2.1157732900936752        4.4764966150738150     
   2.4349709983284082        5.9290837627004453     
   2.7567914882988047        7.5998993099567391     
   3.0816796103638766        9.4967492209324540     
   3.4101341486485159        11.629014911778739     
   3.7427206650436897        14.007957976545079     
   4.0800889202673982        16.647125597288785     
   4.4229964968863609        19.562898011469020     
   4.7723413527151459        22.775241986835027     
   5.1292077742053763        26.308772390968869     
   5.4949332264656450        30.194291163316144     
   5.8712092086658005        34.471097571922094     
   6.2602403151905781        39.190608803937430     
   6.6650093275374971        44.422349336161837     
   7.0897514056441793        50.264574993833612     
   7.5408863652716871        56.864967173940435     
   8.0291139371635669        64.466670615954229     
   8.5752104809211698        73.534234792100278     
   9.2336425944746150        85.260155562495896     
