  0.15662309921744821        3.2921559829696152E-003
  0.39810312686704918        4.3566166419412355E-002
  0.83156350180209415       0.23454777316155009     
   1.4554239639207296       0.67387685737454528     
   2.2672827856217381        1.2187954958988372     
   3.2640018837033438        1.5039814482098230     
   4.4417260950432080        1.3227534094851450     
   5.7958994227955287       0.85532954582301945     
   7.3212830169741849       0.41786168832156362     
   9.0119755605761682       0.15810075024627337     
   10.861436146625046        4.7356482677240685E-002
   12.862509603807865        1.1448343968219799E-002
   15.007454188094208        2.2723511425051758E-003
   17.287971539012297        3.7616579251030773E-004
   19.695238787111727        5.2701250426613158E-005
   22.219942689493223        6.3370053641384645E-006
   24.852315661872147        6.6293767753507010E-007
   27.582173568046741        6.1147651652871202E-008
   30.398955120716622        5.0388627438191375E-009
   33.291762741299095        3.7585551575561523E-010
   36.249404720712441        2.5710726429589634E-011
   39.260438518041752        1.6340652868973919E-012
   42.313215029592662        9.7753282328756611E-014
   45.395923657073723        5.5760998896993020E-015
   48.496638000556921        3.0723819259147347E-016
   51.603361999443045        1.6563084070969359E-017
   54.704076342926264        8.8482970594332833E-019
   57.786784970407389        4.7435428857680033E-020
   60.839561481958270        2.5838551496851461E-021
   63.850595279287589        1.4476441117297861E-022
   66.808237258700871        8.4426864123719883E-024
   69.701044879283330        5.1855367482778012E-025
   72.517826431953196        3.3925212590626598E-026
   75.247684338127826        2.3901271659523825E-027
   77.880057310506743        1.8325398039790911E-028
   80.404761212888246        1.5444429752293819E-029
   82.812028460987690        1.4444119881731363E-030
   85.092545811905779        1.5123775700745061E-031
   87.237490396192101        1.7874345476800225E-032
   89.238563853374870        2.4022211898956635E-033
   91.088024439423776        3.6951296246533627E-034
   92.778716983025788        6.5408885085573222E-035
   94.304100577204451        1.3378796761983560E-035
   95.658273904956815        3.1695922142260836E-036
   96.835998116296622        8.6969922929106888E-037
   97.832717214378221        2.7531532418640044E-037
   98.644576036079258        9.9481841530045107E-038
   99.268436498197886        4.0008593861193570E-038
   99.701896873132910        1.6772426736561532E-038
   99.943376900782539        5.7098911227383193E-039
