   0.0000000000000000       0.10000000000000001     
   9.9834166666666682E-003   9.9503739635312768E-002
   1.9868241521925248E-002   9.8033058401044065E-002
   2.9558647505831270E-002   9.5621660887439522E-002
   3.8962581647137687E-002   9.2311145534027042E-002
   4.7992500855307582E-002   8.8149935082575834E-002
   5.6566001978709368E-002   8.3192236439939379E-002
   6.4606350478307525E-002   7.7497057192656191E-002
   7.2042914506127181E-002   7.1127300279866065E-002
   7.8811513033756025E-002   6.4148952432488471E-002
   8.4854687944764917E-002   5.6630376175573933E-002
   9.0121910705408634E-002   4.8641709668251806E-002
   9.4569734397093375E-002   4.0254373572064746E-002
   9.8161901581271166E-002   3.1540679596641100E-002
  0.10086941773022401        2.2573531433435268E-002
  0.10267059885767470        1.3426205482504873E-002
  0.10355110058495490        4.1721961088155637E-003
  0.10350393424488187       -5.1148918768936201E-003
  0.10252947381841088       -1.4361422249281126E-002
  0.10063545557863880       -2.3493797487288151E-002
   9.7836970341419430E-002  -3.2438539815205517E-002
   9.4156446249461914E-002  -4.1122402682995607E-002
   8.9623618105117167E-002  -4.9472531304347922E-002
   8.4275477474824417E-002  -5.7416689378206862E-002
   7.8156196175665923E-002  -6.4883567015089377E-002
   7.1317014383703664E-002  -7.1803182156582893E-002
   6.3816083538152935E-002  -7.8107384405858071E-002
   5.5718253518573818E-002  -8.3730466185696850E-002
   4.7094793305867029E-002  -8.8609881540211391E-002
   3.8023034558879107E-002  -9.2687067762768374E-002
   2.8585928295188009E-002  -9.5908359473140206E-002
   1.8871506192384761E-002  -9.8225978936943223E-002
   8.9722399420516675E-003  -9.9599080526146147E-002
  -1.0157054132976830E-003  -9.9994821516547858E-002
  -1.0993325183577289E-002  -9.9389426205581541E-002
  -2.0859733268513897E-002  -9.7769205941770188E-002
  -3.0513218509400468E-002  -9.5131494429144633E-002
  -3.9852388571597050E-002  -9.1485455939526228E-002
  -4.8777386524622775E-002  -8.6852724128976877E-002
  -5.7191161143095283E-002  -8.1267831241045183E-002
  -6.5000768123979119E-002  -7.4778391721396123E-002
  -7.2118676120798017E-002  -6.7445010676501521E-002
  -7.8464048944953957E-002  -5.9340896052638696E-002
  -8.3963973668840688E-002  -5.0551163609739755E-002
  -8.8554603840309873E-002  -4.1171835290305818E-002
  -9.2182187689115652E-002  -3.1308543880071822E-002
  -9.4803953118222803E-002  -2.1074969269709542E-002
  -9.6388824402698761E-002  -1.0591043446043053E-002
  -9.6917949771146483E-002   1.9028145461084944E-005
  -9.6385024255037963E-002   1.0628872677210431E-002
  -9.4796398134643772E-002   2.1112121234574691E-002
  -9.2170967713489496E-002   3.1344579992784741E-002
  -8.8539851712909873E-002   4.1206335944552981E-002
  -8.3945862980381328E-002   5.0583734974612389E-002
  -7.8442791146472776E-002   5.9371176117945304E-002
  -7.2094517072574318E-002   6.7472674394553012E-002
  -6.4973984180010491E-002   7.4803155132819724E-002
  -5.7162054876721172E-002   8.1289454516124821E-002
  -4.8746282205483271E-002   8.6871013500785271E-002
  -3.9819627504288864E-002   9.1500264548227669E-002
  -3.0479154340222445E-002   9.5142722136111010E-002
  -2.0824727359061431E-002   9.7776798205787427E-002
  -1.0957742139283373E-002   9.9393372140154215E-002
  -9.7990884206227390E-004   9.9995151266404264E-002
   9.0078913804722358E-003   9.9595862112301620E-002
   1.8906662400764905E-002   9.8219314723370824E-002
   2.8620250986752971E-002   9.5898382404895455E-002
   3.8056200123102082E-002   9.2673937516282126E-002
   4.7126495289906624E-002   8.8593780712552278E-002
   5.5748204733949737E-002   8.3711596632143254E-002
   6.3844017812215367E-002   7.8085963815331352E-002
   7.1342687983358646E-002   7.1779440933515834E-002
   7.8179388936608488E-002   6.4857745515135734E-002
   8.4295993673228486E-002   5.7389035524669570E-002
   8.9641287110434786E-002   4.9443298592960608E-002
   9.4171122996848239E-002   4.1091848565201913E-002
   9.7848535660516683E-002   3.2406924434648036E-002
  0.10064381641223713        2.3461382731011504E-002
  0.10253456336008346        1.4328471064234767E-002
  0.10350571201929469        5.0816677936787128E-003
  0.10354955248840307       -4.2054293094260994E-003
  0.10266573716971672       -1.3459184028999134E-002
  0.10086128110028533       -2.2605991819826754E-002
   9.8150554986976807E-002  -3.1572358906527542E-002
   9.4555269064072481E-002  -4.0285009939461505E-002
   9.0104443971599210E-002  -4.8671042940099940E-002
   8.4834363046046801E-002  -5.6658148834590361E-002
   7.8788498782272370E-002  -6.4174910830574819E-002
   7.2017404828144505E-002  -7.1151196221570540E-002
   6.4578563775139333E-002  -7.7518649895173750E-002
   5.6536180272315661E-002  -8.3211294880895695E-002
   4.7960908679898655E-002  -8.8166240729526515E-002
   3.8929504649649845E-002  -9.2324495430508205E-002
   2.9524390721662304E-002  -9.5631871049979236E-002
   1.9833127297922616E-002  -9.8039967460417349E-002
   9.9477822110834654E-003  -9.9507212634307549E-002
  -3.5805451085372045E-005  -9.9999932240042985E-002
  -1.0018868610013464E-002  -9.9493416003475277E-002
  -1.9900660407837230E-002  -9.7972943810972338E-002
  -2.9579501343406353E-002  -9.5434731172664822E-002
  -3.8953915163882614E-002  -9.1886751773483613E-002
  -4.7923839093789944E-002  -8.7349394715771897E-002
  -5.6391889820355375E-002  -8.1855915937711993E-002
  -6.4264662785669210E-002  -7.5452647319914967E-002
  -7.1454038979617274E-002  -6.8198933191728650E-002
  -7.7878470795215593E-002  -6.0166772202885604E-002
  -8.3464216793347909E-002  -5.1440152569053023E-002
  -8.8146494586359009E-002  -4.2114080118139219E-002
  -9.1870521600760049E-002  -3.2293310812782264E-002
  -9.4592415269828090E-002  -2.2090811856504286E-002
  -9.6279927220451755E-002  -1.1625987400205423E-002
  -9.6912990167007620E-002  -1.0227155373504875E-003
  -9.6484061350610828E-002   9.5927479567388708E-003
  -9.4998252245007894E-002   2.0093937388323869E-002
  -9.2473240621610650E-002   3.0356351243908643E-002
  -8.8938967624344487E-002   4.0259567152941086E-002
  -8.4437128936263969E-002   4.9689235070693158E-002
  -7.9020475118911138E-002   5.8538891807283430E-002
  -7.2751941495453207E-002   6.6711548360618628E-002
  -6.5703632299356329E-002   7.4121011865676517E-002
  -5.7955687051307936E-002   8.0692915698490159E-002
  -4.9595059156406357E-002   8.6365443660536625E-002
  -4.0714237500966463E-002   9.1089746505839259E-002
  -3.1409941412426749E-002   9.4830060697100871E-002
  -2.1781817827351082E-002   9.7563549621223405E-002
  -1.1931167042571201E-002   9.9279896118128680E-002
  -1.9597201911567032E-003   9.9980681784922809E-002
   8.0315122018654057E-003   9.9678592965526572E-002
   1.7943305352056176E-002   9.8396495621775312E-002
   2.7679188052451766E-002   9.6166421527865240E-002
   3.7146306410410730E-002   9.3028506657125004E-002
   4.6256180623286021E-002   8.9029919529577284E-002
   5.4925355502323130E-002   8.4223812991907593E-002
   6.3075948549564081E-002   7.8668327751917080E-002
   7.0636101944279342E-002   7.2425670319583621E-002
   7.7540346766946641E-002   6.5561282118991204E-002
   8.3729889171651750E-002   5.8143110689758692E-002
   8.9152829027193584E-002   5.0240988304159601E-002
   9.3764321816876717E-002   4.1926118146966652E-002
   9.7526694364266808E-002   3.3270663550982564E-002
  0.10040952429336533        2.4347431721519180E-002
  0.10238969209814969        1.5229639952371851E-002
  0.10345141335173909        5.9907495429201412E-003
  0.10358625699307099       -3.2956495371128207E-003
  0.10279315385110595       -1.2555921738412511E-002
  0.10107839766366121       -2.1716456235536995E-002
   9.8455638878841525E-002  -3.0703744272202859E-002
   9.4945869549538042E-002  -3.9444483173144473E-002
   9.0577395703315744E-002  -4.7865725863414935E-002
   8.5385791749680487E-002  -5.5895093361001999E-002
   7.9413829834141053E-002  -6.3461065725530452E-002
   7.2711375625367461E-002  -7.0493364337145717E-002
   6.5335240891297025E-002  -7.6923435134173157E-002
   5.7348982445941721E-002  -8.2685038558847859E-002
   4.8822636693205294E-002  -8.7714947473496535E-002
   3.9832379115374530E-002  -9.1953749273369634E-002
   3.0460098702462066E-002  -9.5346742935619802E-002
   2.0792878532427200E-002  -9.7844915952343958E-002
   1.0922375512591486E-002  -9.9405980195298976E-002
   9.4409467825617814E-004  -9.9995439997190252E-002
  -9.0434436123671864E-003  -9.9587660400553113E-002
  -1.8939641806210231E-002  -9.8166898945476144E-002
  -2.8642862978085864E-002  -9.5728260884321376E-002
  -3.8051558592906203E-002  -9.2278535662763658E-002
  -4.7065472205064622E-002  -8.7836872197734339E-002
  -5.5586900912226206E-002  -8.2435252158839720E-002
  -6.3521992474037128E-002  -7.6118724274324701E-002
  -7.0782052589972305E-002  -6.8945368671869636E-002
  -7.7284834118276996E-002  -6.0985968326516198E-002
  -8.2955778205695857E-002  -5.2323374571620389E-002
  -8.7729176548795945E-002  -4.3051564934387741E-002
  -9.1549224438729385E-002  -3.3274403751971660E-002
  -9.4370935909917297E-002  -2.3104128468805996E-002
  -9.6160895209593200E-002  -1.2659596508129861E-002
  -9.6897822848252185E-002  -2.0643384342821300E-003
  -9.6572939529647961E-002   8.5555278969558224E-003
  -9.5190117078895325E-002   1.9073460941914477E-002
  -9.2765811823553118E-002   2.9364671858260194E-002
  -8.9328782436240539E-002   3.9308248098852548E-002
  -8.4919600704841461E-002   4.8789161154726146E-002
  -7.9589969750564704E-002   5.7700100887083085E-002
  -7.3401869584708068E-002   6.5943086990516694E-002
  -6.6426554346323163E-002   7.3430818313477142E-002
  -5.8743428918331772E-002   8.0087732384402449E-002
  -5.0438834770177160E-002   8.5850759846317279E-002
  -4.1604775783489215E-002   9.0669770874704320E-002
  -3.2337614515762628E-002   9.4507722374173819E-002
  -2.2736767940643915E-002   9.7340525240621437E-002
  -1.2903429318886486E-002   9.9156659783179779E-002
  -2.9393396864437187E-003   9.9956574214688038E-002
   7.0543712959542579E-003   9.9751905781436931E-002
   1.6978259486906497E-002   9.8564566597139594E-002
   2.6735544002007033E-002   9.6425736683466018E-002
   3.6232981339085743E-002   9.3374805312840523E-002
   4.5381632658001866E-002   8.9458298784170762E-002
   5.4097524594109429E-002   8.4728828567380218E-002
   6.2302207130016982E-002   7.9244088671609744E-002
   6.9923214657385949E-002   7.3065925459036743E-002
   7.6894438389661424E-002   6.6259497247503213E-002
   8.3156419726838113E-002   5.8892535185233706E-002
   8.8656575037734942E-002   5.1034711255789379E-002
   9.3349362645931133E-002   4.2757114046065282E-002
   9.7196402628687353E-002   3.4131828200920381E-002
  0.10016655941943479        2.5231609368065393E-002
  0.10223599620483029        1.6129642943748024E-002
  0.10338820879036530        6.8993720745102599E-003
  0.10361404503763857       -2.3856218538735353E-003
  0.10291171421401327       -1.1651704618168323E-002
  0.10128678870209483       -2.0825259839751115E-002
   9.8752198551257872E-002  -2.9832764765127570E-002
   9.5328217374228127E-002  -3.8600890815141640E-002
   9.1042436156176090E-002  -4.7056647846426276E-002
   8.5929719710263974E-002  -5.5127589752268211E-002
   8.0032138841877154E-002  -6.2742097107358646E-002
   7.3398869835398728E-002  -6.9829750014183650E-002
   6.6086051715440422E-002  -7.6321801125876165E-002
   5.8156590922632735E-002  -8.2151755002449228E-002
   4.9679902644946115E-002  -8.7256055527969195E-002
   4.0731578117765864E-002  -9.1574878130218543E-002
   3.1392967800878850E-002  -9.5053018096207850E-002
   2.1750671497732743E-002  -9.7640860507357749E-002
   1.1895928224800867E-002  -9.9295411418426904E-002
   1.9239009679772167E-003  -9.9981364115864002E-002
  -8.0671456465153148E-003  -9.9672168901432087E-002
  -1.7976773342946693E-002  -9.8351070178277336E-002
  -2.7703398612015338E-002  -9.6012071010866465E-002
  -3.7145412209215883E-002  -9.2660783126592011E-002
  -4.6202376149771143E-002  -8.8315119835561826E-002
  -5.4776280418395495E-002  -8.3005790818103567E-002
  -6.2772837669092682E-002  -7.6776561330771140E-002
  -7.0102790716246519E-002  -6.9684244159899961E-002
  -7.6683204827952406E-002  -6.1798400519295027E-002
  -8.2438714924224055E-002  -5.3200735809053518E-002
  -8.7302696923612005E-002  -4.3984187340401285E-002
  -9.1218332793607582E-002  -3.4251713265540093E-002
  -9.4139540406861080E-002  -2.4114804402036845E-002
  -9.6031742083806729E-002  -1.3691752709746811E-002
  -9.6872449638614105E-002  -3.1057211473029239E-003
  -9.6651648694951756E-002   7.5173311760351191E-003
  -9.5371970792399036E-002   1.8050807817742896E-002
  -9.3048648102859025E-002   2.8369653049567255E-002
  -8.9709252122478864E-002   3.8352483474646981E-002
  -8.5393224185342551E-002   4.7883609775737412E-002
  -8.0151211751898890E-002   5.6854890373514738E-002
  -7.4044229873911460E-002   6.5167366641709551E-002
  -6.7142671787990937E-002   7.2732639332538263E-002
  -5.9525196058473444E-002   7.9473957377959578E-002
  -5.1277519961810472E-002   8.5327002546795178E-002
  -4.2491149834411497E-002   9.0240365838693645E-002
  -3.3262078919704459E-002   9.4175723307769535E-002
  -2.3689481937284679E-002   9.7107729642664259E-002
  -1.3874433299685518E-002   9.9023656818468211E-002
  -3.9186728024986957E-003   9.9922812155129132E-002
   6.0765610818157793E-003   9.9815774992822806E-002
   1.6011614250131038E-002   9.8723493898352499E-002
   2.5789404538039858E-002   9.6676286947610005E-002
   3.5316306202690911E-002   9.3712786391518976E-002
   4.4502927710675370E-002   8.9878866186510684E-002
   5.3264782875293973E-002   8.5226586781154967E-002
   6.1522858582475429E-002   7.9813186541321537E-002
   6.9204085006740954E-002   7.3700143603314783E-002
   7.6241716305309556E-002   6.6952326077321947E-002
   8.2575631276130615E-002   5.9637242651399004E-002
   8.8152564385276300E-002   5.1824399989970384E-002
   9.2926277941232052E-002   4.3584768050411692E-002
   9.6857686063208576E-002   3.4990349677617966E-002
   9.9914940512525627E-002   2.6113846656584644E-002
  0.10207348749106909        1.7028410847671108E-002
  0.10331610322209940        7.8074661115313578E-003
  0.10363291457990763       -1.4754155546952176E-003
  0.10302140928848699       -1.0746601916812102E-002
  0.10148643832630125       -1.9932471755001825E-002
   9.9040211213502788E-002  -2.8959489268917855E-002
   9.5702282877559927E-002  -3.7754301346628057E-002
   9.1499528850863640E-002  -4.6243876737979743E-002
   8.6466103707757841E-002  -5.4355704915037183E-002
   8.0643375958182426E-002  -6.2018070539767073E-002
   7.4079831142094321E-002  -6.9160416974263755E-002
   6.6830933676004123E-002  -7.5713809148447997E-002
   5.8958937154045779E-002  -8.1611502343885381E-002
   5.0532632363746291E-002  -8.6789619081082209E-002
   4.1627022300304795E-002  -9.1187931362682634E-002
   3.2322914004932209E-002  -9.4750740116661930E-002
   2.2706418153583915E-002  -9.7427837937947168E-002
   1.2868349007089717E-002  -9.9175535330036924E-002
   2.9035196059396702E-003  -9.9957724836873180E-002
  -7.0900700695353050E-003  -9.9746952012548323E-002
  -1.7012150902748366E-002  -9.8525457422148535E-002
  -2.6761203560430928E-002  -9.6286150141911858E-002
  -3.6235569596696486E-002  -9.3033470871464186E-002
  -4.5334641572609226E-002  -8.8784102099513054E-002
  -5.3960114812964657E-002  -8.3567484036018255E-002
  -6.2017279444681793E-002  -7.7426098412358452E-002
  -6.9416327831680197E-002  -7.0415487817482733E-002
  -7.6073649654675043E-002  -6.2603985908834592E-002
  -8.1913084881575643E-002  -5.4072143390358304E-002
  -8.6867103906044033E-002  -4.4911845714969680E-002
  -9.0877884325025776E-002  -3.5225130536603394E-002
  -9.3898255250715962E-002  -2.5122725386580603E-002
  -9.5892482712382404E-002  -1.4722338186741873E-002
  -9.6836873531621390E-002  -4.1467443196686743E-003
  -9.6720179913147325E-002   6.4782766325569511E-003
  -9.5543792679487538E-002   1.7026094295433974E-002
  -9.3321717335806298E-002   2.7371406574875981E-002
  -9.0080333686689745E-002   3.7392378686009815E-002
  -8.5857946227757706E-002   4.6972678345408310E-002
  -8.0704138691410493E-002   5.6003348270408052E-002
  -7.4678951650764547E-002   6.4384464757431314E-002
  -6.7851906733262510E-002   7.2026540934753927E-002
  -6.0300904576381417E-002   7.8851644680070582E-002
  -5.2111026049708679E-002   8.4794213460936130E-002
  -4.3373267419062493E-002   8.9801560779515052E-002
  -3.4183240058325896E-002   9.3834080800373004E-002
  -2.4639864106654266E-002   9.6865168512205446E-002
  -1.4844083260337095E-002   9.8880881941047008E-002
  -4.8976248585714532E-003   9.9879380154792821E-002
   5.0981742241530664E-003   9.9870175888266258E-002
   1.5043459412871399E-002   9.8873244532030460E-002
   2.4840855760303461E-002   9.6918032054668271E-002
   3.4396362752873659E-002   9.4042403362379123E-002
   4.3620142607440154E-002   9.0291569915181211E-002
   5.2427201763853126E-002   8.5717031438263841E-002
   6.0737968522120336E-002   8.0375561632789375E-002
   6.8478772489677528E-002   7.4328262240479920E-002
   7.5582233648384387E-002   6.7639703963465331E-002
   8.1987570406150720E-002   6.0377166858671449E-002
   8.7640836973315484E-002   5.2609987140296792E-002
   9.2495100827868965E-002   4.4409012009607757E-002
   9.6510570950138180E-002   3.5846159313900963E-002
   9.9654686970735054E-002   2.6994074597079303E-002
  0.10190217844566340        1.7925874486778542E-002
  0.10323510221265608        8.7149623828172689E-003
  0.10364286425672931       -5.6509993502745423E-004
  0.10312223078325579       -9.8406828900382253E-003
  0.10167733132453845       -1.9038161119951734E-002
   9.9319654750172320E-002  -2.8083986696351877E-002
   9.6068037070471277E-002  -3.6904783296659388E-002
   9.1948637973566130E-002  -4.5427480460665595E-002
   8.6994901178614928E-002  -5.3579505863935166E-002
   8.1247491979356698E-002  -6.1289051737975747E-002
   7.4754203855169871E-002  -6.8485429143891857E-002
   6.7569824803699607E-002  -7.5099520748443838E-002
   5.9755953163693330E-002  -8.1064339056953594E-002
   5.1380752211885775E-002  -8.6315692744768968E-002
   4.2518632793313117E-002  -9.0792958846000513E-002
   3.3249853733381525E-002  -9.4439953191079173E-002
   2.3660030824618421E-002  -9.7205885764681838E-002
   1.3839546807945089E-002  -9.9046381763873620E-002
   3.8828569835160798E-003  -9.9924543304802632E-002
  -6.1123121299300545E-003  -9.9812021233855325E-002
  -1.6045870365158629E-002  -9.8690061662582776E-002
  -2.5816373244054960E-002  -9.6550488004501042E-002
  -3.5322124560949714E-002  -9.3396576787706562E-002
  -4.4462359459803057E-002  -8.9243784668274359E-002
  -5.3138491032610743E-002  -8.4120285141364035E-002
  -6.1255399456926582E-002  -7.8067276623307161E-002
  -6.8722739107366676E-002  -7.1139028931934883E-002
  -7.5456236135329480E-002  -6.3402642664338496E-002
  -8.1378946915637365E-002  -5.4937505354310412E-002
  -8.6422446682873286E-002  -4.5834439229073175E-002
  -9.0527917755540269E-002  -3.6194547380255480E-002
  -9.3647108048860547E-002  -2.6127777606101230E-002
  -9.5743133117740811E-002  -1.5751235381902144E-002
  -9.6791098690082261E-002  -5.1872886557186113E-003
  -9.6778525416145955E-002   5.4384832458597224E-003
  -9.5705563175400868E-002   1.5999436992933089E-002
  -9.3584988496634922E-002   2.6370044716939274E-002
  -9.0441985169154623E-002   3.6428039836131847E-002
  -8.6313714641215802E-002   4.6056465124457519E-002
  -8.1248689005242569E-002   5.5145563558147842E-002
  -7.5305964967687752E-002   6.3594459858299368E-002
  -6.8554181944153303E-002   7.1312590282010230E-002
  -6.1070471112380467E-002   7.8220849485650085E-002
  -5.2939264767516786E-002   8.4252435497852274E-002
  -4.4251036597292279E-002   8.9353386279000829E-002
  -3.5101003541706990E-002   9.3482813320953803E-002
  -2.5587818800039359E-002   9.6612848646520033E-002
  -1.5812283430292007E-002   9.8728330909549855E-002
  -5.8761010279311642E-003   9.9826263720081923E-002
   4.1193036248607443E-003   9.9915084621546843E-002
   1.4073885065119659E-002   9.9013786272226775E-002
   2.3889984159179464E-002   9.7150932407153071E-002
   3.3473233193815996E-002   9.4363610265135539E-002
   4.2733354679303989E-002   9.0696358625985976E-002
   5.1584853225961680E-002   8.6200106734249729E-002
   5.9947603147384031E-002   8.0931154529774285E-002
   6.7747337214444078E-002   7.4950219101462962E-002
   7.4916044185535796E-002   6.8321566444581150E-002
   8.1392284351495731E-002   6.1112241711873440E-002
   8.7121433364711148E-002   5.3391405435215700E-002
   9.2055865098176481E-002   4.5229777837498528E-002
   9.6155084244256603E-002   3.6699188484114291E-002
   9.9385818867928272E-002   2.7872224224906823E-002
  0.10172208223512194        1.8821964697921439E-002
  0.10314521200647198        9.6217916236061140E-003
  0.10364389338399853        3.4525570981761705E-004
  0.10321417108578801       -8.9340167999623545E-003
  0.10185945316275330       -1.8142397088361704E-002
   9.9590507721452962E-002  -2.7206325987866438E-002
   9.6425451635872461E-002  -3.6052405240043370E-002
   9.2389728376677221E-002  -4.4607527007931295E-002
   8.7516070216813110E-002  -5.2799059717812277E-002
   8.1844438346752743E-002  -6.0555106564019356E-002
   7.5421932912174333E-002  -6.7804850648819318E-002
   6.8302663734106248E-002  -7.4478997734147609E-002
   6.0547571550247543E-002  -8.0510323949471330E-002
   5.2224189089405272E-002  -8.5834331546337961E-002
   4.3406331218936701E-002  -9.0390010959926617E-002
   3.4173703841644018E-002  -9.4120702113173832E-002
   2.4611422207253777E-002  -9.6975042206444664E-002
   1.4809430872824278E-002  -9.8907981351412877E-002
   4.8618197043984075E-003  -9.9881841558791234E-002
  -5.1339669579347057E-003  -9.9867389050421682E-002
  -1.5078027594086222E-002  -9.8844884950598191E-002
  -2.4869003177976551E-002  -9.6805075457505774E-002
  -3.4405171117709347E-002  -9.3750079945827874E-002
  -4.3585621127263073E-002  -8.9694134427588196E-002
  -5.2311496464736054E-002  -8.4664148672352918E-002
  -6.0487279932626446E-002  -7.8700038252839499E-002
  -6.8022100401181937E-002  -7.1854797922917907E-002
  -7.4831032602990219E-002  -6.4194290006077043E-002
  -8.0836360760359910E-002  -5.5796730681582349E-002
  -8.5968775424581215E-002  -4.6751867860414534E-002
  -9.0168472864347454E-002  -3.7159856260152030E-002
  -9.3386127521453088E-002  -2.7129847715730987E-002
  -9.5583710472768091E-002  -1.6778327018386385E-002
  -9.6735130445377571E-002  -6.2272349406538984E-003
  -9.6826678602415797E-002   4.3980701163512902E-003
  -9.5857263859860931E-002   1.4970952847500840E-002
  -9.3838431662600141E-002   2.5365680266455692E-002
  -9.0794165653551889E-002   3.5459573709694138E-002
  -8.6760478202226196E-002   4.5135069208792213E-002
  -8.1784802006689264E-002   5.4281626182313462E-002
  -7.5925200652327982E-002   6.2797431533654371E-002
  -6.9249420847024901E-002   7.0590855680324735E-002
  -6.1833812854151411E-002   7.7581628180544468E-002
  -5.3762148275974607E-002   8.3701712776398637E-002
  -4.5124365735239126E-002   8.8895874121167812E-002
  -3.6015275167383752E-002   9.3121940509208620E-002
  -2.6533250441562420E-002   9.6350777961393519E-002
  -1.6778938003327186E-002   9.8566000531755335E-002
  -6.8540063472964253E-003   9.9763449323907988E-002
   3.1400424144985006E-003   9.9950478220998243E-002
   1.3102981608147397E-002   9.9145087670126308E-002
   2.2936876609079150E-002   9.7374949085416371E-002
   3.2547000176593406E-002   9.4676361719408200E-002
   4.1842641757423797E-002   9.1093181460824652E-002
   5.0737809772120619E-002   8.6675757263318345E-002
   5.9151829236851028E-002   8.1479906135350777E-002
   6.7009839897787166E-002   7.5565952166404951E-002
   7.4243202313738335E-002   6.8997849248305654E-002
   8.0789820993393852E-002   6.1842401254619074E-002
   8.6594394780729736E-002   5.4168587701492327E-002
   9.1608605211085367E-002   4.6046997514803220E-002
   9.5791253572394278E-002   3.7549368606035319E-002
   9.9108356953476945E-002   2.8748226602115200E-002
  0.10153321270351462        1.9716612333080589E-002
  0.10304643952663312        1.0527884576207723E-002
  0.10363600195664327        1.2555820852623197E-003
  0.10329722326234467       -8.0266729144145583E-003
  0.10203278998471801       -1.7245248828097002E-002
   9.9852749363378915E-002  -2.6326576110107282E-002
   9.6774498929077704E-002  -3.5197235795279280E-002
   9.2822765579470362E-002  -4.3784084441274254E-002
   8.8029569574852043E-002  -5.2014433696077805E-002
   8.2434167148185938E-002  -5.9816301022144962E-002
   7.6082963880408749E-002  -6.7118745808459571E-002
   6.9029389710197744E-002  -7.3852302169005873E-002
   6.1333725490770714E-002  -7.9949516155772865E-002
   5.3062870438130093E-002  -8.5345590920128084E-002
   4.4290039696039944E-002  -8.9979138579694404E-002
   3.5094381627619263E-002  -9.3793032266751314E-002
   2.5560505376478533E-002  -9.6735346170671643E-002
   1.5777910751921337E-002  -9.8760365512169879E-002
   5.8403145933161871E-003  -9.9829642523250481E-002
  -4.1551295559062642E-003  -9.9913068923931578E-002
  -1.4108718427400068E-002  -9.8989930395407433E-002
  -2.3919188960587982E-002  -9.7049904485850200E-002
  -3.3484803481293131E-002  -9.4093960592664380E-002
  -4.2704518208762240E-002  -9.0135119468646066E-002
  -5.1479218935607599E-002  -8.5199030377537011E-002
  -5.9713003657622374E-002  -7.9324326778793031E-002
  -6.7314488246649901E-002  -7.2562726348852927E-002
  -7.4198108176568606E-002  -6.4978848214594168E-002
  -8.0285387036460432E-002  -5.6649729306620024E-002
  -8.5506141277363751E-002  -4.7664032407729547E-002
  -8.9799590480836952E-002  -3.8120950304911756E-002
  -9.3115343496711314E-002  -2.8128822860123609E-002
  -9.5414233097962528E-002  -1.7803496118914207E-002
  -9.6668975296559490E-002  -7.2664640602928630E-003
  -9.6864634038059616E-002   3.3571564457846020E-003
  -9.5998877460095153E-002   1.3940759096614878E-002
  -9.4082018018850799E-002   2.4358426504162783E-002
  -9.1136835273544853E-002   3.4487087756661351E-002
  -8.7198186662784116E-002   4.4208590515430662E-002
  -8.2312417895588186E-002   5.3411627042062731E-002
  -7.6536590317979714E-002   6.1993460432629099E-002
  -6.9937547543759929E-002   6.9861406573710289E-002
  -6.2590847548379513E-002   7.6934038338188487E-002
  -5.4579589174763986E-002   8.3142090624515871E-002
  -4.5993163517116117E-002   8.8429057294047458E-002
  -3.6925960931838600E-002   9.2751483179604230E-002
  -2.7476063539170856E-002   9.6078965497046129E-002
  -1.7743951147863674E-002   9.8393888672023755E-002
  -7.8312457263499963E-003   9.9690924414254450E-002
   2.1604839436728789E-003   9.9976334598812527E-002
   1.2130839746839527E-002   9.9267118063722501E-002
   2.1981620361749429E-002   9.7590043857361641E-002
   3.1617746793441176E-002   9.4980612934172051E-002
   4.0948082168293258E-002   9.1481988056631131E-002
   4.9886144453204578E-002   8.7143928026568174E-002
   5.8350714146086870E-002   8.2021757679285406E-002
   6.6266341862471531E-002   7.6175399671094018E-002
   7.3563763058405909E-002   6.9668488296718747E-002
   8.0180228858315425E-002   6.2567579673794047E-002
   8.6059763100057904E-002   5.4941466867762280E-002
   9.1153356291447107E-002   4.6860603091823494E-002
   9.5419107232989422E-002   3.8396631142851780E-002
   9.8822322651983874E-002   2.9622012818828605E-002
  0.10133558437231258        2.0609748260316516E-002
  0.10293879237479528        1.1433171990687998E-002
  0.10361919064860731        2.1658098980598152E-003
  0.10337138105802489       -7.1187205062506545E-003
  0.10219732861215654       -1.6346785520168647E-002
  0.10010635958807501       -2.5444806054530679E-002
   9.7115151978216546E-002  -3.4339343622563023E-002
   9.3247715768745229E-002  -4.2957220887512561E-002
   8.8535358664714084E-002  -5.1225695115122982E-002
   8.3016631119298800E-002  -5.9072701254303528E-002
   7.6737242958790280E-002  -6.6427179130401151E-002
   6.9749942584804228E-002  -7.3219496365156317E-002
   6.2114348743872318E-002  -7.9381975129293750E-002
   5.3896724245612398E-002  -8.4849526699240091E-002
   4.5169680845011703E-002  -8.9560393067038710E-002
   3.6011804837420287E-002  -9.3456989616219302E-002
   2.6507193792547581E-002  -9.6486837243601686E-002
   1.6744896307838250E-002  -9.8603566443985713E-002
   6.8182487046632451E-003  -9.9767969998526523E-002
  -3.1758947887971598E-003  -9.9949075284091596E-002
  -1.3138038666596859E-002  -9.9125202156955208E-002
  -2.2967026262578728E-002  -9.7284968194565849E-002
  -3.2561116053093676E-002  -9.4428200147321256E-002
  -4.1819142644129448E-002  -9.0566709086247921E-002
  -5.0641746698489032E-002  -8.5724887216460280E-002
  -5.8932653965127341E-002  -7.9940086870963045E-002
  -6.6599979841746523E-002  -7.3262746913059493E-002
  -7.3557532750371149E-002  -6.5756238639643805E-002
  -7.9726087242010274E-002  -5.7496412129265713E-002
  -8.5034596355006792E-002  -4.8570834504871971E-002
  -8.9421312477985238E-002  -3.9077723324330037E-002
  -9.2834786906016306E-002  -2.9124590691366560E-002
  -9.5234720458393499E-002  -1.8826626024867538E-002
  -9.6592640909256663E-002  -8.3048570207960772E-003
  -9.6892387457698820E-002   2.3158615175045694E-003
  -9.6130387853672339E-002   1.2908973258785558E-002
  -9.4315719863131295E-002   2.3348397182790828E-002
  -9.1469955219209712E-002   3.3510690075888916E-002
  -8.7626790758336584E-002   4.3277129768200528E-002
  -8.2831477767597236E-002   5.2535657978263629E-002
  -7.7140066373916724E-002   6.1182628254948003E-002
  -7.0618486822874929E-002   6.9124313537763452E-002
  -6.3341493512368272E-002   7.6278138715991303E-002
  -5.5391500514347665E-002   8.2573615578317050E-002
  -4.6857338957013855E-002   8.7952969991283061E-002
  -3.7832967042028695E-002   9.2371463325217146E-002
  -2.8416162695682687E-002   9.5797421423888154E-002
  -1.8707227017356082E-002   9.8211994258602262E-002
  -8.8077239573362952E-003   9.9608677422646272E-002
   1.1807217743288155E-003   9.9992632560287981E-002
   1.1157550481933962E-002   9.9379847587472814E-002
   2.1024303039484011E-002   9.7796179188165647E-002
   3.0685556571928299E-002   9.5276319717243624E-002
   4.0049754728842792E-002   9.1862728554370998E-002
   4.9029930856428448E-002   8.7604564440296642E-002
   5.7544325804394392E-002   8.2556650725503194E-002
   6.5516905034736950E-002   7.6778500113496725E-002
   7.2877782071452943E-002   7.0333419711895495E-002
   7.9563557116540173E-002   6.3287711304129343E-002
   8.5517580857779787E-002   5.5709975968171323E-002
   9.0690154129331624E-002   4.7670526691229530E-002
   9.5038674195626158E-002   3.9240907605205197E-002
   9.8527738062993975E-002   3.0493513994684043E-002
  0.10112921244021891        2.1501303364754538E-002
  0.10282227883109757        1.2337584625571213E-002
  0.10359346081282737        3.0758698568907998E-003
  0.10343663889680504       -6.2102288526808616E-003
  0.10235305654486206       -1.5447076357809267E-002
  0.10035131898398637       -2.4561084836055576E-002
   9.7447384484626171E-002  -3.3478797421857456E-002
   9.3664545799448190E-002  -4.2127004536133439E-002
   8.9033397558790889E-002  -5.0432911384831441E-002
   8.3591783644882262E-002  -5.8324373535735864E-002
   7.7384716979663426E-002  -6.5730215305017894E-002
   7.0464262823011839E-002  -7.2580642877052223E-002
   6.2889375652794108E-002  -7.8807760635245291E-002
   5.4725679048992983E-002  -8.4346195107346811E-002
   4.6045177792483752E-002  -8.9133826261280455E-002
   3.6925891671012075E-002  -9.3112620697139312E-002
   2.7451401307582148E-002  -9.6229555680540146E-002
   1.7710297723160892E-002  -9.8437617113296363E-002
   7.7955293310326534E-003  -9.9696848651510003E-002
  -2.1963573747135045E-003  -9.9975423519947926E-002
  -1.2166084066542394E-002  -9.9250705438328091E-002
  -2.2012610815988598E-002  -9.7510260802681492E-002
  -3.1634203410110244E-002  -9.4752781196914007E-002
  -4.0929586667462221E-002  -9.0988873776731344E-002
  -4.9799168421767660E-002  -8.6241677360056210E-002
  -5.8146314724025455E-002  -8.0547264394175061E-002
  -6.5878653037645160E-002  -7.3954793469618710E-002
  -7.2909376983571667E-002  -6.6526383708855441E-002
  -7.9158523742910075E-002  -5.8336691026126077E-002
  -8.4554193730624796E-002  -4.9472176634670385E-002
  -8.9033681765591358E-002  -4.0030069825401707E-002
  -9.2544489778841596E-002  -3.0117039386748423E-002
  -9.5045193160473967E-002  -1.9847600415300135E-002
  -9.6506136114386520E-002  -9.3422949683565713E-003
  -9.6909935765164074E-002   1.2743046766709714E-003
  -9.6251780071150303E-002   1.1875713114289841E-002
  -9.4539510610306188E-002   2.2335706508881122E-002
  -9.1793487743301955E-002   3.2530489398547205E-002
  -8.8046242215607196E-002   4.2340788483215319E-002
  -8.3341923623354006E-002   5.1653811761375200E-002
  -7.7735562035632533E-002   6.0365017741457951E-002
  -7.1292164170569244E-002   6.8379648272977447E-002
  -6.4085669645616600E-002   7.5613989251451075E-002
  -5.6197795807798170E-002   8.1996335380916913E-002
  -4.7716801410717942E-002   8.7467647613491697E-002
  -3.8736199926951216E-002   9.1981904121367294E-002
  -2.9353452619888101E-002   9.5506157048103418E-002
  -1.9668669760753349E-002   9.8020317290795148E-002
  -9.7833457247417498E-003   9.9516697772522741E-002
   2.0084967095055847E-004   9.9999351813017653E-002
   1.0183205102166542E-002   9.9483247181930176E-002
   2.0065012628239141E-002   9.7993318250007913E-002
   2.9750513469038151E-002   9.5563438484802865E-002
   3.9147738741451062E-002   9.2235353608096773E-002
   4.8169243101232218E-002   8.8057612344381461E-002
   5.6732732711496342E-002   8.3084527179641349E-002
   6.4761591941690330E-002   7.7375192260383766E-002
   7.2185315629300445E-002   7.0992579821554269E-002
   7.8939855580678842E-002   6.4002730632869390E-002
   8.4967891244318056E-002   5.6474048146103559E-002
   9.0219035179297302E-002   4.8476700510925258E-002
   9.4649984100552378E-002   4.0082129553301427E-002
   9.8224625960690870E-002   3.1362661280320947E-002
  0.10091411278298947        2.2391208549606866E-002
  0.10269690785406908        1.3241053248562338E-002
  0.10355881448120431        3.9856926729626187E-003
  0.10349299188157110       -5.3012672346136967E-003
  0.10249996196080521       -1.4546190545581393E-002
  0.10058760881609484       -2.3675481491764568E-002
   9.7771170823224757E-002  -3.2615665931026341E-002
   9.4073223195266481E-002  -4.1293503636718104E-002
   8.9523646990775738E-002  -4.9636150005176197E-002
   8.4159578760153564E-002  -5.7571384270652011E-002
   7.8025333410558340E-002  -6.5027919200175949E-002
   7.1172291504499746E-002  -7.1935804495182540E-002
   6.3658741148423403E-002  -7.8226932743378788E-002
   5.5549663938782766E-002  -8.3835652750582482E-002
   4.6916454175961714E-002  -8.8699490470474443E-002
   3.7836560787757198E-002  -9.2759972606820257E-002
   2.8393042172074015E-002  -9.5963542396138121E-002
   1.8674025507939205E-002  -9.8262551245386881E-002
   8.7720640116590830E-003  -9.9616304006196435E-002
  -1.2166118755591645E-003  -9.9992129971117380E-002
  -1.1192950325288258E-002  -9.9366446478039924E-002
  -2.1056038403321889E-002  -9.7725777636950881E-002
  -3.0704160293523436E-002  -9.5067687492112668E-002
  -4.0035942795361060E-002  -9.1401585235672586E-002
  -4.8951573177078989E-002  -8.6749360190792754E-002
  -5.7354070327142494E-002  -8.1145806411088345E-002
  -6.5150586327405946E-002  -7.4638801028960311E-002
  -7.2253712289599967E-002  -6.7289206936127138E-002
  -7.8582759763254878E-002  -5.9170478861682474E-002
  -8.4064987428264792E-002  -5.0367962142553235E-002
  -8.8636742283356496E-002  -4.0977885028148156E-002
  -9.2244485237508722E-002  -3.1106057666375760E-002
  -9.4845672948546830E-002  -2.0866303325848740E-002
  -9.6409470906674441E-002  -1.0378659208848694E-002
  -9.6917277033991764E-002   2.3260531046380255E-004
  -9.6363040298534139E-002   1.0841096685829710E-002
  -9.4753364796705764E-002   2.1320469124474373E-002
  -9.2107396167359412E-002   3.1546595071367770E-002
  -8.8456493760277255E-002   4.1399668954132933E-002
  -8.3843698377514930E-002   5.0766182079080589E-002
  -7.8323011334986370E-002   5.9540712664392023E-002
  -7.1958505781706622E-002   6.7627483597780147E-002
  -6.4823295441356218E-002   7.4941651057997494E-002
  -5.6998389042613513E-002   8.1410298981001827E-002
  -4.8571460587538147E-002   8.6973126769388509E-002
  -3.9635566249242658E-002   9.1582829929042431E-002
  -3.0287838137704283E-002   9.5205184817057031E-002
  -2.0628183533028491E-002   9.7818858845995102E-002
  -1.0758015615056181E-002   9.9414975887509346E-002
  -7.7903840832670504E-004   9.9996472976014397E-002
   9.2078951763220947E-003   9.9577288603346373E-002
   1.9103837470654254E-002   9.8181424931804553E-002
   2.8812701865155929E-002   9.5841926270947342E-002
   3.8242113988867614E-002   9.2599814394058788E-002
   4.7304155835083468E-002   8.8503018010735707E-002
   5.5916003934143803E-002   8.3605329296689623E-002
   6.4000465708632909E-002   7.7965415154049866E-002
   7.1486420630826664E-002   7.1645905164801793E-002
   7.8309174704149262E-002   6.4712572304535448E-002
   8.4410738104338523E-002   5.7233616657999212E-002
   8.9740036559632974E-002   4.9279056826994141E-002
   9.4253067258176892E-002   4.0920228599089850E-002
   9.7913009793579059E-002   3.2229385858925257E-002
  0.10069030195324401        2.3279394737233422E-002
  0.10256268908052882        1.4143508637291151E-002
  0.10351525436456893        4.8952090606126340E-003
  0.10354043579414533       -4.3919049360133192E-003
  0.10263803371623451       -1.3644197298516569E-002
  0.10081521102612359       -2.2788065079652003E-002
   9.8086486042867654E-002  -3.1750017924030371E-002
   9.4473716149198569E-002  -4.0456786496441764E-002
   9.0006068356523777E-002  -4.8835478562902324E-002
   8.4719971151993076E-002  -5.6813799988003809E-002
   7.8659040355898463E-002  -6.4320355856037709E-002
   7.1873970325816786E-002  -7.1285044239888587E-002
   6.4422380752236524E-002  -7.7639551820841424E-002
   5.6368608562565786E-002  -8.3317956609513466E-002
   4.7783434148370135E-002  -8.8257438462623114E-002
   3.8743731311869999E-002  -9.2399092994957230E-002
   2.9332031041294976E-002  -9.5688838954691116E-002
   1.9635990507072109E-002  -9.8078403314634507E-002
   9.7477605407686792E-003  -9.9526362434201668E-002
  -2.3675268776599673E-004  -9.9999211918936431E-002
  -1.0218733073964537E-002  -9.9472432542197245E-002
  -2.0097404846723649E-002  -9.7931515125422933E-002
  -2.9771081597314539E-002  -9.5372903942492843E-002
  -3.9138303815187472E-002  -9.1804816355363139E-002
  -4.8099050427431150E-002  -8.7247896302567560E-002
  -5.6556005679490394E-002  -8.1735661184732133E-002
  -6.4415858834612039E-002  -7.5314705763174478E-002
  -7.1590610825449846E-002  -6.8044632929745996E-002
  -7.7998859375591797E-002  -5.9997689499142415E-002
  -8.3567032414378212E-002  -5.1258095249939767E-002
  -8.8230538993809851E-002  -4.1921064881245619E-002
  -9.1934807491771409E-002  -3.2091534810635501E-002
  -9.4636182701286986E-002  -2.1882619167541355E-002
  -9.6302656442981152E-002  -1.1413831227430490E-002
  -9.6914410507726714E-002  -8.0911717172357268E-004
  -9.6464155879544738E-002   9.8052422191202120E-003
  -9.4957258084291646E-002   2.0302800088673953E-002
  -9.2411644887640282E-002   3.0559117039715450E-002
  -8.8857499124521594E-002   4.0453874237199441E-002
  -8.4336745867672258E-002   4.9872863523674281E-002
  -7.8902349130252583E-002   5.8709797817367231E-002
  -7.2617438570727388E-002   6.6867893441296913E-002
  -6.5554290998047118E-002   7.4261186420560940E-002
  -5.7793194692517785E-002   8.0815556531138547E-002
  -4.9421226562147674E-002   8.6469445276670581E-002
  -4.0530972916811001E-002   9.1174266298110193E-002
  -3.1219224203382766E-002   9.4894518324524155E-002
  -2.1585672505776962E-002   9.7607621086572241E-002
  -1.1731638126615098E-002   9.9303503199585308E-002
  -1.7588483206946257E-003   9.9983977588769257E-002
   8.2317125451912797E-003   9.9661944433244554E-002
   1.8140866258976984E-002   9.8360463848943605E-002
   2.7872206557962069E-002   9.6111740737276380E-002
   3.7332960729045801E-002   9.2956062619869523E-002
   4.6434744229196440E-002   8.8940728151834694E-002
   5.5094209102648936E-002   8.4118999688715418E-002
   6.3233590056320510E-002   7.8549108119126410E-002
   7.0781154595260284E-002   7.2293332497974039E-002
   7.7671565579604293E-002   6.5417171125783588E-002
   8.3846165935615918E-002   5.7988614877261806E-002
   8.9253196051569672E-002   5.0077527996725747E-002
   9.3847954648544091E-002   4.1755136408511882E-002
   9.7592913684149851E-002   3.3093618947829070E-002
  0.10045779718026578        2.4165792870242647E-002
  0.10241963282547724        1.5044881580079604E-002
  0.10346278385264090        5.8043497379173803E-003
  0.10357896709530566       -3.4822112432686975E-003
  0.10276726134576737       -1.2741165841283500E-002
  0.10103410823272871       -2.1898904677417654E-002
   9.8393305866685127E-002  -3.0881922209183885E-002
   9.4865993524099163E-002  -3.9616921477647393E-002
   9.0480623714879069E-002  -4.8030964728294032E-002
   8.5272916160139087E-002  -5.6051687337349408E-002
   7.9285786558656743E-002  -6.3607590479961590E-002
   7.2569241602597034E-002  -7.0628425355276414E-002
   6.5180230579171772E-002  -7.7045678525122979E-002
   5.7182443128622987E-002  -8.2793164031190164E-002
   4.8646042382510947E-002  -8.7807723456956574E-002
   3.9647322837778505E-002  -9.2030030054316314E-002
   3.0268282981610682E-002  -9.5405487560458663E-002
   2.0596103907596183E-002  -9.7885208534742849E-002
   1.0722526975835254E-002  -9.9427051145234382E-002
   7.4312596688832014E-004  -9.9996687577530913E-002
  -9.2435278667503170E-003  -9.9568671916547336E-002
  -1.9136805997220119E-002  -9.8127470790856625E-002
  -2.8835062356931646E-002  -9.5668416611695714E-002
  -3.8236762773348060E-002  -9.2198541222063460E-002
  -4.7241690015331822E-002  -8.7737247500354498E-002
  -5.5752206186488414E-002  -8.2316778180775138E-002
  -6.3674550301955291E-002  -7.5982445011048089E-002
  -7.0920145480909025E-002  -6.8792587400234487E-002
  -7.7406887491072815E-002  -6.0818237811029401E-002
  -8.3060384589162886E-002  -5.2142481067393102E-002
  -8.7815117875082255E-002  -4.2859506077449760E-002
  -9.1615491833229160E-002  -3.3073360677497193E-002
  -9.4416746427919293E-002  -2.2896432745496444E-002
  -9.6185705040437858E-002  -1.2447692708093301E-002
  -9.6901336600030502E-002  -1.8507433580972621E-003
  -9.6555115317696602E-002   8.7682681634131277E-003
  -9.5151167264640971E-002   1.9282814859089524E-002
  -9.2706199380894125E-002   2.9568165830491461E-002
  -8.9249213054396273E-002   3.9503508136082097E-002
  -8.4821010863145571E-002   4.8973951579206566E-002
  -7.9473511116070247E-002   5.7872359005118161E-002
  -7.3268890182487903E-002   6.6100952835839263E-002
  -6.6278577030827762E-002   7.3572658790868453E-002
  -5.8582127729243309E-002   8.0212159385820631E-002
  -5.0266009786429214E-002   8.5956642162658373E-002
  -4.1422327094497495E-002   9.0756239970315053E-002
  -3.2147515910766242E-002   9.4574172315736407E-002
  -2.2541040877880940E-002   9.7386607266616937E-002
  -1.2704117679520658E-002   9.9182272157142981E-002
  -2.7384857477370690E-003   9.9961848120239505E-002
   7.2547493134345591E-003   9.9737188087957326E-002
   1.7176188027893557E-002   9.8530400353018979E-002
   2.6929112756232394E-002   9.6372840182502695E-002
   3.6420359689886342E-002   9.3304050533719651E-002
   4.5561083974167908E-002   8.9370689929313601E-002
   5.4267418407342477E-002   8.4625481332673530E-002
   6.2461029298157632E-002   7.9126210769487337E-002
   7.0069575660017078E-002   7.2934798800574088E-002
   7.7027079937313073E-002   6.6116462070358609E-002
   8.3274219887862377E-002   5.8738976298256279E-002
   8.8758552098463769E-002   5.0872046461724690E-002
   9.3434677920787426E-002   4.2586784703820497E-002
   9.7264362428532411E-002   3.3955291800167535E-002
  0.10021661636979119        2.5050333912634077E-002
  0.10226775008198130        1.5945102876734125E-002
  0.10340140701398272        6.7130454273091264E-003
  0.10360858292479999       -2.5722554445731394E-003
  0.10288763506247417       -1.1837165407384097E-002
  0.10124428373168008       -2.1008069381304881E-002
   9.8691606692404218E-002  -3.0011447627471394E-002
   9.5250024853201845E-002  -3.8773976995492843E-002
   9.0947275788471421E-002  -4.7222676252026134E-002
   8.5818369778343576E-002  -5.5285113084810295E-002
   7.9905521401963331E-002  -6.2889688441499017E-002
   7.3258048271717183E-002  -6.9966011303226744E-002
   6.5932227340434635E-002  -7.6445373797095970E-002
   5.7991098409479434E-002  -8.2261332721283109E-002
   4.9504204075437555E-002  -8.7350399115282473E-002
   4.0547255435395939E-002  -9.1652832511469620E-002
   3.1201713476700227E-002  -9.5113531048009112E-002
   2.1554277245879001E-002  -9.7683002848971731E-002
   1.1696271645743219E-002  -9.9318398177530992E-002
   1.7229300503747887E-003  -9.9984576084811635E-002
  -8.2674301709225427E-003  -9.9655173898414107E-002
  -1.8174337724024422E-002  -9.8313643243985768E-002
  -2.7896197738004173E-002  -9.5954212712401732E-002
  -3.7331412963606710E-002  -9.2582735113037967E-002
  -4.6379582150919869E-002  -8.8217376799604758E-002
  -5.4942757742163409E-002  -8.2889108069530468E-002
  -6.2926741079773890E-002  -7.6641957282826523E-002
  -7.0242389867713459E-002  -6.9532997167922855E-002
  -7.6806909849505015E-002  -6.1632039689510469E-002
  -8.2545100777777117E-002  -5.3021025607533669E-002
  -8.7390525913529735E-002  -4.3793106068813994E-002
  -9.1286574629572251E-002  -3.4051425719651716E-002
  -9.4187389264254046E-002  -2.3907629277508974E-002
  -9.6058630174390369E-002  -1.3480125553153893E-002
  -9.6878056894595804E-002  -2.8921538542766839E-003
  -9.6635908278184607E-002   7.7302931519611442E-003
  -9.5335070262748234E-002   1.8260629273165539E-002
  -9.2991026209964744E-002   2.8573852534871019E-002
  -8.9631591317076986E-002   3.8548675186494519E-002
  -8.5296439073646674E-002   4.8069542608387181E-002
  -8.0036433833291135E-002   5.7028483032967460E-002
  -7.3912789003025184E-002   6.5326737909119068E-002
  -6.6996074882917978E-002   7.2876132782464867E-002
  -5.9365103634292628E-002   7.9600160099250236E-002
  -5.1105721101326468E-002   8.5434757664691829E-002
  -4.2309536215767267E-002   9.0328778882056510E-002
  -3.3072618504594559E-002   9.4244162692241812E-002
  -2.3494192886239641E-002   9.7155821738532364E-002
  -1.3675358625641796E-002   9.9051276232934762E-002
  -3.7178562045840358E-003   9.9930067977761952E-002
   6.2770978413520199E-003   9.9802993828126477E-002
   1.6209892147262907E-002   9.8691200541559318E-002
   2.5983506073542988E-002   9.6625183552088295E-002
   3.5504392063889362E-002   9.3643730933642963E-002
   4.4683251275527469E-002   8.9792850962633577E-002
   5.3435702594953116E-002   8.5124717578298592E-002
   6.1682848337322065E-002   7.9696663015246805E-002
   6.9351742578476455E-002   7.3570241281305890E-002
   7.6375770143491672E-002   6.6810380284143642E-002
   8.2694945761514579E-002   5.9484634540398318E-002
   8.8256143804947493E-002   5.1662544751102941E-002
   9.3013269392558301E-002   4.3415105265972087E-002
   9.6927381496126994E-002   3.4814335706594715E-002
   9.9966778103786985E-002   2.5932948850984579E-002
  0.10210705252105047        1.6844103339365063E-002
  0.10333112859594654        7.6212268562022359E-003
  0.10362928110135354       -1.6621068293116194E-003
  0.10299914575795366       -1.0932265238374674E-002
  0.10144572149603036       -2.0115628304980669E-002
   9.8981365592653719E-002  -2.9138663050921380E-002
   9.5625780340618166E-002  -3.7928021515668764E-002
   9.1405987964481863E-002  -4.6410680962097599E-002
   8.6356288655487876E-002  -5.4514144109118638E-002
   8.0518194910663810E-002  -6.2166715267486294E-002
   7.3940333893394744E-002  -6.9297865757500632E-002
   6.6678308346234463E-002  -7.5838698854147735E-002
   5.8794505745374107E-002  -8.1722520736302373E-002
   5.0357844952743876E-002  -8.6885519533405189E-002
   4.1443449655301133E-002  -9.1267549617580462E-002
   3.2132238433680828E-002  -9.4813012872590446E-002
   2.2510422414716395E-002  -9.7471822920364062E-002
   1.2668903158856368E-002  -9.9200432388254378E-002
   2.7025657174188297E-003  -9.9962897493397707E-002
  -7.2905353569845208E-003  -9.9731948788524066E-002
  -1.7210095903908956E-002  -9.8490032176635947E-002
  -2.6954583025107524E-002  -9.6230280601120197E-002
  -3.6422347915426853E-002  -9.2957374493373310E-002
  -4.5512817400104121E-002  -8.8688248425404070E-002
  -5.4127746717331837E-002  -8.3452602727696862E-002
  -6.2172512114544942E-002  -7.7293182264700847E-002
  -6.9557418308629090E-002  -7.0265790170246256E-002
  -7.6198993009301177E-002  -6.2439012056458749E-002
  -8.2021238721428733E-002  -5.3893635797709186E-002
  -8.6956811096209022E-002  -4.4721763081696550E-002
  -9.0948093318659648E-002  -3.5025621001480579E-002
  -9.3948137468540915E-002  -2.4916094412516715E-002
  -9.5921446476152417E-002  -1.4511011902682268E-002
  -9.6844574144866441E-002  -3.9332293031025412E-003
  -9.6706525589578846E-002   6.6914359824292273E-003
  -9.5508946140643383E-002   1.7236359529400766E-002
  -9.3266093029222771E-002   2.7576288790881219E-002
  -9.0004590707945364E-002   3.7589480640618671E-002
  -8.5762977157814321E-002   4.7159733839251698E-002
  -8.0591054678722795E-002   5.6178257696035537E-002
  -7.4549064170243678E-002   6.4545325876189663E-002
  -6.7706706536971500E-002   7.2171674165459720E-002
  -6.0142038410677071E-002   7.8979612422854770E-002
  -5.1940271748697892E-002   8.4903833230279696E-002
  -4.3192507994425519E-002   8.9891912166946739E-002
  -3.3994437391856785E-002   9.3904506516576239E-002
  -2.4445032816562788E-002   9.6915269959474373E-002
  -1.4645265258690887E-002   9.8910509931905130E-002
  -4.6968650491516512E-003   9.9888621515889411E-002
   5.2988507365612850E-003   9.9859336768162152E-002
   1.5242068314756467E-002   9.8842831267749912E-002
   2.5035472521881527E-002   9.6868730447903076E-002
   3.4585139502716460E-002   9.3975057176829108E-002
   4.3801322849203642E-002   9.0207159337815521E-002
   5.2599132964910374E-002   8.5616652156079914E-002
   6.0899112663821864E-002   8.0260405069848675E-002
   6.8627714717699767E-002   7.4199597384204272E-002
   7.5717689198585222E-002   6.7498861090305673E-002
   8.2108390006482013E-002   6.0225523352335428E-002
   8.7746010936049446E-002   5.2448955484755942E-002
   9.2583762049432666E-002   4.4240029937091314E-002
   9.6581997029222433E-002   3.5670681997059125E-002
   9.9708301640216629E-002   2.6813568695679083E-002
  0.10193755249150566        1.7741813793234043E-002
  0.10325195402461587        8.5288247576300515E-003
  0.10364106012267103       -7.5183468745535290E-004
  0.10310178500240168       -1.0026534583111955E-002
  0.10163840617627382       -1.9221650578457282E-002
   9.9262560315254017E-002  -2.8263637381037321E-002
   9.5993230861815410E-002  -3.7079123552187704E-002
   9.1856724295379208E-002  -4.5595046760847739E-002
   8.6886630096660741E-002  -5.3738847397755994E-002
   8.1123757752830539E-002  -6.1438736637233253E-002
   7.4616042653229672E-002  -6.8624052597942978E-002
   6.7418411508454776E-002  -7.5225715183407094E-002
   5.9592597047654260E-002  -8.1176786475903345E-002
   5.1206891272769915E-002  -8.6413139232618105E-002
   4.2335826533829092E-002  -9.0874231139242923E-002
   3.3059774189138323E-002  -9.4503977100531586E-002
   2.3464451670333848E-002  -9.7251706121974535E-002
   1.3640330410992198E-002  -9.9073183443861665E-002
   3.6819393244164056E-003  -9.9931672761473023E-002
  -6.3129386888754867E-003  -9.9799007882727386E-002
  -1.6244176410646474E-002  -9.8656638354698345E-002
  -2.6010313610580225E-002  -9.6496609772799169E-002
  -3.5509661382346541E-002  -9.3322437012583553E-002
  -4.4641486672712082E-002  -8.9149827811388915E-002
  -5.3307259947766472E-002  -8.4007215239838312E-002
  -6.1411944937334761E-002  -7.7936060823021583E-002
  -6.8865305826463691E-002  -7.0990895468766829E-002
  -7.5583204337333287E-002  -6.3239072873250340E-002
  -8.1488857068341386E-002  -5.4760219492419472E-002
  -8.6514022403207436E-002  -4.5645376131553610E-002
  -9.0600086402431709E-002  -3.5995838215852213E-002
  -9.3699018417142663E-002  -2.5921714248942608E-002
  -9.5774169730569084E-002  -1.5540234153860402E-002
  -9.6800892273563616E-002  -4.9738504044339396E-003
  -9.6766959245327577E-002   5.6518155972581433E-003
  -9.5672775100825627E-002   1.6210122168463653E-002
  -9.3531368589826913E-002   2.6575586765823257E-002
  -9.0368169057521777E-002   3.6626030451327146E-002
  -8.6220572731617387E-002   4.6244623351593274E-002
  -8.1137311914764670E-002   5.5321771768191169E-002
