   0.0000000000000000        0.0000000000000000     
   0.0000000000000000        5.7641579651875420E-002
   0.0000000000000000       0.11474586955300740     
   0.0000000000000000       0.17084037070063188     
   0.0000000000000000       0.22552423345604655     
   0.0000000000000000       0.27846709988786106     
   0.0000000000000000       0.32940597978055580     
   0.0000000000000000       0.37814065572340755     
   0.0000000000000000       0.42452808019822391     
   0.0000000000000000       0.46847617497166411     
   0.0000000000000000       0.50993737931541161     
   0.0000000000000000       0.54890222598041372     
   0.0000000000000000       0.58539315798909031     
   0.0000000000000000       0.61945873897346837     
   0.0000000000000000       0.65116835722658106     
   0.0000000000000000       0.68060747985355141     
   0.0000000000000000       0.70787347848531390     
   0.0000000000000000       0.73307202139910688     
   0.0000000000000000       0.75631400764320522     
   0.0000000000000000       0.77771300577335623     
   0.0000000000000000       0.79738315191958964     
   0.0000000000000000       0.81543745801482481     
   0.0000000000000000       0.83198648014429188     
   0.0000000000000000       0.84713729827148032     
   0.0000000000000000       0.86099276136465530     
   0.0000000000000000       0.87365095563261608     
   0.0000000000000000       0.88520485775203173     
   0.0000000000000000       0.89574213931431745     
   0.0000000000000000       0.90534509301189314     
   0.0000000000000000       0.91409065516935850     
   0.0000000000000000       0.92205050300921576     
   0.0000000000000000       0.92929120847188584     
   0.0000000000000000       0.93587443346494870     
   0.0000000000000000       0.94185715409791892     
   0.0000000000000000       0.94729190378236339     
   0.0000000000000000       0.95222702706789708     
   0.0000000000000000       0.95670693777277005     
   0.0000000000000000       0.96077237638570290     
   0.0000000000000000       0.96446066289573051     
   0.0000000000000000       0.96780594218015037     
   0.0000000000000000       0.97083941987619071     
   0.0000000000000000       0.97358958730604961     
   0.0000000000000000       0.97608243454105648     
   0.0000000000000000       0.97834165109962523     
   0.0000000000000000       0.98038881409345968     
   0.0000000000000000       0.98224356388270551     
   0.0000000000000000       0.98392376748671062     
   0.0000000000000000       0.98544567013401319     
   0.0000000000000000       0.98682403543260311     
   0.0000000000000000       0.98807227470730552     
   0.0000000000000000       0.98920256609188639     
   0.0000000000000000       0.99022596398460350     
   0.0000000000000000       0.99115249948186812     
   0.0000000000000000       0.99199127239906582     
   0.0000000000000000       0.99275053547335013     
   0.0000000000000000       0.99343777132273037     
   0.0000000000000000       0.99405976271091323     
   0.0000000000000000       0.99462265663962257     
   0.0000000000000000       0.99513202276068580     
   0.0000000000000000       0.99559290656994581     
   0.0000000000000000       0.99600987781473915     
   0.0000000000000000       0.99638707451678810     
   0.0000000000000000       0.99672824298328111     
   0.0000000000000000       0.99703677415092984     
   0.0000000000000000       0.99731573658108763     
   0.0000000000000000       0.99756790639870085     
   0.0000000000000000       0.99779579444401822     
   0.0000000000000000       0.99800167088361402     
   0.0000000000000000       0.99818758750639280     
   0.0000000000000000       0.99835539791079453     
   0.0000000000000000       0.99850677577136715     
   0.0000000000000000       0.99864323135615407     
   0.0000000000000000       0.99876612645089236     
   0.0000000000000000       0.99887668783175287     
   0.0000000000000000       0.99897601941521019     
   0.0000000000000000       0.99906511320151781     
   0.0000000000000000       0.99914485911712070     
   0.0000000000000000       0.99921605385107604     
   0.0000000000000000       0.99927940877110788     
   0.0000000000000000       0.99933555699622179     
   0.0000000000000000       0.99938505969478364     
   0.0000000000000000       0.99942841166955743     
   0.0000000000000000       0.99946604628434610     
   0.0000000000000000       0.99949833978051938     
   0.0000000000000000       0.99952561502580106     
   0.0000000000000000       0.99954814473216269     
   0.0000000000000000       0.99956615417448891     
   0.0000000000000000       0.99957982343679497     
   0.0000000000000000       0.99958928920814005     
   0.0000000000000000       0.99959464614595184     
   0.0000000000000000       0.99959594782022021     
   0.0000000000000000       0.99959320724788114     
   0.0000000000000000       0.99958639702266938     
   0.0000000000000000       0.99957544904172246     
   0.0000000000000000       0.99956025382623526     
   0.0000000000000000       0.99954065942945691     
   0.0000000000000000       0.99951646992124799     
   0.0000000000000000       0.99948744343424456     
   0.0000000000000000       0.99945328975235770     
   0.0000000000000000       0.99941366741784221     
   0.0000000000000000       0.99936818032844776     
   0.0000000000000000       0.99931637379117988     
   0.0000000000000000       0.99925772999389961     
   0.0000000000000000       0.99919166285033489     
   0.0000000000000000       0.99911751216800948     
   0.0000000000000000       0.99903453708207024     
   0.0000000000000000       0.99894190869094635     
   0.0000000000000000       0.99883870182215850     
   0.0000000000000000       0.99872388584833782     
   0.0000000000000000       0.99859631446455710     
   0.0000000000000000       0.99845471432835153     
   0.0000000000000000       0.99829767245323842     
   0.0000000000000000       0.99812362223506468     
   0.0000000000000000       0.99793082797804389     
   0.0000000000000000       0.99771736777380737     
   0.0000000000000000       0.99748111457211908     
   0.0000000000000000       0.99721971526600650     
   0.0000000000000000       0.99693056759687704     
   0.0000000000000000       0.99661079466664415     
   0.0000000000000000       0.99625721682393320     
   0.0000000000000000       0.99586632067002412     
   0.0000000000000000       0.99543422490729261     
   0.0000000000000000       0.99495664272853923     
   0.0000000000000000       0.99442884041977775     
   0.0000000000000000       0.99384559182187726     
   0.0000000000000000       0.99320112826805562     
   0.0000000000000000       0.99248908358481780     
   0.0000000000000000       0.99170243371384104     
   0.0000000000000000       0.99083343048194950     
   0.0000000000000000       0.98987352901628844     
   0.0000000000000000       0.98881330827285752     
   0.0000000000000000       0.98764238411969973     
   0.0000000000000000       0.98634931439254736     
   0.0000000000000000       0.98492149532221818     
   0.0000000000000000       0.98334504872158957     
   0.0000000000000000       0.98160469931810357     
   0.0000000000000000       0.97968364162864152     
   0.0000000000000000       0.97756339580115681     
   0.0000000000000000       0.97522365189644122     
   0.0000000000000000       0.97264210215963232     
   0.0000000000000000       0.96979426094157528     
   0.0000000000000000       0.96665327208337326     
   0.0000000000000000       0.96318970378347124     
   0.0000000000000000       0.95937133123738616     
   0.0000000000000000       0.95516290768978085     
   0.0000000000000000       0.95052592498341859     
   0.0000000000000000       0.94541836524862310     
   0.0000000000000000       0.93979444607194706     
   0.0000000000000000       0.93360436233836108     
   0.0000000000000000       0.92679402898472363     
   0.0000000000000000       0.91930483016334652     
   0.0000000000000000       0.91107338182479647     
   0.0000000000000000       0.90203131652122615     
   0.0000000000000000       0.89210510133735321     
   0.0000000000000000       0.88121590230450308     
   0.0000000000000000       0.86927951146628268     
   0.0000000000000000       0.85620635595384187     
   0.0000000000000000       0.84190161198851399     
   0.0000000000000000       0.82626545062896117     
   0.0000000000000000       0.80919344625254452     
   0.0000000000000000       0.79057718309252600     
   0.0000000000000000       0.77030509946735837     
   0.0000000000000000       0.74826361337966141     
   0.0000000000000000       0.72433857657640843     
   0.0000000000000000       0.69841710647745681     
   0.0000000000000000       0.67038984599226459     
   0.0000000000000000       0.64015369940437683     
   0.0000000000000000       0.60761508731242186     
   0.0000000000000000       0.57269375404351219     
   0.0000000000000000       0.53532714587224961     
   0.0000000000000000       0.49547535663149445     
   0.0000000000000000       0.45312660782018749     
   0.0000000000000000       0.40830319227595602     
   0.0000000000000000       0.36106776352604503     
   0.0000000000000000       0.31152979743089865     
   0.0000000000000000       0.25985199010100307     
   0.0000000000000000       0.20625628906564536     
   0.0000000000000000       0.15102918770088841     
   0.0000000000000000        9.4525852180998821E-002
   0.0000000000000000        3.7172603665403488E-002
   0.0000000000000000       -2.0532744532976863E-002
   0.0000000000000000       -7.8023184324886891E-002
   0.0000000000000000      -0.13466788021192655     
   0.0000000000000000      -0.18978093701234186     
   0.0000000000000000      -0.24263373849834988     
   0.0000000000000000      -0.29247081499872885     
   0.0000000000000000      -0.33852894227036928     
   0.0000000000000000      -0.38005889253674663     
   0.0000000000000000      -0.41634897684118560     
   0.0000000000000000      -0.44674926681006710     
   0.0000000000000000      -0.47069519677536081     
   0.0000000000000000      -0.48772915454064381     
   0.0000000000000000      -0.49751869351114869     
   0.0000000000000000      -0.49987015031254878     
   0.0000000000000000      -0.49473672433046084     
   0.0000000000000000      -0.48222044617741583     
   0.0000000000000000      -0.46256789405117660     
   0.0000000000000000      -0.43615996420024356     
   0.0000000000000000      -0.40349641584583829     
   0.0000000000000000      -0.36517624853189795     
   0.0000000000000000      -0.32187519894922689     
   0.0000000000000000      -0.27432174823053951     
   0.0000000000000000      -0.22327300963198182     
   0.0000000000000000      -0.16949173549954838     
   0.0000000000000000      -0.11372546765964106     
   0.0000000000000000       -5.6688589039482602E-002
   0.0000000000000000        9.5225067644974515E-004
   0.0000000000000000        5.8589136970631533E-002
   0.0000000000000000       0.11568036287616557     
   0.0000000000000000       0.17175460826617500     
   0.0000000000000000       0.22641220182509950     
   0.0000000000000000       0.27932392688507607     
   0.0000000000000000       0.33022786921716640     
   0.0000000000000000       0.37892480187146338     
   0.0000000000000000       0.42527256925270579     
   0.0000000000000000       0.46917987975253783     
   0.0000000000000000       0.51059985235946481     
   0.0000000000000000       0.54952359505926884     
   0.0000000000000000       0.58597402704145984     
   0.0000000000000000       0.62000009650534760     
   0.0000000000000000       0.65167149343842379     
   0.0000000000000000       0.68107391310645649     
   0.0000000000000000       0.70830489121408335     
   0.0000000000000000       0.73347020520578610     
   0.0000000000000000       0.75668081704299106     
   0.0000000000000000       0.77805031989649442     
   0.0000000000000000       0.79769284337927449     
   0.0000000000000000       0.81572136811485940     
   0.0000000000000000       0.83224639960622326     
   0.0000000000000000       0.84737495269638530     
   0.0000000000000000       0.86120980069944175     
   0.0000000000000000       0.87384894697657345     
   0.0000000000000000       0.88538528091034963     
   0.0000000000000000       0.89590638457697536     
   0.0000000000000000       0.90549446070565109     
   0.0000000000000000       0.91422635659554929     
   0.0000000000000000       0.92217366243948129     
   0.0000000000000000       0.92940286592733767     
   0.0000000000000000       0.93597554805132910     
   0.0000000000000000       0.94194860771035482     
   0.0000000000000000       0.94737450502858900     
   0.0000000000000000       0.95230151528884388     
   0.0000000000000000       0.95677398706469874     
   0.0000000000000000       0.96083259954912525     
   0.0000000000000000       0.96451461525375615     
   0.0000000000000000       0.96785412522309533     
   0.0000000000000000       0.97088228470075066     
   0.0000000000000000       0.97362753782647971     
   0.0000000000000000       0.97611583045697503     
   0.0000000000000000       0.97837081061058329     
   0.0000000000000000       0.98041401635456649     
   0.0000000000000000       0.98226505119860330     
   0.0000000000000000       0.98394174724324501     
   0.0000000000000000       0.98546031646821763     
   0.0000000000000000       0.98683549064223686     
   0.0000000000000000       0.98808065040126958     
   0.0000000000000000       0.98920794408248391     
   0.0000000000000000       0.99022839692187647     
   0.0000000000000000       0.99115201122919272     
   0.0000000000000000       0.99198785814786428     
   0.0000000000000000       0.99274416159321266     
   0.0000000000000000       0.99342837494145431     
   0.0000000000000000       0.99404725101697688     
   0.0000000000000000       0.99460690589741951     
   0.0000000000000000       0.99511287702645401     
   0.0000000000000000       0.99557017609373100     
   0.0000000000000000       0.99598333711091702     
   0.0000000000000000       0.99635646008262602     
   0.0000000000000000       0.99669325064172010     
   0.0000000000000000       0.99699705599019561     
   0.0000000000000000       0.99727089745985642     
   0.0000000000000000       0.99751749998132977     
   0.0000000000000000       0.99773931872575494     
   0.0000000000000000       0.99793856316068974     
   0.0000000000000000       0.99811721874042891     
   0.0000000000000000       0.99827706643096270     
   0.0000000000000000       0.99841970025118165     
   0.0000000000000000       0.99854654299457724     
   0.0000000000000000       0.99865886027953266     
   0.0000000000000000       0.99875777306125157     
   0.0000000000000000       0.99884426872436238     
   0.0000000000000000       0.99891921086216684     
   0.0000000000000000       0.99898334783629439     
   0.0000000000000000       0.99903732019909131     
   0.0000000000000000       0.99908166705032975     
   0.0000000000000000       0.99911683138969076     
   0.0000000000000000       0.99914316451686769     
   0.0000000000000000       0.99916092952198365     
   0.0000000000000000       0.99917030390023509     
   0.0000000000000000       0.99917138131619088     
   0.0000000000000000       0.99916417253491785     
   0.0000000000000000       0.99914860552900109     
   0.0000000000000000       0.99912452476249958     
   0.0000000000000000       0.99909168964486528     
   0.0000000000000000       0.99904977213977531     
   0.0000000000000000       0.99899835350561628     
   0.0000000000000000       0.99893692013594260     
   0.0000000000000000       0.99886485845953421     
   0.0000000000000000       0.99878144885063047     
   0.0000000000000000       0.99868585849043401     
   0.0000000000000000       0.99857713311099305     
   0.0000000000000000       0.99845418754199267     
   0.0000000000000000       0.99831579496974110     
   0.0000000000000000       0.99816057480563847     
   0.0000000000000000       0.99798697904858191     
   0.0000000000000000       0.99779327701200027     
   0.0000000000000000       0.99757753827144557     
   0.0000000000000000       0.99733761367281004     
   0.0000000000000000       0.99707111422419892     
   0.0000000000000000       0.99677538767620522     
   0.0000000000000000       0.99644749257572263     
   0.0000000000000000       0.99608416955744494     
   0.0000000000000000       0.99568180961479291     
   0.0000000000000000       0.99523641906815685     
   0.0000000000000000       0.99474358092306525     
   0.0000000000000000       0.99419841228422001     
   0.0000000000000000       0.99359551746339281     
   0.0000000000000000       0.99292893639010149     
   0.0000000000000000       0.99219208790404156     
   0.0000000000000000       0.99137770747776988     
   0.0000000000000000       0.99047777888762234     
   0.0000000000000000       0.98948345932092319     
   0.0000000000000000       0.98838499737906638     
   0.0000000000000000       0.98717164341010410     
   0.0000000000000000       0.98583155158247138     
   0.0000000000000000       0.98435167309516569     
   0.0000000000000000       0.98271763991132355     
   0.0000000000000000       0.98091363840444101     
   0.0000000000000000       0.97892227232291007     
   0.0000000000000000       0.97672441451327707     
   0.0000000000000000       0.97429904690082070     
   0.0000000000000000       0.97162308831391686     
   0.0000000000000000       0.96867120986373689     
   0.0000000000000000       0.96541563776212147     
   0.0000000000000000       0.96182594368873719     
   0.0000000000000000       0.95786882311654797     
   0.0000000000000000       0.95350786238714191     
   0.0000000000000000       0.94870329581188817     
   0.0000000000000000       0.94341175468125005     
   0.0000000000000000       0.93758601081561577     
   0.0000000000000000       0.93117471821230380     
   0.0000000000000000       0.92412215746320736     
   0.0000000000000000       0.91636798896642147     
   0.0000000000000000       0.90784702256527383     
   0.0000000000000000       0.89848901315198004     
   0.0000000000000000       0.88821849400170794     
   0.0000000000000000       0.87695466218305218     
   0.0000000000000000       0.86461133334175133     
   0.0000000000000000       0.85109698648178744     
   0.0000000000000000       0.83631492305781019     
   0.0000000000000000       0.82016356870248863     
   0.0000000000000000       0.80253695015972504     
   0.0000000000000000       0.78332538434453935     
   0.0000000000000000       0.76241642069917870     
   0.0000000000000000       0.73969608187271274     
   0.0000000000000000       0.71505045082316498     
   0.0000000000000000       0.68836765420884727     
   0.0000000000000000       0.65954029174193651     
   0.0000000000000000       0.62846835821773006     
   0.0000000000000000       0.59506269825798208     
   0.0000000000000000       0.55924902234355356     
   0.0000000000000000       0.52097249531253498     
   0.0000000000000000       0.48020288402629907     
   0.0000000000000000       0.43694021835712860     
   0.0000000000000000       0.39122087834633751     
   0.0000000000000000       0.34312397019633811     
   0.0000000000000000       0.29277779541023469     
   0.0000000000000000       0.24036615275097920     
   0.0000000000000000       0.18613414509701659     
   0.0000000000000000       0.13039309777173289     
   0.0000000000000000        7.3524138383756349E-002
   0.0000000000000000        1.5979949180695424E-002
   0.0000000000000000       -4.1715808846555798E-002
   0.0000000000000000       -9.8971875266423953E-002
   0.0000000000000000      -0.15513597597654738     
   0.0000000000000000      -0.20950489347812495     
   0.0000000000000000      -0.26133811991531097     
   0.0000000000000000      -0.30987496122566505     
   0.0000000000000000      -0.35435469309236695     
   0.0000000000000000      -0.39403908455240544     
   0.0000000000000000      -0.42823633083126145     
   0.0000000000000000      -0.45632520557319622     
   0.0000000000000000      -0.47777808696293356     
   0.0000000000000000      -0.49218146055538853     
   0.0000000000000000      -0.49925257237443232     
   0.0000000000000000      -0.49885110327216370     
   0.0000000000000000      -0.49098504742323046     
   0.0000000000000000      -0.47581037586612440     
   0.0000000000000000      -0.45362450921955050     
   0.0000000000000000      -0.42485406429842970     
   0.0000000000000000      -0.39003772993130265     
   0.0000000000000000      -0.34980542797953385     
   0.0000000000000000      -0.30485509969246405     
   0.0000000000000000      -0.25592851466959127     
   0.0000000000000000      -0.20378743577764155     
   0.0000000000000000      -0.14919130810374254     
   0.0000000000000000       -9.2877402429466238E-002
   0.0000000000000000       -3.5544066805525319E-002
   0.0000000000000000        2.2162544399532032E-002
   0.0000000000000000        7.9658159052258579E-002
   0.0000000000000000       0.13642661347148938     
   0.0000000000000000       0.19202291037320252     
   0.0000000000000000       0.24607352177272210     
   0.0000000000000000       0.29827441681866124     
   0.0000000000000000       0.34838731566823966     
   0.0000000000000000       0.39623465534072044     
   0.0000000000000000       0.44169371212539038     
   0.0000000000000000       0.48469026723964975     
   0.0000000000000000       0.52519213641306983     
   0.0000000000000000       0.56320281658541838     
   0.0000000000000000       0.59875543880818116     
   0.0000000000000000       0.63190715889771798     
   0.0000000000000000       0.66273406813747460     
   0.0000000000000000       0.69132666597809478     
   0.0000000000000000       0.71778590504059836     
   0.0000000000000000       0.74221979506364211     
   0.0000000000000000       0.76474053572826006     
   0.0000000000000000       0.78546213739739779     
   0.0000000000000000       0.80449848257998080     
   0.0000000000000000       0.82196177830892592     
   0.0000000000000000       0.83796134967483904     
   0.0000000000000000       0.85260272669334003     
   0.0000000000000000       0.86598697986239970     
   0.0000000000000000       0.87821026368253818     
   0.0000000000000000       0.88936353168449178     
   0.0000000000000000       0.89953239085622283     
   0.0000000000000000       0.90879706758840473     
   0.0000000000000000       0.91723246123602786     
   0.0000000000000000       0.92490826504616563     
   0.0000000000000000       0.93188913748915658     
   0.0000000000000000       0.93823490994099701     
   0.0000000000000000       0.94400081920618018     
   0.0000000000000000       0.94923775556258050     
   0.0000000000000000       0.95399251888075698     
   0.0000000000000000       0.95830807695056319     
   0.0000000000000000       0.96222382147074181     
   0.0000000000000000       0.96577581825426939     
   0.0000000000000000       0.96899704910393580     
   0.0000000000000000       0.97191764354696908     
   0.0000000000000000       0.97456509920973167     
   0.0000000000000000       0.97696449008608244     
   0.0000000000000000       0.97913866232561431     
   0.0000000000000000       0.98110841745772392     
   0.0000000000000000       0.98289268318900636     
   0.0000000000000000       0.98450867207727299     
   0.0000000000000000       0.98597202850612120     
   0.0000000000000000       0.98729696446826587     
   0.0000000000000000       0.98849638472117141     
   0.0000000000000000       0.98958200191098156     
   0.0000000000000000       0.99056444227537699     
   0.0000000000000000       0.99145334253690010     
   0.0000000000000000       0.99225743858882132     
   0.0000000000000000       0.99298464655848140     
   0.0000000000000000       0.99364213681039759     
   0.0000000000000000       0.99423640142499303     
   0.0000000000000000       0.99477331565995930     
   0.0000000000000000       0.99525819387105396     
   0.0000000000000000       0.99569584033838643     
   0.0000000000000000       0.99609059541358158     
   0.0000000000000000       0.99644637737308994     
   0.0000000000000000       0.99676672033367542     
   0.0000000000000000       0.99705480855798545     
   0.0000000000000000       0.99731350745125058     
   0.0000000000000000       0.99754539152465727     
   0.0000000000000000       0.99775276957683046     
   0.0000000000000000       0.99793770732215314     
   0.0000000000000000       0.99810204767331157     
   0.0000000000000000       0.99824742886543694     
   0.0000000000000000       0.99837530059045454     
   0.0000000000000000       0.99848693829267487     
   0.0000000000000000       0.99858345576017693     
   0.0000000000000000       0.99866581613106420     
   0.0000000000000000       0.99873484141911506     
   0.0000000000000000       0.99879122064961501     
   0.0000000000000000       0.99883551668315196     
   0.0000000000000000       0.99886817179278042     
   0.0000000000000000       0.99888951204812704     
   0.0000000000000000       0.99889975054862212     
   0.0000000000000000       0.99889898953700829     
   0.0000000000000000       0.99888722141350783     
   0.0000000000000000       0.99886432866043418     
   0.0000000000000000       0.99883008267652074     
   0.0000000000000000       0.99878414150971895     
   0.0000000000000000       0.99872604646660534     
   0.0000000000000000       0.99865521756573461     
   0.0000000000000000       0.99857094779119915     
   0.0000000000000000       0.99847239609121319     
   0.0000000000000000       0.99835857905463277     
   0.0000000000000000       0.99822836118587022     
   0.0000000000000000       0.99808044368555726     
   0.0000000000000000       0.99791335163046868     
   0.0000000000000000       0.99772541943153981     
   0.0000000000000000       0.99751477443320513     
   0.0000000000000000       0.99727931850065621     
   0.0000000000000000       0.99701670742387993     
   0.0000000000000000       0.99672432794840982     
   0.0000000000000000       0.99639927222252433     
   0.0000000000000000       0.99603830942910210     
   0.0000000000000000       0.99563785434743934     
   0.0000000000000000       0.99519393256603583     
   0.0000000000000000       0.99470214204165963     
   0.0000000000000000       0.99415761067296149     
   0.0000000000000000       0.99355494952861811     
   0.0000000000000000       0.99288820134060951     
   0.0000000000000000       0.99215078384301314     
   0.0000000000000000       0.99133542750599601     
   0.0000000000000000       0.99043410718396629     
   0.0000000000000000       0.98943796716677668     
   0.0000000000000000       0.98833723909428461     
   0.0000000000000000       0.98712115216858387     
   0.0000000000000000       0.98577783507622452     
   0.0000000000000000       0.98429420901652298     
   0.0000000000000000       0.98265587122386100     
   0.0000000000000000       0.98084696837446839     
   0.0000000000000000       0.97885005928502089     
   0.0000000000000000       0.97664596634569356     
   0.0000000000000000       0.97421361518925398     
   0.0000000000000000       0.97152986218663284     
   0.0000000000000000       0.96856930948573039     
   0.0000000000000000       0.96530410748307782     
   0.0000000000000000       0.96170374484816834     
   0.0000000000000000       0.95773482652057285     
   0.0000000000000000       0.95336084048534775     
   0.0000000000000000       0.94854191462014925     
   0.0000000000000000       0.94323456551797258     
   0.0000000000000000       0.93739144194538404     
   0.0000000000000000       0.93096106652317534     
   0.0000000000000000       0.92388758034287255     
   0.0000000000000000       0.91611049658909971     
   0.0000000000000000       0.90756447085658920     
   0.0000000000000000       0.89817909776415505     
   0.0000000000000000       0.88787874570715863     
   0.0000000000000000       0.87658244418160736     
   0.0000000000000000       0.86420384107565973     
   0.0000000000000000       0.85065125066333225     
   0.0000000000000000       0.83582781673585926     
   0.0000000000000000       0.81963181932476248     
   0.0000000000000000       0.80195715772359055     
   0.0000000000000000       0.78269404686547583     
   0.0000000000000000       0.76172996835500395     
   0.0000000000000000       0.73895092129249895     
   0.0000000000000000       0.71424302106819848     
   0.0000000000000000       0.68749449602052715     
   0.0000000000000000       0.65859813158515934     
   0.0000000000000000       0.62745420850037714     
   0.0000000000000000       0.59397397482562586     
   0.0000000000000000       0.55808367989817464     
   0.0000000000000000       0.51972918074843655     
   0.0000000000000000       0.47888110678118945     
   0.0000000000000000       0.43554053571418155     
   0.0000000000000000       0.38974509218019099     
   0.0000000000000000       0.34157532994058987     
   0.0000000000000000       0.29116120007562069     
   0.0000000000000000       0.23868834272316189     
   0.0000000000000000       0.18440387232238684     
   0.0000000000000000       0.12862126098686708     
   0.0000000000000000        7.1723868503560079E-002
   0.0000000000000000        1.4166629123486353E-002
   0.0000000000000000       -4.3524605433764844E-002
   0.0000000000000000      -0.10075654040292446     
   0.0000000000000000      -0.15687512978352045     
   0.0000000000000000      -0.21117575875342082     
   0.0000000000000000      -0.26291700844117033     
   0.0000000000000000      -0.31133786348138387     
   0.0000000000000000      -0.35567795422841331     
   0.0000000000000000      -0.39520014054480007     
   0.0000000000000000      -0.42921447063870388     
   0.0000000000000000      -0.45710231891321940     
   0.0000000000000000      -0.47833935399302008     
   0.0000000000000000      -0.49251594004515109     
   0.0000000000000000      -0.49935364925319048     
   0.0000000000000000      -0.49871676460427866     
   0.0000000000000000      -0.49061796724622730     
   0.0000000000000000      -0.47521780280413839     
   0.0000000000000000      -0.45281796492334020     
   0.0000000000000000      -0.42384887402874988     
   0.0000000000000000      -0.38885241759327044     
   0.0000000000000000      -0.34846101556968223     
   0.0000000000000000      -0.30337435485439940     
   0.0000000000000000      -0.25433518981352099     
   0.0000000000000000      -0.20210553843319237     
   0.0000000000000000      -0.14744443564150417     
   0.0000000000000000       -9.1088166009124866E-002
   0.0000000000000000       -3.3733620432367030E-002
   0.0000000000000000        2.3974862560454113E-002
   0.0000000000000000        8.1455073704783387E-002
   0.0000000000000000       0.13819305444061628     
   0.0000000000000000       0.19374606154055010     
   0.0000000000000000       0.24774279102179306     
   0.0000000000000000       0.29988134262922356     
   0.0000000000000000       0.34992542602149773     
   0.0000000000000000       0.39769929364230527     
   0.0000000000000000       0.44308184323765953     
   0.0000000000000000       0.48600027472443968     
   0.0000000000000000       0.52642361995774722     
   0.0000000000000000       0.56435639649883418     
   0.0000000000000000       0.59983257255306144     
   0.0000000000000000       0.63290997294682660     
   0.0000000000000000       0.66366520703713450     
   0.0000000000000000       0.69218915937885739     
   0.0000000000000000       0.71858305259489885     
   0.0000000000000000       0.74295506846547477     
   0.0000000000000000       0.76541749674536164     
   0.0000000000000000       0.78608437048566304     
   0.0000000000000000       0.80506954053794944     
   0.0000000000000000       0.82248513939572654     
   0.0000000000000000       0.83844038465090653     
   0.0000000000000000       0.85304067432716957     
   0.0000000000000000       0.86638692956070462     
   0.0000000000000000       0.87857514403166215     
   0.0000000000000000       0.88969610382752939     
   0.0000000000000000       0.89983524576570373     
   0.0000000000000000       0.90907262642361686     
   0.0000000000000000       0.91748297809395796     
   0.0000000000000000       0.92513583152387802     
   0.0000000000000000       0.93209568857247349     
   0.0000000000000000       0.93842223081958287     
   0.0000000000000000       0.94417055268902872     
   0.0000000000000000       0.94939140983123160     
   0.0000000000000000       0.95413147537127352     
   0.0000000000000000       0.95843359820038376     
   0.0000000000000000       0.96233705880401688     
   0.0000000000000000       0.96587781921016758     
   0.0000000000000000       0.96908876453758386     
   0.0000000000000000       0.97199993435300336     
   0.0000000000000000       0.97463874263463179     
   0.0000000000000000       0.97703018560818622     
   0.0000000000000000       0.97919703709155193     
   0.0000000000000000       0.98116003127144624     
   0.0000000000000000       0.98293803305503924     
   0.0000000000000000       0.98454819630366031     
   0.0000000000000000       0.98600611037501784     
   0.0000000000000000       0.98732593548356085     
   0.0000000000000000       0.98852052744305352     
   0.0000000000000000       0.98960155238718317     
   0.0000000000000000       0.99057959207806690     
   0.0000000000000000       0.99146424041296033     
   0.0000000000000000       0.99226419172961222     
   0.0000000000000000       0.99298732149323965     
   0.0000000000000000       0.99364075992517320     
   0.0000000000000000       0.99423095910654302     
   0.0000000000000000       0.99476375406130213     
   0.0000000000000000       0.99524441829246035     
   0.0000000000000000       0.99567771421444262     
   0.0000000000000000       0.99606793889360468     
   0.0000000000000000       0.99641896547859232     
   0.0000000000000000       0.99673428067274605     
   0.0000000000000000       0.99701701857236091     
   0.0000000000000000       0.99726999116745707     
   0.0000000000000000       0.99749571577588614     
   0.0000000000000000       0.99769643965712451     
   0.0000000000000000       0.99787416202898760     
   0.0000000000000000       0.99803065368870325     
   0.0000000000000000       0.99816747441925724     
   0.0000000000000000       0.99828598834259652     
   0.0000000000000000       0.99838737736306693     
   0.0000000000000000       0.99847265282727893     
   0.0000000000000000       0.99854266551034454     
   0.0000000000000000       0.99859811402300902     
   0.0000000000000000       0.99863955171951335     
   0.0000000000000000       0.99866739217196188     
   0.0000000000000000       0.99868191326343247     
   0.0000000000000000       0.99868325993895346     
   0.0000000000000000       0.99867144564067178     
   0.0000000000000000       0.99864635244095701     
   0.0000000000000000       0.99860772987471591     
   0.0000000000000000       0.99855519245973423     
   0.0000000000000000       0.99848821588131209     
   0.0000000000000000       0.99840613180471416     
   0.0000000000000000       0.99830812126591506     
   0.0000000000000000       0.99819320657767774     
   0.0000000000000000       0.99806024167405782     
   0.0000000000000000       0.99790790080187652     
   0.0000000000000000       0.99773466545244072     
   0.0000000000000000       0.99753880941072082     
   0.0000000000000000       0.99731838178220911     
   0.0000000000000000       0.99707118783969295     
   0.0000000000000000       0.99679476751308405     
   0.0000000000000000       0.99648637132517204     
   0.0000000000000000       0.99614293355464134     
   0.0000000000000000       0.99576104238484420     
   0.0000000000000000       0.99533690677263187     
   0.0000000000000000       0.99486631974598883     
   0.0000000000000000       0.99434461781232908     
   0.0000000000000000       0.99376663613116345     
   0.0000000000000000       0.99312665907557229     
   0.0000000000000000       0.99241836577672349     
   0.0000000000000000       0.99163477021487267     
   0.0000000000000000       0.99076815538929408     
   0.0000000000000000       0.98981000106899919     
   0.0000000000000000       0.98875090459667070     
   0.0000000000000000       0.98758049419097416     
   0.0000000000000000       0.98628733416858505     
   0.0000000000000000       0.98485882148852433     
   0.0000000000000000       0.98328107300977863     
   0.0000000000000000       0.98153880285125905     
   0.0000000000000000       0.97961518925410529     
   0.0000000000000000       0.97749173037408998     
   0.0000000000000000       0.97514808848121226     
   0.0000000000000000       0.97256192212032855     
   0.0000000000000000       0.96970870589790503     
   0.0000000000000000       0.96656153771416453     
   0.0000000000000000       0.96309093346716756     
   0.0000000000000000       0.95926460952770964     
   0.0000000000000000       0.95504725363546172     
   0.0000000000000000       0.95040028531401521     
   0.0000000000000000       0.94528160746447787     
   0.0000000000000000       0.93964535149580475     
   0.0000000000000000       0.93344161920975754     
   0.0000000000000000       0.92661622570662106     
   0.0000000000000000       0.91911044884440063     
   0.0000000000000000       0.91086079230087202     
   0.0000000000000000       0.90179877108711659     
   0.0000000000000000       0.89185073047484975     
   0.0000000000000000       0.88093771175663083     
   0.0000000000000000       0.86897538108010308     
   0.0000000000000000       0.85587404079580232     
   0.0000000000000000       0.84153874632649639     
   0.0000000000000000       0.82586955547280727     
   0.0000000000000000       0.80876194124779432     
   0.0000000000000000       0.79010740366694976     
   0.0000000000000000       0.76979432023144267     
   0.0000000000000000       0.74770907887324356     
   0.0000000000000000       0.72373754052426642     
   0.0000000000000000       0.69776688075395821     
   0.0000000000000000       0.66968786048287521     
   0.0000000000000000       0.63939757387007867     
   0.0000000000000000       0.60680271618859427     
   0.0000000000000000       0.57182340481142901     
   0.0000000000000000       0.53439757120128251     
   0.0000000000000000       0.49448591987618390     
   0.0000000000000000       0.45207742064517908     
   0.0000000000000000       0.40719526215839597     
   0.0000000000000000       0.35990314764863757     
   0.0000000000000000       0.31031175804994193     
   0.0000000000000000       0.25858514490175022     
   0.0000000000000000       0.20494674838794297     
   0.0000000000000000       0.14968466895875313     
   0.0000000000000000        9.3155760481900829E-002
   0.0000000000000000        3.5788066769483325E-002
   0.0000000000000000       -2.1918898948576876E-002
   0.0000000000000000       -7.9396520373224755E-002
   0.0000000000000000      -0.13601252384621629     
   0.0000000000000000      -0.19107983059407269     
   0.0000000000000000      -0.24386898154723671     
   0.0000000000000000      -0.29362408709595028     
   0.0000000000000000      -0.33958199754028634     
   0.0000000000000000      -0.38099410825463093     
   0.0000000000000000      -0.41714993219535035     
   0.0000000000000000      -0.44740132247569553     
   0.0000000000000000      -0.47118604252029300     
   0.0000000000000000      -0.48804929123761348     
   0.0000000000000000      -0.49766181807898846     
   0.0000000000000000      -0.49983341729901976     
   0.0000000000000000      -0.49452086572787246     
   0.0000000000000000      -0.48182974089404462     
   0.0000000000000000      -0.46200998922210051     
   0.0000000000000000      -0.43544556104506882     
   0.0000000000000000      -0.40263884193844018     
   0.0000000000000000      -0.36419094521498208     
   0.0000000000000000      -0.32077915661481238     
   0.0000000000000000      -0.27313292310537302     
   0.0000000000000000      -0.22200975375393703     
   0.0000000000000000      -0.16817226726608719     
   0.0000000000000000      -0.11236740439716605     
   0.0000000000000000       -5.5308556284830258E-002
   0.0000000000000000        2.3389253135624108E-003
   0.0000000000000000        5.9968643753628585E-002
   0.0000000000000000       0.11704054733401785     
   0.0000000000000000       0.17308503366119721     
   0.0000000000000000       0.22770414699256958     
   0.0000000000000000       0.28057033116328689     
   0.0000000000000000       0.33142323654069078     
   0.0000000000000000       0.38006507561696706     
   0.0000000000000000       0.42635498835008090     
   0.0000000000000000       0.47020282513399314     
   0.0000000000000000       0.51156269121167286     
   0.0000000000000000       0.55042652872267384     
   0.0000000000000000       0.58681794687670297     
   0.0000000000000000       0.62078645068979754     
   0.0000000000000000       0.65240216650287675     
   0.0000000000000000       0.68175111908424135     
   0.0000000000000000       0.70893108054477050     
   0.0000000000000000       0.73404798499441593     
   0.0000000000000000       0.75721288389777819     
   0.0000000000000000       0.77853940432553081     
   0.0000000000000000       0.79814166459248959     
   0.0000000000000000       0.81613259802624250     
   0.0000000000000000       0.83262263484109544     
   0.0000000000000000       0.84771869346089246     
   0.0000000000000000       0.86152343544951926     
   0.0000000000000000       0.87413474191976637     
   0.0000000000000000       0.88564537347726924     
   0.0000000000000000       0.89614278010345449     
   0.0000000000000000       0.90570903166740757     
   0.0000000000000000       0.91442084383150246     
   0.0000000000000000       0.92234967788609667     
   0.0000000000000000       0.92956189646368181     
   0.0000000000000000       0.93611896012271079     
   0.0000000000000000       0.94207765245774389     
   0.0000000000000000       0.94749032370196407     
   0.0000000000000000       0.95240514476589377     
   0.0000000000000000       0.95686636533265412     
   0.0000000000000000       0.96091457103770339     
   0.0000000000000000       0.96458693593202094     
   0.0000000000000000       0.96791746739318507     
   0.0000000000000000       0.97093724143755655     
   0.0000000000000000       0.97367462702506458     
   0.0000000000000000       0.97615549845931993     
   0.0000000000000000       0.97840343539058949     
   0.0000000000000000       0.98043991024551702     
   0.0000000000000000       0.98228446315082552     
   0.0000000000000000       0.98395486460179427     
   0.0000000000000000       0.98546726626125003     
   0.0000000000000000       0.98683634037054579     
   0.0000000000000000       0.98807540831837570     
   0.0000000000000000       0.98919655895281100     
   0.0000000000000000       0.99021075724201146     
   0.0000000000000000       0.99112794389407743     
   0.0000000000000000       0.99195712654005508     
   0.0000000000000000       0.99270646306909194     
   0.0000000000000000       0.99338333768350351     
   0.0000000000000000       0.99399443021591849     
   0.0000000000000000       0.99454577922219511     
   0.0000000000000000       0.99504283933359405     
   0.0000000000000000       0.99549053332066040     
   0.0000000000000000       0.99589329929007420     
   0.0000000000000000       0.99625513340489913     
   0.0000000000000000       0.99657962848855230     
   0.0000000000000000       0.99687000884370491     
   0.0000000000000000       0.99712916158936760     
   0.0000000000000000       0.99735966479272653     
   0.0000000000000000       0.99756381264691896     
   0.0000000000000000       0.99774363792188214     
   0.0000000000000000       0.99790093189264628     
   0.0000000000000000       0.99803726192792430     
   0.0000000000000000       0.99815398690150592     
   0.0000000000000000       0.99825227056970967     
   0.0000000000000000       0.99833309303989093     
   0.0000000000000000       0.99839726043764698     
   0.0000000000000000       0.99844541286379651     
   0.0000000000000000       0.99847803071633345     
   0.0000000000000000       0.99849543943725383     
   0.0000000000000000       0.99849781272931803     
   0.0000000000000000       0.99848517427332839     
   0.0000000000000000       0.99845739796226196     
   0.0000000000000000       0.99841420665448688     
   0.0000000000000000       0.99835516943419655     
   0.0000000000000000       0.99827969735301103     
   0.0000000000000000       0.99818703761229788     
   0.0000000000000000       0.99807626613105604     
   0.0000000000000000       0.99794627842906058     
   0.0000000000000000       0.99779577873928649     
   0.0000000000000000       0.99762326724729289     
   0.0000000000000000       0.99742702533815497     
   0.0000000000000000       0.99720509871357099     
   0.0000000000000000       0.99695527822284447     
   0.0000000000000000       0.99667507823145063     
   0.0000000000000000       0.99636171232975879     
   0.0000000000000000       0.99601206616211757     
   0.0000000000000000       0.99562266713287073     
   0.0000000000000000       0.99518965072091148     
   0.0000000000000000       0.99470872310810776     
   0.0000000000000000       0.99417511979936857     
   0.0000000000000000       0.99358355988335822     
   0.0000000000000000       0.99292819555305112     
   0.0000000000000000       0.99220255647468281     
   0.0000000000000000       0.99139948856252813     
   0.0000000000000000       0.99051108668578836     
   0.0000000000000000       0.98952862080331505     
   0.0000000000000000       0.98844245499276395     
   0.0000000000000000       0.98724195881412424     
   0.0000000000000000       0.98591541042477049     
   0.0000000000000000       0.98444989084597290     
   0.0000000000000000       0.98283116877135335     
   0.0000000000000000       0.98104357530880382     
   0.0000000000000000       0.97906986806225227     
   0.0000000000000000       0.97689108399250513     
   0.0000000000000000       0.97448638055226111     
   0.0000000000000000       0.97183286467542007     
   0.0000000000000000       0.96890540932240754     
   0.0000000000000000       0.96567645745028829     
   0.0000000000000000       0.96211581349954245     
   0.0000000000000000       0.95819042278106448     
   0.0000000000000000       0.95386413952193927     
   0.0000000000000000       0.94909748480399581     
   0.0000000000000000       0.94384739622481317     
   0.0000000000000000       0.93806697184928522     
   0.0000000000000000       0.93170521192640376     
   0.0000000000000000       0.92470676294863119     
   0.0000000000000000       0.91701166996050465     
   0.0000000000000000       0.90855514461097875     
   0.0000000000000000       0.89926735832302063     
   0.0000000000000000       0.88907327215537069     
   0.0000000000000000       0.87789251748251595     
   0.0000000000000000       0.86563934453955249     
   0.0000000000000000       0.85222265917589013     
   0.0000000000000000       0.83754617182356184     
   0.0000000000000000       0.82150868667229349     
   0.0000000000000000       0.80400456327589642     
   0.0000000000000000       0.78492438716263890     
   0.0000000000000000       0.76415589028847786     
   0.0000000000000000       0.74158516607408764     
   0.0000000000000000       0.71709822691873515     
   0.0000000000000000       0.69058295397849068     
   0.0000000000000000       0.66193148898754262     
   0.0000000000000000       0.63104311519668488     
   0.0000000000000000       0.59782766816404409     
   0.0000000000000000       0.56220950609561526     
   0.0000000000000000       0.52413205255287565     
   0.0000000000000000       0.48356290047810568     
   0.0000000000000000       0.44049943461752578     
   0.0000000000000000       0.39497488883355258     
   0.0000000000000000       0.34706470531103301     
   0.0000000000000000       0.29689300491572479     
   0.0000000000000000       0.24463891372477323     
   0.0000000000000000       0.19054242322875431     
   0.0000000000000000       0.13490939580856853     
   0.0000000000000000        7.8115269537491955E-002
   0.0000000000000000        2.0606975572656859E-002
   0.0000000000000000       -3.7097432926725911E-002
   0.0000000000000000       -9.4411919167492434E-002
   0.0000000000000000      -0.15068877910596237     
   0.0000000000000000      -0.20522842593773549     
   0.0000000000000000      -0.25729275732533485     
   0.0000000000000000      -0.30612199375386567     
   0.0000000000000000      -0.35095461112534843     
   0.0000000000000000      -0.39104970630575303     
   0.0000000000000000      -0.42571085805713293     
   0.0000000000000000      -0.45431030971388170     
   0.0000000000000000      -0.47631213708016196     
   0.0000000000000000      -0.49129300416639382     
   0.0000000000000000      -0.49895916994346956     
   0.0000000000000000      -0.49915859679118152     
   0.0000000000000000      -0.49188731486523912     
   0.0000000000000000      -0.47728958910834474     
   0.0000000000000000      -0.45565187693766590     
   0.0000000000000000      -0.42739100724573342     
   0.0000000000000000      -0.39303740754905303     
   0.0000000000000000      -0.35321451520906416     
   0.0000000000000000      -0.30861570273906613     
   0.0000000000000000      -0.25998011451943792     
   0.0000000000000000      -0.20806875745950182     
   0.0000000000000000      -0.15364203002602875     
   0.0000000000000000       -9.7439641065142246E-002
   0.0000000000000000       -4.0163594870766373E-002
   0.0000000000000000        1.7535365749636433E-002
   0.0000000000000000        7.5067733526636787E-002
   0.0000000000000000       0.13191173169595952     
   0.0000000000000000       0.18761661200458277     
   0.0000000000000000       0.24180316142508762     
   0.0000000000000000       0.29416189399052306     
   0.0000000000000000       0.34444942863333583     
   0.0000000000000000       0.39248354127926099     
   0.0000000000000000       0.43813733981816672     
   0.0000000000000000       0.48133295368837276     
   0.0000000000000000       0.52203506417426337     
   0.0000000000000000       0.56024453394440499     
   0.0000000000000000       0.59599232984959338     
   0.0000000000000000       0.62933387485228132     
   0.0000000000000000       0.66034391500809342     
   0.0000000000000000       0.68911194635627870     
   0.0000000000000000       0.71573821425566231     
   0.0000000000000000       0.74033027343370827     
   0.0000000000000000       0.76300007979236839     
   0.0000000000000000       0.78386157369505793     
   0.0000000000000000       0.80302870789770675     
   0.0000000000000000       0.82061387041351708     
   0.0000000000000000       0.83672665247009037     
   0.0000000000000000       0.85147291352823617     
   0.0000000000000000       0.86495409843087201     
   0.0000000000000000       0.87726676562326766     
   0.0000000000000000       0.88850228964065914     
   0.0000000000000000       0.89874670540863277     
   0.0000000000000000       0.90808066614403937     
   0.0000000000000000       0.91657949064605415     
   0.0000000000000000       0.92431327944736907     
   0.0000000000000000       0.93134708261268340     
   0.0000000000000000       0.93774110491227869     
   0.0000000000000000       0.94355093666884304     
   0.0000000000000000       0.94882780079506435     
   0.0000000000000000       0.95361880843489555     
   0.0000000000000000       0.95796721722391998     
   0.0000000000000000       0.96191268752643788     
   0.0000000000000000       0.96549153312085734     
   0.0000000000000000       0.96873696372120832     
   0.0000000000000000       0.97167931746928737     
   0.0000000000000000       0.97434628213458352     
   0.0000000000000000       0.97676310424042401     
   0.0000000000000000       0.97895278571462341     
   0.0000000000000000       0.98093626795860156     
   0.0000000000000000       0.98273260345530478     
   0.0000000000000000       0.98435911520595976     
   0.0000000000000000       0.98583154440940790     
   0.0000000000000000       0.98716418688447582     
   0.0000000000000000       0.98837001879301578     
   0.0000000000000000       0.98946081225509985     
   0.0000000000000000       0.99044724146347474     
   0.0000000000000000       0.99133897990595643     
   0.0000000000000000       0.99214478929537009     
   0.0000000000000000       0.99287260078965711     
