        0.0000000000        0.0000000000
        0.1000000000       -0.0553137057
        0.2000000000       -0.1097738175
        0.3000000000       -0.1630849076
        0.4000000000       -0.2149497097
        0.5000000000       -0.2650658560
        0.6000000000       -0.3131238306
        0.7000000000       -0.3588063813
        0.8000000000       -0.4017895663
        0.9000000000       -0.4417455238
        1.0000000000       -0.4783469522
        1.1000000000       -0.5112731703
        1.2000000000       -0.5402175022
        1.3000000000       -0.5648956079
        1.4000000000       -0.5850542714
        1.5000000000       -0.6004800791
        1.6000000000       -0.6110073831
        1.7000000000       -0.6165249621
        1.8000000000       -0.6169808655
        1.9000000000       -0.6123850574
        2.0000000000       -0.6028096450
        2.1000000000       -0.5883866749
        2.2000000000       -0.5693036770
        2.3000000000       -0.5457973076
        2.4000000000       -0.5181455858
        2.5000000000       -0.4866592899
        2.6000000000       -0.4516731107
        2.7000000000       -0.4135371218
        2.8000000000       -0.3726090533
        2.9000000000       -0.3292477437
        3.0000000000       -0.2838080242
        3.1000000000       -0.2366371592
        3.2000000000       -0.1880728495
        3.3000000000       -0.1384427045
        3.4000000000       -0.0880650043
        3.5000000000       -0.0372505118
        3.6000000000        0.0136949476
        3.7000000000        0.0644674496
        3.8000000000        0.1147618008
        3.9000000000        0.1642685585
        4.0000000000        0.2126715561
        4.1000000000        0.2596462269
        4.2000000000        0.3048589888
        4.3000000000        0.3479679018
        4.4000000000        0.3886247494
        4.5000000000        0.4264786120
        4.6000000000        0.4611809060
        4.7000000000        0.4923917499
        4.8000000000        0.5197874068
        4.9000000000        0.5430684396
        5.0000000000        0.5619681213
        5.1000000000        0.5762605792
        5.2000000000        0.5857681272
        5.3000000000        0.5903672661
        5.4000000000        0.5899929136
        5.5000000000        0.5846405462
        5.6000000000        0.5743661016
        5.7000000000        0.5592836641
        5.8000000000        0.5395611362
        5.9000000000        0.5154142501
        6.0000000000        0.4870993898
        6.1000000000        0.4549057568
        6.2000000000        0.4191474260
        6.3000000000        0.3801558021
        6.4000000000        0.3382729072
        6.5000000000        0.2938458302
        6.6000000000        0.2472225487
        6.7000000000        0.1987492137
        6.8000000000        0.1487688798
        6.9000000000        0.0976215608
        7.0000000000        0.0456454138
        7.1000000000       -0.0068212090
        7.2000000000       -0.0594371476
        7.3000000000       -0.1118555979
        7.4000000000       -0.1637214037
        7.5000000000       -0.2146688325
        7.6000000000       -0.2643201786
        7.7000000000       -0.3122855065
        7.8000000000       -0.3581638006
        7.9000000000       -0.4015457168
        8.0000000000       -0.4420180377
        8.1000000000       -0.4791698177
        8.2000000000       -0.5126000684
        8.3000000000       -0.5419266939
        8.4000000000       -0.5667962423
        8.5000000000       -0.5868939216
        8.6000000000       -0.6019532439
        8.7000000000       -0.6117646340
        8.8000000000       -0.6161823723
        8.9000000000       -0.6151293434
        9.0000000000       -0.6085992275
        9.1000000000       -0.5966559761
        9.2000000000       -0.5794306401
        9.3000000000       -0.5571158408
        9.4000000000       -0.5299583572
        9.5000000000       -0.4982504356
        9.6000000000       -0.4623204925
        9.7000000000       -0.4225238788
        9.8000000000       -0.3792343102
        9.9000000000       -0.3328364572
       10.0000000000       -0.2837200494
       10.1000000000       -0.2322756984
       10.2000000000       -0.1788924920
       10.3000000000       -0.1239572814
       10.4000000000       -0.0678554670
       10.5000000000       -0.0109729950
       10.6000000000        0.0463007881
       10.7000000000        0.1035698310
       10.8000000000        0.1604280564
       10.9000000000        0.2164564747
       11.0000000000        0.2712211760
       11.1000000000        0.3242726201
       11.2000000000        0.3751465945
       11.3000000000        0.4233671289
       11.4000000000        0.4684515439
       11.5000000000        0.5099176648
       11.6000000000        0.5472930562
       11.7000000000        0.5801259395
       11.8000000000        0.6079972603
       11.9000000000        0.6305331989
       12.0000000000        0.6474172930
       12.1000000000        0.6584012900
       12.2000000000        0.6633138810
       12.3000000000        0.6620666073
       12.4000000000        0.6546564477
       12.5000000000        0.6411648829
       12.6000000000        0.6217535463
       12.7000000000        0.5966568684
       12.8000000000        0.5661723764
       12.9000000000        0.5306494749
       13.0000000000        0.4904776109
       13.1000000000        0.4460747000
       13.2000000000        0.3978765901
       13.3000000000        0.3463281708
       13.4000000000        0.2918765420
       13.5000000000        0.2349664482
       13.6000000000        0.1760379911
       13.7000000000        0.1155264633
       13.8000000000        0.0538640093
       13.9000000000       -0.0085172879
       14.0000000000       -0.0711813715
       14.1000000000       -0.1336837570
       14.2000000000       -0.1955672196
       14.3000000000       -0.2563581925
       14.4000000000       -0.3155644353
       14.5000000000       -0.3726744911
       14.6000000000       -0.4271593813
       14.7000000000       -0.4784768720
       14.8000000000       -0.5260784884
       14.9000000000       -0.5694192479
       15.0000000000       -0.6079698384
       15.1000000000       -0.6412307064
       15.2000000000       -0.6687472617
       15.3000000000       -0.6901251940
       15.4000000000       -0.7050447659
       15.5000000000       -0.7132729282
       15.6000000000       -0.7146722204
       15.7000000000       -0.7092056664
       15.8000000000       -0.6969372258
       15.9000000000       -0.6780277815
       16.0000000000       -0.6527270628
       16.1000000000       -0.6213622687
       16.2000000000       -0.5843244275
       16.3000000000       -0.5420536603
       16.4000000000       -0.4950245184
       16.5000000000       -0.4437324462
       16.6000000000       -0.3886822119
       16.7000000000       -0.3303788865
       16.8000000000       -0.2693216828
       16.9000000000       -0.2060007022
       17.0000000000       -0.1408964182
       17.1000000000       -0.0744815455
       17.2000000000       -0.0072248100
       17.3000000000        0.0604039582
       17.4000000000        0.1279280488
       17.5000000000        0.1948580897
       17.6000000000        0.2606869510
       17.7000000000        0.3248860204
       17.8000000000        0.3869035004
       17.9000000000        0.4461653055
       18.0000000000        0.5020790185
       18.1000000000        0.5540411863
       18.2000000000        0.6014479944
       18.3000000000        0.6437090639
       18.4000000000        0.6802637819
       18.5000000000        0.7105992387
       18.6000000000        0.7342685598
       18.7000000000        0.7509082198
       18.8000000000        0.7602528815
       18.9000000000        0.7621464215
       19.0000000000        0.7565481069
       19.1000000000        0.7435333308
       19.2000000000        0.7232888503
       19.3000000000        0.6961030155
       19.4000000000        0.6623519540
       19.5000000000        0.6224830145
       19.6000000000        0.5769969435
       19.7000000000        0.5264302570
       19.8000000000        0.4713391003
       19.9000000000        0.4122856142
       20.0000000000        0.3498274847
       20.1000000000        0.2845110086
       20.2000000000        0.2168676893
       20.3000000000        0.1474141095
       20.4000000000        0.0766546269
       20.5000000000        0.0050862897
       20.6000000000       -0.0667947247
       20.7000000000       -0.1384859053
       20.8000000000       -0.2094712287
       20.9000000000       -0.2792148084
       21.0000000000       -0.3471561655
       21.1000000000       -0.4127078797
       21.2000000000       -0.4752562941
       21.3000000000       -0.5341658179
       21.4000000000       -0.5887871585
       21.5000000000       -0.6384695312
       21.6000000000       -0.6825765385
       21.7000000000       -0.7205050071
       21.8000000000       -0.7517056614
       21.9000000000       -0.7757041628
       22.0000000000       -0.7921208150
       22.1000000000       -0.8006871873
       22.2000000000       -0.8012580832
       22.3000000000       -0.7938176697
       22.4000000000       -0.7784791513
       22.5000000000       -0.7554780338
       22.6000000000       -0.7251596835
       22.7000000000       -0.6879624396
       22.8000000000       -0.6443979083
       22.9000000000       -0.5950302167
       23.0000000000       -0.5404559363
       23.1000000000       -0.4812861321
       23.2000000000       -0.4181316286
       23.3000000000       -0.3515921617
       23.4000000000       -0.2822496754
       23.5000000000       -0.2106656628
       23.6000000000       -0.1373821632
       23.7000000000       -0.0629258213
       23.8000000000        0.0121857284
       23.9000000000        0.0874359676
       24.0000000000        0.1623009603
       24.1000000000        0.2362410674
       24.2000000000        0.3086938042
       24.3000000000        0.3790687206
       24.4000000000        0.4467451329
       24.5000000000        0.5110734431
       24.6000000000        0.5713806140
       24.7000000000        0.6269801190
       24.8000000000        0.6771863427
       24.9000000000        0.7213329850
       25.0000000000        0.7587945479
       25.1000000000        0.7890095209
       25.2000000000        0.8115035013
       25.3000000000        0.8259102663
       25.4000000000        0.8319888287
       25.5000000000        0.8296347816
       25.6000000000        0.8188847609
       25.7000000000        0.7999135618
       25.8000000000        0.7730242251
       25.9000000000        0.7386321441
       26.0000000000        0.6972448162
       26.1000000000        0.6494391963
       26.2000000000        0.5958386774
       26.3000000000        0.5370915473
       26.4000000000        0.4738524123
       26.5000000000        0.4067676160
       26.6000000000        0.3364651933
       26.7000000000        0.2635494526
       26.8000000000        0.1885999061
       26.9000000000        0.1121739917
       27.0000000000        0.0348128395
       27.1000000000       -0.0429507774
       27.2000000000       -0.1205832343
       27.3000000000       -0.1975405437
       27.4000000000       -0.2732595082
       27.5000000000       -0.3471504972
       27.6000000000       -0.4185927821
       27.7000000000       -0.4869332907
       27.8000000000       -0.5514895216
       27.9000000000       -0.6115571398
       28.0000000000       -0.6664224722
       28.1000000000       -0.7153797000
       28.2000000000       -0.7577520594
       28.3000000000       -0.7929158294
       28.4000000000       -0.8203254030
       28.5000000000       -0.8395373814
       28.6000000000       -0.8502314905
       28.7000000000       -0.8522262623
       28.8000000000       -0.8454878537
       28.9000000000       -0.8301310632
       29.0000000000       -0.8064124423
       29.1000000000       -0.7747162535
       29.2000000000       -0.7355347668
       29.3000000000       -0.6894448927
       29.4000000000       -0.6370833662
       29.5000000000       -0.5791226226
       29.6000000000       -0.5162491926
       29.7000000000       -0.4491459726
       29.8000000000       -0.3784791918
       29.9000000000       -0.3048903754
       30.0000000000       -0.2289931616
       30.1000000000       -0.1513744781
       30.2000000000       -0.0725993475
       30.3000000000        0.0067815609
       30.4000000000        0.0862226006
       30.5000000000        0.1651730412
       30.6000000000        0.2430672054
       30.7000000000        0.3193158646
       30.8000000000        0.3932998901
       30.9000000000        0.4643671044
       31.0000000000        0.5318331742
       31.1000000000        0.5949872093
       31.2000000000        0.6531024494
       31.3000000000        0.7054520315
       31.4000000000        0.7513293446
       31.5000000000        0.7900719224
       31.6000000000        0.8210872856
       31.7000000000        0.8438786934
       31.8000000000        0.8580685157
       31.9000000000        0.8634169546
       32.0000000000        0.8598341853
       32.1000000000        0.8473846131
       32.2000000000        0.8262827847
       32.3000000000        0.7968814103
       32.4000000000        0.7596527983
       32.5000000000        0.7151656434
       32.6000000000        0.6640594516
       32.7000000000        0.6070189180
       32.8000000000        0.5447503155
       32.9000000000        0.4779615036
       33.0000000000        0.4073466098
       33.1000000000        0.3335758740
       33.2000000000        0.2572906423
       33.3000000000        0.1791030982
       33.4000000000        0.0996000304
       33.5000000000        0.0193497523
       33.6000000000       -0.0610888125
       33.7000000000       -0.1411559176
       33.8000000000       -0.2202807048
       33.9000000000       -0.2978718931
       34.0000000000       -0.3733104764
       34.1000000000       -0.4459454214
       34.2000000000       -0.5150932624
       34.3000000000       -0.5800423329
       34.4000000000       -0.6400621115
       34.5000000000       -0.6944177962
       34.6000000000       -0.7423897403
       34.7000000000       -0.7832968346
       34.8000000000       -0.8165223527
       34.9000000000       -0.8415402814
       35.0000000000       -0.8579398439
       35.1000000000       -0.8654458649
       35.2000000000       -0.8639328898
       35.3000000000       -0.8534315473
       35.4000000000       -0.8341264583
       35.5000000000       -0.8063459289
       35.6000000000       -0.7705445604
       35.7000000000       -0.7272806226
       35.8000000000       -0.6771904632
       35.9000000000       -0.6209623334
       36.0000000000       -0.5593118045
       36.1000000000       -0.4929605340
       36.2000000000       -0.4226195798
       36.3000000000       -0.3489778857
       36.4000000000       -0.2726960258
       36.5000000000       -0.1944048620
       36.6000000000       -0.1147084515
       36.7000000000       -0.0341903304
       36.8000000000        0.0465778189
       36.9000000000        0.1270261696
       37.0000000000        0.2065764921
       37.1000000000        0.2846327077
       37.2000000000        0.3605733021
       37.3000000000        0.4337466071
       37.4000000000        0.5034698661
       37.5000000000        0.5690328442
       37.6000000000        0.6297064957
       37.7000000000        0.6847568435
       37.8000000000        0.7334637596
       37.9000000000        0.7751437933
       38.0000000000        0.8091756263
       38.1000000000        0.8350262364
       38.2000000000        0.8522755108
       38.3000000000        0.8606369683
       38.4000000000        0.8599724779
       38.5000000000        0.8502994021
       38.6000000000        0.8317893844
       38.7000000000        0.8047589187
       38.8000000000        0.7696527413
       38.9000000000        0.7270218125
       39.0000000000        0.6774981156
       39.1000000000        0.6217686332
       39.2000000000        0.5605506946
       39.3000000000        0.4945704837
       39.4000000000        0.4245459593
       39.5000000000        0.3511748602
       39.6000000000        0.2751279288
       39.7000000000        0.1970470457
       39.8000000000        0.1175476357
       39.9000000000        0.0372244849
       40.0000000000       -0.0433400187
       40.1000000000       -0.1235662757
       40.2000000000       -0.2028675716
       40.3000000000       -0.2806409530
       40.4000000000       -0.3562599329
       40.5000000000       -0.4290700232
       40.6000000000       -0.4983879995
       40.7000000000       -0.5635056365
       40.8000000000       -0.6236984027
       40.9000000000       -0.6782392434
       41.0000000000       -0.7264171188
       41.1000000000       -0.7675594360
       41.2000000000       -0.8010569600
       41.3000000000       -0.8263893139
       41.4000000000       -0.8431488609
       41.5000000000       -0.8510606944
       41.6000000000       -0.8499967011
       41.7000000000       -0.8399822000
       41.8000000000       -0.8211944329
       41.9000000000       -0.7939530773
       42.0000000000       -0.7587038205
       42.1000000000       -0.7159967326
       42.2000000000       -0.6664616099
       42.3000000000       -0.6107825809
       42.4000000000       -0.5496740984
       42.5000000000       -0.4838600452
       42.6000000000       -0.4140571549
       42.7000000000       -0.3409633888
       42.8000000000       -0.2652513870
       42.9000000000       -0.1875666794
       43.0000000000       -0.1085300210
       43.1000000000       -0.0287429977
       43.2000000000        0.0512040764
       43.3000000000        0.1307230167
       43.4000000000        0.2092184489
       43.5000000000        0.2860793714
       43.6000000000        0.3606726351
       43.7000000000        0.4323393056
       43.8000000000        0.5003947722
       43.9000000000        0.5641332806
       44.0000000000        0.6228373021
       44.1000000000        0.6757917817
       44.2000000000        0.7223028433
       44.3000000000        0.7617200166
       44.4000000000        0.7934605264
       44.5000000000        0.8170337551
       44.6000000000        0.8320637294
       44.7000000000        0.8383074723
       44.8000000000        0.8356673471
       44.9000000000        0.8241960784
       45.0000000000        0.8040939087
       45.1000000000        0.7756982029
       45.2000000000        0.7394666249
       45.3000000000        0.6959556388
       45.4000000000        0.6457964529
       45.5000000000        0.5896705946
       45.6000000000        0.5282871024
       45.7000000000        0.4623629191
       45.8000000000        0.3926075600
       45.9000000000        0.3197125875
       46.0000000000        0.2443459404
       46.1000000000        0.1671507555
       46.2000000000        0.0887480271
       46.3000000000        0.0097422480
       46.4000000000       -0.0692709424
       46.5000000000       -0.1476961328
       46.6000000000       -0.2249295879
       46.7000000000       -0.3003518045
       46.8000000000       -0.3733221735
       46.9000000000       -0.4431766655
       47.0000000000       -0.5092293256
       47.1000000000       -0.5707781612
       47.2000000000       -0.6271157081
       47.3000000000       -0.6775441790
       47.4000000000       -0.7213946280
       47.5000000000       -0.7580490723
       47.6000000000       -0.7869640305
       47.7000000000       -0.8076935805
       47.8000000000       -0.8199098594
       47.9000000000       -0.8234190134
       48.0000000000       -0.8181709563
       48.1000000000       -0.8042619012
       48.2000000000       -0.7819293923
       48.3000000000       -0.7515403781
       48.4000000000       -0.7135735880
       48.5000000000       -0.6685980075
       48.6000000000       -0.6172495087
       48.7000000000       -0.5602076863
       48.8000000000       -0.4981746949
       48.9000000000       -0.4318574690
       49.0000000000       -0.3619542067
       49.1000000000       -0.2891454929
       49.2000000000       -0.2140899902
       49.3000000000       -0.1374242652
       49.4000000000       -0.0597660539
       49.5000000000        0.0182799007
       49.6000000000        0.0961144070
       49.7000000000        0.1731357923
       49.8000000000        0.2487323017
       49.9000000000        0.3222759284
       50.0000000000        0.3931186162
       50.1000000000        0.4605916793
       50.2000000000        0.5240091195
       50.3000000000        0.5826752859
       50.4000000000        0.6358969990
       50.5000000000        0.6829998528
       50.6000000000        0.7233479491
       50.7000000000        0.7563658468
       50.8000000000        0.7815610987
       50.9000000000        0.7985454757
       51.0000000000        0.8070529150
       51.1000000000        0.8069524177
       51.2000000000        0.7982545590
       51.3000000000        0.7811109230
       51.4000000000        0.7558065226
       51.5000000000        0.7227460134
       51.6000000000        0.6824351250
       51.7000000000        0.6354591403
       51.8000000000        0.5824603974
       51.9000000000        0.5241166861
       52.0000000000        0.4611221035
       52.1000000000        0.3941715044
       52.2000000000        0.3239491949
       52.3000000000        0.2511220601
       52.4000000000        0.1763369120
       52.5000000000        0.1002215370
       52.6000000000        0.0233886997
       52.7000000000       -0.0535577814
       52.8000000000       -0.1300158457
       52.9000000000       -0.2053778851
       53.0000000000       -0.2790243041
       53.1000000000       -0.3503188975
       53.2000000000       -0.4186069121
       53.3000000000       -0.4832165357
       53.4000000000       -0.5434643560
       53.5000000000       -0.5986650597
       53.6000000000       -0.6481452876
       53.7000000000       -0.6912611398
       53.8000000000       -0.7274183791
       53.9000000000       -0.7560939536
       54.0000000000       -0.7768571370
       54.1000000000       -0.7893884244
       54.2000000000       -0.7934943854
       54.3000000000       -0.7891169807
       54.4000000000       -0.7763363736
       54.5000000000       -0.7553669395
       54.6000000000       -0.7265468980
       54.7000000000       -0.6903226451
       54.8000000000       -0.6472293561
       54.9000000000       -0.5978696899
       55.0000000000       -0.5428924500
       55.1000000000       -0.4829728555
       55.2000000000       -0.4187957243
       55.3000000000       -0.3510424297
       55.4000000000       -0.2803820344
       55.5000000000       -0.2074665924
       55.6000000000       -0.1329302629
       55.7000000000       -0.0573916235
       55.8000000000        0.0185416086
       55.9000000000        0.0942663444
       56.0000000000        0.1691773334
       56.1000000000        0.2426607802
       56.2000000000        0.3140893090
       56.3000000000        0.3828191569
       56.4000000000        0.4481903714
       56.5000000000        0.5095306206
       56.6000000000        0.5661629896
       56.7000000000        0.6174178229
       56.8000000000        0.6626482922
       56.9000000000        0.7012489460
       57.0000000000        0.7326760774
       57.1000000000        0.7564683952
       57.2000000000        0.7722662594
       57.3000000000        0.7798277197
       57.4000000000        0.7790397881
       57.5000000000        0.7699237991
       57.6000000000        0.7526342981
       57.7000000000        0.7274515752
       57.8000000000        0.6947686245
       57.9000000000        0.6550738431
       58.0000000000        0.6089311380
       58.1000000000        0.5569592226
       58.2000000000        0.4998117880
       58.3000000000        0.4381599518
       58.4000000000        0.3726779998
       58.5000000000        0.3040330016
       58.6000000000        0.2328784611
       58.7000000000        0.1598517985
       58.8000000000        0.0855751774
       58.9000000000        0.0106589769
       59.0000000000       -0.0642929188
       59.1000000000       -0.1386769228
       59.2000000000       -0.2118835756
       59.3000000000       -0.2832923324
       59.4000000000       -0.3522681903
       59.5000000000       -0.4181609512
       59.6000000000       -0.4803077742
       59.7000000000       -0.5380394653
       59.8000000000       -0.5906906725
       59.9000000000       -0.6376138097
       60.0000000000       -0.6781961316
       60.1000000000       -0.7118789780
       60.2000000000       -0.7381778353
       60.3000000000       -0.7567016048
       60.4000000000       -0.7671693715
       60.5000000000       -0.7694230815
       60.6000000000       -0.7634348615
       60.7000000000       -0.7493082306
       60.8000000000       -0.7272730780
       60.9000000000       -0.6976749290
       61.0000000000       -0.6609595892
       61.1000000000       -0.6176546639
       61.2000000000       -0.5683496453
       61.3000000000       -0.5136762437
       61.4000000000       -0.4542904273
       61.5000000000       -0.3908573009
       61.6000000000       -0.3240395436
       61.7000000000       -0.2544897136
       61.8000000000       -0.1828463554
       61.9000000000       -0.1097335327
       62.0000000000       -0.0357631840
       62.1000000000        0.0384604651
       62.2000000000        0.1123352933
       62.3000000000        0.1852553851
       62.4000000000        0.2566057568
       62.5000000000        0.3257585880
       62.6000000000        0.3920717670
       62.7000000000        0.4548904385
       62.8000000000        0.5135520585
       62.9000000000        0.5673952116
       63.0000000000        0.6157721275
       63.1000000000        0.6580644610
       63.2000000000        0.6937015021
       63.3000000000        0.7221796124
       63.4000000000        0.7430813916
       63.5000000000        0.7560929372
       63.6000000000        0.7610175972
       63.7000000000        0.7577848743
       63.8000000000        0.7464535792
       63.9000000000        0.7272089083
       64.0000000000        0.7003537494
       64.1000000000        0.6662951013
       64.2000000000        0.6255269429
       64.3000000000        0.5786111480
       64.4000000000        0.5261580944
       64.5000000000        0.4688084722
       64.6000000000        0.4072175063
       64.7000000000        0.3420424332
       64.8000000000        0.2739336664
       64.9000000000        0.2035297090
       65.0000000000        0.1314555437
       65.1000000000        0.0583239823
       65.2000000000       -0.0152607261
       65.3000000000       -0.0886978422
       65.4000000000       -0.1613845172
       65.5000000000       -0.2327105039
       65.6000000000       -0.3020540769
       65.7000000000       -0.3687799797
       65.8000000000       -0.4322401167
       65.9000000000       -0.4917775413
       66.0000000000       -0.5467340703
       66.1000000000       -0.5964615598
       66.2000000000       -0.6403365261
       66.3000000000       -0.6777774114
       66.4000000000       -0.7082634210
       66.5000000000       -0.7313535452
       66.6000000000       -0.7467041911
       66.7000000000       -0.7540838375
       66.8000000000       -0.7533833058
       66.9000000000       -0.7446206240
       67.0000000000       -0.7279399859
       67.1000000000       -0.7036049155
       67.2000000000       -0.6719863333
       67.3000000000       -0.6335467089
       67.4000000000       -0.5888217973
       67.5000000000       -0.5384015718
       67.6000000000       -0.4829118837
       67.7000000000       -0.4229981375
       67.8000000000       -0.3593119235
       67.9000000000       -0.2925011608
       68.0000000000       -0.2232039214
       68.1000000000       -0.1520457683
       68.2000000000       -0.0796401715
       68.3000000000       -0.0065913648
       68.4000000000        0.0665011265
       68.5000000000        0.1390371363
       68.6000000000        0.2104105679
       68.7000000000        0.2800050381
       68.8000000000        0.3471912840
       68.9000000000        0.4113270747
       69.0000000000        0.4717602239
       69.1000000000        0.5278350987
       69.2000000000        0.5789027503
       69.3000000000        0.6243344572
       69.4000000000        0.6635381060
       69.5000000000        0.6959764536
       69.6000000000        0.7211859885
       69.7000000000        0.7387948845
       69.8000000000        0.7485384677
       69.9000000000        0.7502707468
       70.0000000000        0.7439708696
       70.1000000000        0.7297438531
       70.2000000000        0.7078155154
       70.3000000000        0.6785221264
       70.4000000000        0.6422958126
       70.5000000000        0.5996471132
       70.6000000000        0.5511462591
       70.7000000000        0.4974047241
       70.8000000000        0.4390583991
       70.9000000000        0.3767534318
       71.0000000000        0.3111353933
       71.1000000000        0.2428420556
       71.2000000000        0.1724997121
       71.3000000000        0.1007226863
       71.4000000000        0.0281154566
       71.5000000000       -0.0447233313
       71.6000000000       -0.1171957819
       71.7000000000       -0.1886994650
       71.8000000000       -0.2586227990
       71.9000000000       -0.3263419417
       72.0000000000       -0.3912199526
       72.1000000000       -0.4526088672
       72.2000000000       -0.5098551404
       72.3000000000       -0.5623086673
       72.4000000000       -0.6093352784
       72.5000000000       -0.6503322489
       72.6000000000       -0.6847459850
       72.7000000000       -0.7120907056
       72.8000000000       -0.7319666806
       72.9000000000       -0.7440764668
       73.0000000000       -0.7482376477
       73.1000000000       -0.7443908405
       73.2000000000       -0.7326021686
       73.3000000000       -0.7130599483
       73.4000000000       -0.6860659308
       73.5000000000       -0.6520219803
       73.6000000000       -0.6114134809
       73.7000000000       -0.5647909960
       73.8000000000       -0.5127517398
       73.9000000000       -0.4559222737
       74.0000000000       -0.3949435631
       74.1000000000       -0.3304591693
       74.2000000000       -0.2631069722
       74.3000000000       -0.1935144585
       74.4000000000       -0.1222973066
       74.5000000000       -0.0500607585
       74.6000000000        0.0225968993
       74.7000000000        0.0950795386
       74.8000000000        0.1667879244
       74.9000000000        0.2371148517
       75.0000000000        0.3054415315
       75.1000000000        0.3711360146
       75.2000000000        0.4335543338
       75.3000000000        0.4920448809
       75.4000000000        0.5459563113
       75.5000000000        0.5946489729
       75.6000000000        0.6375095153
       75.7000000000        0.6739679608
       75.8000000000        0.7035161608
       75.9000000000        0.7257262720
       76.0000000000        0.7402677213
       76.1000000000        0.7469211306
       76.2000000000        0.7455878720
       76.3000000000        0.7362943055
       76.4000000000        0.7191902692
       76.5000000000        0.6945419802
       76.6000000000        0.6627200641
       76.7000000000        0.6241838904
       76.8000000000        0.5794636782
       76.9000000000        0.5291419356
       77.0000000000        0.4738357007
       77.1000000000        0.4141808142
       77.2000000000        0.3508191133
       77.3000000000        0.2843890585
       77.4000000000        0.2155199398
       77.5000000000        0.1448294808
       77.6000000000        0.0729244051
       77.7000000000        0.0004033327
       77.8000000000       -0.0721387500
       77.9000000000       -0.1441052812
       78.0000000000       -0.2148930401
       78.1000000000       -0.2838880456
       78.2000000000       -0.3504632464
       78.3000000000       -0.4139787248
       78.4000000000       -0.4737849881
       78.5000000000       -0.5292297201
       78.6000000000       -0.5796680918
       78.7000000000       -0.6244764040
       78.8000000000       -0.6630684651
       78.9000000000       -0.6949137391
       79.0000000000       -0.7195559848
       79.1000000000       -0.7366308890
       79.2000000000       -0.7458811466
       79.3000000000       -0.7471675704
       79.4000000000       -0.7404751412
       79.5000000000       -0.7259133877
       79.6000000000       -0.7037110599
       79.7000000000       -0.6742056410
       79.8000000000       -0.6378287389
       79.9000000000       -0.5950887499
       80.0000000000       -0.5465523473
       80.1000000000       -0.4928263123
       80.2000000000       -0.4345410294
       80.3000000000       -0.3723366537
       80.4000000000       -0.3068525879
       80.5000000000       -0.2387205313
       80.6000000000       -0.1685610202
       80.7000000000       -0.0969831021
       80.8000000000       -0.0245865676
       80.9000000000        0.0480339808
       81.0000000000        0.1202840365
       81.1000000000        0.1915639328
       81.2000000000        0.2612642856
       81.3000000000        0.3287629670
       81.4000000000        0.3934243660
       81.5000000000        0.4546015695
       81.6000000000        0.5116419125
       81.7000000000        0.5638960986
       81.8000000000        0.6107307812
       81.9000000000        0.6515441348
       82.0000000000        0.6857835769
       82.1000000000        0.7129644526
       82.2000000000        0.7326882434
       82.3000000000        0.7446587425
       82.4000000000        0.7486947097
       82.5000000000        0.7447377790
       82.6000000000        0.7328548270
       82.7000000000        0.7132345624
       82.8000000000        0.6861786894
       82.9000000000        0.6520885312
       83.0000000000        0.6114484127
       83.1000000000        0.5648073249
       83.2000000000        0.5127604280
       83.3000000000        0.4559318028
       83.4000000000        0.3949595776
       83.5000000000        0.3304842009
       83.6000000000        0.2631402504
       83.7000000000        0.1935518090
       83.8000000000        0.1223311369
       83.9000000000        0.0500801318
       84.0000000000       -0.0226061042
       84.1000000000       -0.0951343779
       84.2000000000       -0.1669080496
       84.3000000000       -0.2373220756
       84.4000000000       -0.3057592996
       84.5000000000       -0.3715887818
       84.6000000000       -0.4341668529
       84.7000000000       -0.4928414172
       84.8000000000       -0.5469598044
       84.9000000000       -0.5958801785
       85.0000000000       -0.6389861689
       85.1000000000       -0.6757040107
       85.2000000000       -0.7055211213
       85.3000000000       -0.7280047457
       85.4000000000       -0.7428191266
       85.5000000000       -0.7497396578
       85.6000000000       -0.7486626685
       85.7000000000       -0.7396098692
       85.8000000000       -0.7227270076
       85.9000000000       -0.6982768771
       86.0000000000       -0.6666273857
       86.1000000000       -0.6282358638
       86.2000000000       -0.5836310823
       86.3000000000       -0.5333945571
       86.4000000000       -0.4781426283
       86.5000000000       -0.4185105617
       86.6000000000       -0.3551395805
       86.7000000000       -0.2886673553
       86.8000000000       -0.2197221091
       86.9000000000       -0.1489201654
       87.0000000000       -0.0768665077
       87.1000000000       -0.0041577208
       87.2000000000        0.0686134426
       87.3000000000        0.1408527068
       87.4000000000        0.2119589976
       87.5000000000        0.2813201105
       87.6000000000        0.3483101421
       87.7000000000        0.4122894206
       87.8000000000        0.4726075295
       87.9000000000        0.5286098191
       88.0000000000        0.5796475342
       88.1000000000        0.6250913549
       88.2000000000        0.6643477807
       88.3000000000        0.6968774102
       88.4000000000        0.7222138408
       88.5000000000        0.7399816835
       88.6000000000        0.7499121183
       88.7000000000        0.7518545327
       88.8000000000        0.7457831013
       88.9000000000        0.7317976435
       89.0000000000        0.7101186747
       89.1000000000        0.6810771576
       89.2000000000        0.6450999789
       89.3000000000        0.6026925461
       89.4000000000        0.5544200731
       89.5000000000        0.5008891084
       89.6000000000        0.4427306660
       89.7000000000        0.3805860093
       89.8000000000        0.3150957619
       89.9000000000        0.2468926415
       90.0000000000        0.1765977574
       90.1000000000        0.1048201300
       90.2000000000        0.0321588648
       90.3000000000       -0.0407927377
       90.4000000000       -0.1134419519
       90.5000000000       -0.1851911417
       90.6000000000       -0.2554328916
       90.7000000000       -0.3235466021
       90.8000000000       -0.3888973252
       90.9000000000       -0.4508375002
       91.0000000000       -0.5087120736
       91.1000000000       -0.5618672454
       91.2000000000       -0.6096627759
       91.3000000000       -0.6514874266
       91.4000000000       -0.6867767308
       91.5000000000       -0.7150319301
       91.6000000000       -0.7358386347
       91.7000000000       -0.7488836298
       91.8000000000       -0.7539682889
       91.9000000000       -0.7510172962
       92.0000000000       -0.7400818060
       92.1000000000       -0.7213367178
       92.2000000000       -0.6950723501
       92.3000000000       -0.6616813564
       92.4000000000       -0.6216421626
       92.5000000000       -0.5755004643
       92.6000000000       -0.5238503760
       92.7000000000       -0.4673166959
       92.8000000000       -0.4065394740
       92.9000000000       -0.3421617155
       93.0000000000       -0.2748206597
       93.1000000000       -0.2051427091
       93.2000000000       -0.1337417669
       93.3000000000       -0.0612204909
       93.4000000000        0.0118262055
       93.5000000000        0.0848061931
       93.6000000000        0.1571245629
       93.7000000000        0.2281783343
       93.8000000000        0.2973523025
       93.9000000000        0.3640168374
       94.0000000000        0.4275283526
       94.1000000000        0.4872330091
       94.2000000000        0.5424740041
       94.3000000000        0.5926025130
       94.4000000000        0.6369920073
       94.5000000000        0.6750552934
       94.6000000000        0.7062632418
       94.7000000000        0.7301638542
       94.8000000000        0.7464001170
       94.9000000000        0.7547250485
       95.0000000000        0.7550125141
       95.1000000000        0.7472627347
       95.2000000000        0.7316019320
       95.3000000000        0.7082761503
       95.4000000000        0.6776398855
       95.5000000000        0.6401406557
       95.6000000000        0.5963009804
       95.7000000000        0.5466993735
       95.8000000000        0.4919518975
       95.9000000000        0.4326955982
       96.0000000000        0.3695748082
       96.1000000000        0.3032309189
       96.2000000000        0.2342958392
       96.3000000000        0.1633890152
       96.4000000000        0.0911176114
       96.5000000000        0.0180792404
       96.6000000000       -0.0551335064
       96.7000000000       -0.1279275670
       96.8000000000       -0.1997038304
       96.9000000000       -0.2698523513
       97.0000000000       -0.3377492003
       97.1000000000       -0.4027557177
       97.2000000000       -0.4642208083
       97.3000000000       -0.5214867280
       97.4000000000       -0.5738985569
       97.5000000000       -0.6208172300
       97.6000000000       -0.6616356281
       97.7000000000       -0.6957968446
       97.8000000000       -0.7228133924
       97.9000000000       -0.7422858538
       98.0000000000       -0.7539193659
       98.1000000000       -0.7575364104
       98.2000000000       -0.7530846580
       98.3000000000       -0.7406390782
       98.4000000000       -0.7203980984
       98.5000000000       -0.6926742107
       98.6000000000       -0.6578799764
       98.7000000000       -0.6165107872
       98.8000000000       -0.5691259695
       98.9000000000       -0.5163298343
       99.0000000000       -0.4587541107
       99.1000000000       -0.3970429045
       99.2000000000       -0.3318409470
       99.3000000000       -0.2637855076
       99.4000000000       -0.1935019787
       99.5000000000       -0.1216028344
       99.6000000000       -0.0486894279
       99.7000000000        0.0246440770
       99.8000000000        0.0978054501
       99.9000000000        0.1701986841
      100.0000000000        0.2412187145
