   40824.769999999997     
   38692.540000000001     
   37586.180000000000     
   36752.339999999997     
   36273.180000000000     
   36354.570000000000     
   36606.110000000001     
   37391.809999999998     
   38830.190000000002     
   40787.980000000003     
   43640.010000000002     
   47984.599999999999     
   55249.410000000003     
   66658.949999999997     
   88202.050000000003     
   132295.63000000000     
   220923.32000000001     
   300196.34000000003     
   214304.92999999999     
   125706.13000000000     
   84755.600000000006     
   65487.739999999998     
   55934.650000000001     
   51320.570000000000     
   48549.599999999999     
   47344.639999999999     
   46874.300000000003     
   47029.330000000002     
   47569.300000000003     
   48836.480000000003     
   50034.919999999998     
   51602.940000000002     
   53436.680000000000     
   55302.870000000003     
   57259.769999999997     
   59906.949999999997     
   62748.379999999997     
   65662.000000000000     
   68427.639999999999     
   71992.070000000007     
   75734.350000000006     
   79641.559999999998     
   84141.910000000003     
   88652.369999999995     
   93350.759999999995     
   98522.860000000001     
   103706.47000000000     
   109675.75000000000     
   114960.33000000000     
   121243.92999999999     
   127262.64000000000     
   132810.60999999999     
   138268.29999999999     
   143874.38000000000     
   148696.28000000000     
   152703.01000000001     
   155506.04999999999     
   157201.67999999999     
   157777.26999999999     
   157217.47000000000     
   155451.72000000000     
   152716.39000000001     
   148527.10999999999     
   143222.75000000000     
   137513.01000000001     
   130476.06000000000     
   124175.75999999999     
   117249.05000000000     
   110417.61000000000     
   103401.60000000001     
   96812.880000000005     
   90272.860000000001     
   83921.759999999995     
   78450.320000000007     
   73159.149999999994     
   67923.320000000007     
   63516.800000000003     
   59183.779999999999     
   55380.860000000001     
   51440.980000000003     
   48219.809999999998     
   45095.000000000000     
   42150.349999999999     
   39402.750000000000     
   36889.650000000001     
   34648.320000000000     
   32732.570000000000     
   30747.230000000000     
   28846.770000000000     
   27462.360000000001     
   25878.919999999998     
   24510.959999999999     
   23250.070000000000     
   21777.509999999998     
   20703.880000000001     
   19725.840000000000     
   18589.070000000000     
   17689.509999999998     
   16858.680000000000     
   16026.940000000001     
   15269.620000000001     
   14608.400000000000     
   13994.240000000000     
   13318.410000000000     
   12816.610000000001     
   12146.240000000000     
   11716.410000000000     
   11223.860000000001     
   10883.969999999999     
   10389.299999999999     
   9840.4300000000003     
   9478.0900000000001     
   9095.6000000000004     
   8897.7500000000000     
   8536.3099999999995     
   8204.6700000000001     
   7933.6099999999997     
   7542.2600000000002     
   7398.5900000000001     
   7140.7600000000002     
   6881.5000000000000     
   6664.3900000000003     
   6391.8999999999996     
   6202.1999999999998     
   6010.3599999999997     
   5768.6599999999999     
   5576.7700000000004     
   5457.1999999999998     
   5250.1599999999999     
   5087.9700000000003     
   4975.6099999999997     
   4819.3800000000001     
   4616.6999999999998     
   4572.6599999999999     
   4377.6599999999999     
   4298.5699999999997     
   4190.6899999999996     
   4047.2800000000002     
   3876.4099999999999     
   3848.4699999999998     
   3731.6399999999999     
   3579.0900000000001     
   3528.0700000000002     
   3429.8000000000002     
   3381.4099999999999     
   3298.0200000000000     
