   0.0000000000000000        100.00000000000000     
   1.0000000000000000E-002   100.08767728784387     
   2.0000000000000000E-002   100.17437357568774     
   2.9999999999999999E-002   100.26008886353162     
   4.0000000000000001E-002   100.34482315137549     
   5.0000000000000003E-002   100.42857643921936     
   6.0000000000000005E-002   100.51134872706322     
   7.0000000000000007E-002   100.59314001490709     
   8.0000000000000002E-002   100.67395030275097     
   8.9999999999999997E-002   100.75377959059483     
   9.9999999999999992E-002   100.83262787843871     
  0.10999999999999999        100.91049516628259     
  0.11999999999999998        100.98738145412645     
  0.12999999999999998        101.06328674197033     
  0.13999999999999999        101.13821102981420     
  0.14999999999999999        101.21215431765808     
  0.16000000000000000        101.28511660550194     
  0.17000000000000001        101.35709789334580     
  0.18000000000000002        101.42809818118967     
  0.19000000000000003        101.49811746903355     
  0.20000000000000004        101.56715575687741     
  0.21000000000000005        101.63521304472128     
  0.22000000000000006        101.70228933256516     
  0.23000000000000007        101.76838462040904     
  0.24000000000000007        101.83349890825291     
  0.25000000000000006        101.89763219609678     
  0.26000000000000006        101.96078448394066     
  0.27000000000000007        102.02295577178452     
  0.28000000000000008        102.08414605962840     
  0.29000000000000009        102.14435534747226     
  0.30000000000000010        102.20358363531612     
  0.31000000000000011        102.26183092315999     
  0.32000000000000012        102.31909721100386     
  0.33000000000000013        102.37538249884774     
  0.34000000000000014        102.43068678669161     
  0.35000000000000014        102.48501007453548     
  0.36000000000000015        102.53835236237936     
  0.37000000000000016        102.59071365022324     
  0.38000000000000017        102.64209393806711     
  0.39000000000000018        102.69249322591098     
  0.40000000000000019        102.74191151375484     
  0.41000000000000020        102.79034880159871     
  0.42000000000000021        102.83780508944258     
  0.43000000000000022        102.88428037728644     
  0.44000000000000022        102.92977466513032     
  0.45000000000000023        102.97428795297419     
  0.46000000000000024        103.01782024081807     
  0.47000000000000025        103.06037152866193     
  0.48000000000000026        103.10194181650581     
  0.49000000000000027        103.14253110434969     
  0.50000000000000022        103.18213939219355     
  0.51000000000000023        103.22076668003743     
  0.52000000000000024        103.25841296788130     
  0.53000000000000025        103.29507825572516     
  0.54000000000000026        103.33076254356902     
  0.55000000000000027        103.36546583141291     
  0.56000000000000028        103.39918811925678     
  0.57000000000000028        103.43192940710064     
  0.58000000000000029        103.46368969494452     
  0.59000000000000030        103.49446898278839     
  0.60000000000000031        103.52426727063227     
  0.61000000000000032        103.55308455847613     
  0.62000000000000033        103.58092084632001     
  0.63000000000000034        103.60777613416388     
  0.64000000000000035        103.63365042200773     
  0.65000000000000036        103.65854370985161     
  0.66000000000000036        103.68245599769548     
  0.67000000000000037        103.70538728553936     
  0.68000000000000038        103.72733757338322     
  0.69000000000000039        103.74830686122709     
  0.70000000000000040        103.76829514907097     
  0.71000000000000041        103.78730243691484     
  0.72000000000000042        103.80532872475871     
  0.73000000000000043        103.82237401260258     
  0.74000000000000044        103.83843830044646     
  0.75000000000000044        103.85352158829033     
  0.76000000000000045        103.86762387613419     
  0.77000000000000046        103.88074516397806     
  0.78000000000000047        103.89288545182193     
  0.79000000000000048        103.90404473966581     
  0.80000000000000049        103.91422302750968     
  0.81000000000000050        103.92342031535355     
  0.82000000000000051        103.93163660319742     
  0.83000000000000052        103.93887189104129     
  0.84000000000000052        103.94512617888516     
  0.85000000000000053        103.95039946672904     
  0.86000000000000054        103.95469175457291     
  0.87000000000000055        103.95800304241676     
  0.88000000000000056        103.96033333026064     
  0.89000000000000057        103.96168261810450     
  0.90000000000000058        103.96205090594839     
  0.91000000000000059        103.96143819379226     
  0.92000000000000060        103.95984448163613     
  0.93000000000000060        103.95726976948001     
  0.94000000000000061        103.95371405732388     
  0.95000000000000062        103.94917734516774     
  0.96000000000000063        103.94365963301162     
  0.97000000000000064        103.93716092085549     
  0.98000000000000065        103.92968120869936     
  0.99000000000000066        103.92122049654323     
   1.0000000000000007        103.91177878438710     
   1.0100000000000007        103.90135607223097     
   1.0200000000000007        103.88995236007483     
   1.0300000000000007        103.87756764791871     
   1.0400000000000007        103.86420193576258     
   1.0500000000000007        103.84985522360645     
   1.0600000000000007        103.83452751145032     
   1.0700000000000007        103.81821879929420     
   1.0800000000000007        103.80092908713807     
   1.0900000000000007        103.78265837498193     
   1.1000000000000008        103.76340666282582     
   1.1100000000000008        103.74317395066967     
   1.1200000000000008        103.72196023851355     
   1.1300000000000008        103.69976552635741     
   1.1400000000000008        103.67658981420128     
   1.1500000000000008        103.65243310204515     
   1.1600000000000008        103.62729538988903     
   1.1700000000000008        103.60117667773289     
   1.1800000000000008        103.57407696557678     
   1.1900000000000008        103.54599625342064     
   1.2000000000000008        103.51693454126452     
   1.2100000000000009        103.48689182910839     
   1.2200000000000009        103.45586811695226     
   1.2300000000000009        103.42386340479614     
   1.2400000000000009        103.39087769263999     
   1.2500000000000009        103.35691098048386     
   1.2600000000000009        103.32196326832774     
   1.2700000000000009        103.28603455617161     
   1.2800000000000009        103.24912484401548     
   1.2900000000000009        103.21123413185936     
   1.3000000000000009        103.17236241970322     
   1.3100000000000009        103.13250970754710     
   1.3200000000000010        103.09167599539097     
   1.3300000000000010        103.04986128323483     
   1.3400000000000010        103.00706557107870     
   1.3500000000000010        102.96328885892257     
   1.3600000000000010        102.91853114676644     
   1.3700000000000010        102.87279243461032     
   1.3800000000000010        102.82607272245419     
   1.3900000000000010        102.77837201029806     
   1.4000000000000010        102.72969029814193     
   1.4100000000000010        102.68002758598580     
   1.4200000000000010        102.62938387382967     
   1.4300000000000010        102.57775916167354     
   1.4400000000000011        102.52515344951742     
   1.4500000000000011        102.47156673736129     
   1.4600000000000011        102.41699902520516     
   1.4700000000000011        102.36145031304903     
   1.4800000000000011        102.30492060089288     
   1.4900000000000011        102.24740988873677     
   1.5000000000000011        102.18891817658063     
   1.5100000000000011        102.12944546442451     
   1.5200000000000011        102.06899175226837     
   1.5300000000000011        102.00755704011225     
   1.5400000000000011        101.94514132795612     
   1.5500000000000012        101.88174461580000     
   1.5600000000000012        101.81736690364387     
   1.5700000000000012        101.75200819148773     
   1.5800000000000012        101.68566847933160     
   1.5900000000000012        101.61834776717546     
   1.6000000000000012        101.55004605501934     
   1.6100000000000012        101.48076334286321     
   1.6200000000000012        101.41049963070708     
   1.6300000000000012        101.33925491855096     
   1.6400000000000012        101.26702920639482     
   1.6500000000000012        101.19382249423870     
   1.6600000000000013        101.11963478208257     
   1.6700000000000013        101.04446606992644     
   1.6800000000000013        100.96831635777032     
   1.6900000000000013        100.89118564561419     
   1.7000000000000013        100.81307393345806     
   1.7100000000000013        100.73398122130192     
   1.7200000000000013        100.65390750914580     
   1.7300000000000013        100.57285279698966     
   1.7400000000000013        100.49081708483354     
   1.7500000000000013        100.40780037267740     
   1.7600000000000013        100.32380266052128     
   1.7700000000000014        100.23882394836515     
   1.7800000000000014        100.15286423620903     
   1.7900000000000014        100.06592352405289     
   1.8000000000000014        99.978001811896760     
   1.8100000000000014        99.889099099740633     
   1.8200000000000014        99.799215387584496     
   1.8300000000000014        99.708350675428363     
   1.8400000000000014        99.616504963272234     
   1.8500000000000014        99.523678251116110     
   1.8600000000000014        99.429870538959989     
   1.8700000000000014        99.335081826803858     
   1.8800000000000014        99.239312114647731     
   1.8900000000000015        99.142561402491594     
   1.9000000000000015        99.044829690335476     
   1.9100000000000015        98.946116978179347     
   1.9200000000000015        98.846423266023208     
   1.9300000000000015        98.745748553867088     
   1.9400000000000015        98.644092841710957     
   1.9500000000000015        98.541456129554831     
   1.9600000000000015        98.437838417398694     
   1.9700000000000015        98.333239705242562     
   1.9800000000000015        98.227659993086434     
   1.9900000000000015        98.121099280930309     
   2.0000000000000013        98.013557568774189     
   2.0100000000000011        97.905034856618045     
   2.0200000000000009        97.795531144461918     
   2.0300000000000007        97.685046432305796     
   2.0400000000000005        97.573580720149678     
   2.0500000000000003        97.461134007993550     
   2.0600000000000001        97.347706295837426     
   2.0699999999999998        97.233297583681292     
   2.0799999999999996        97.117907871525162     
   2.0899999999999994        97.001537159369036     
   2.0999999999999992        96.884185447212900     
   2.1099999999999990        96.765852735056782     
   2.1199999999999988        96.646539022900654     
   2.1299999999999986        96.526244310744531     
   2.1399999999999983        96.404968598588411     
   2.1499999999999981        96.282711886432281     
   2.1599999999999979        96.159474174276156     
   2.1699999999999977        96.035255462120034     
   2.1799999999999975        95.910055749963902     
   2.1899999999999973        95.783875037807761     
   2.1999999999999971        95.656713325651637     
   2.2099999999999969        95.528570613495518     
   2.2199999999999966        95.399446901339402     
   2.2299999999999964        95.269342189183277     
   2.2399999999999962        95.138256477027156     
   2.2499999999999960        95.006189764871010     
   2.2599999999999958        94.873142052714897     
   2.2699999999999956        94.739113340558774     
   2.2799999999999954        94.604103628402640     
   2.2899999999999952        94.468112916246511     
   2.2999999999999949        94.331141204090386     
   2.3099999999999947        94.193188491934265     
   2.3199999999999945        94.054254779778148     
   2.3299999999999943        93.914340067622021     
   2.3399999999999941        93.773444355465884     
   2.3499999999999939        93.631567643309765     
   2.3599999999999937        93.488709931153636     
   2.3699999999999934        93.344871218997497     
   2.3799999999999932        93.200051506841390     
   2.3899999999999930        93.054250794685260     
   2.3999999999999928        92.907469082529133     
   2.4099999999999926        92.759706370373010     
   2.4199999999999924        92.610962658216891     
   2.4299999999999922        92.461237946060749     
   2.4399999999999920        92.310532233904638     
   2.4499999999999917        92.158845521748518     
   2.4599999999999915        92.006177809592373     
   2.4699999999999913        91.852529097436260     
   2.4799999999999911        91.697899385280138     
   2.4899999999999909        91.542288673124006     
   2.4999999999999907        91.385696960967891     
   2.5099999999999905        91.228124248811767     
   2.5199999999999902        91.069570536655633     
   2.5299999999999900        90.910035824499516     
   2.5399999999999898        90.749520112343390     
   2.5499999999999896        90.588023400187254     
   2.5599999999999894        90.425545688031121     
   2.5699999999999892        90.262086975875008     
   2.5799999999999890        90.097647263718898     
   2.5899999999999888        89.932226551562763     
   2.5999999999999885        89.765824839406648     
   2.6099999999999883        89.598442127250507     
   2.6199999999999881        89.430078415094385     
   2.6299999999999879        89.260733702938268     
   2.6399999999999877        89.090407990782126     
   2.6499999999999875        88.919101278626016     
   2.6599999999999873        88.746813566469896     
   2.6699999999999871        88.573544854313781     
   2.6799999999999868        88.399295142157655     
   2.6899999999999866        88.224064430001533     
   2.6999999999999864        88.047852717845387     
   2.7099999999999862        87.870660005689274     
   2.7199999999999860        87.692486293533150     
   2.7299999999999858        87.513331581377017     
   2.7399999999999856        87.333195869220901     
   2.7499999999999853        87.152079157064776     
   2.7599999999999851        86.969981444908655     
   2.7699999999999849        86.786902732752537     
   2.7799999999999847        86.602843020596424     
   2.7899999999999845        86.417802308440287     
   2.7999999999999843        86.231780596284153     
   2.8099999999999841        86.044777884128038     
   2.8199999999999839        85.856794171971899     
   2.8299999999999836        85.667829459815778     
   2.8399999999999834        85.477883747659661     
   2.8499999999999832        85.286957035503548     
   2.8599999999999830        85.095049323347425     
   2.8699999999999828        84.902160611191306     
   2.8799999999999826        84.708290899035177     
   2.8899999999999824        84.513440186879052     
   2.8999999999999821        84.317608474722931     
   2.9099999999999819        84.120795762566800     
   2.9199999999999817        83.923002050410673     
   2.9299999999999815        83.724227338254565     
   2.9399999999999813        83.524471626098432     
   2.9499999999999811        83.323734913942317     
   2.9599999999999809        83.122017201786207     
   2.9699999999999807        82.919318489630058     
   2.9799999999999804        82.715638777473941     
   2.9899999999999802        82.510978065317829     
   2.9999999999999800        82.305336353161692     
   3.0099999999999798        82.098713641005574     
   3.0199999999999796        81.891109928849446     
   3.0299999999999794        81.682525216693335     
   3.0399999999999792        81.472959504537215     
   3.0499999999999790        81.262412792381099     
   3.0599999999999787        81.050885080224958     
   3.0699999999999785        80.838376368068850     
   3.0799999999999783        80.624886655912718     
   3.0899999999999781        80.410415943756590     
   3.0999999999999779        80.194964231600466     
   3.1099999999999777        79.978531519444346     
   3.1199999999999775        79.761117807288230     
   3.1299999999999772        79.542723095132118     
   3.1399999999999770        79.323347382975982     
   3.1499999999999768        79.102990670819864     
   3.1599999999999766        78.881652958663750     
   3.1699999999999764        78.659334246507626     
   3.1799999999999762        78.436034534351492     
   3.1899999999999760        78.211753822195362     
   3.1999999999999758        77.986492110039251     
   3.2099999999999755        77.760249397883129     
   3.2199999999999753        77.533025685727011     
   3.2299999999999751        77.304820973570898     
   3.2399999999999749        77.075635261414789     
   3.2499999999999747        76.845468549258669     
   3.2599999999999745        76.614320837102511     
   3.2699999999999743        76.382192124946400     
   3.2799999999999740        76.149082412790278     
   3.2899999999999738        75.914991700634161     
   3.2999999999999736        75.679919988478034     
   3.3099999999999734        75.443867276321924     
   3.3199999999999732        75.206833564165805     
   3.3299999999999730        74.968818852009690     
   3.3399999999999728        74.729823139853536     
   3.3499999999999726        74.489846427697415     
   3.3599999999999723        74.248888715541312     
   3.3699999999999721        74.006950003385185     
   3.3799999999999719        73.764030291229062     
   3.3899999999999717        73.520129579072943     
   3.3999999999999715        73.275247866916828     
   3.4099999999999713        73.029385154760718     
   3.4199999999999711        72.782541442604597     
   3.4299999999999708        72.534716730448480     
   3.4399999999999706        72.285911018292325     
   3.4499999999999704        72.036124306136216     
   3.4599999999999702        71.785356593980083     
   3.4699999999999700        71.533607881823983     
   3.4799999999999698        71.280878169667858     
   3.4899999999999696        71.027167457511737     
   3.4999999999999694        70.772475745355621     
   3.5099999999999691        70.516803033199508     
   3.5199999999999689        70.260149321043372     
   3.5299999999999687        70.002514608887253     
   3.5399999999999685        69.743898896731125     
   3.5499999999999683        69.484302184575000     
   3.5599999999999681        69.223724472418894     
   3.5699999999999679        68.962165760262778     
   3.5799999999999677        68.699626048106666     
   3.5899999999999674        68.436105335950543     
   3.5999999999999672        68.171603623794425     
   3.6099999999999670        67.906120911638311     
   3.6199999999999668        67.639657199482158     
   3.6299999999999666        67.372212487326038     
   3.6399999999999664        67.103786775169922     
   3.6499999999999662        66.834380063013811     
   3.6599999999999659        66.563992350857689     
   3.6699999999999657        66.292623638701571     
   3.6799999999999655        66.020273926545457     
   3.6899999999999653        65.746943214389347     
   3.6999999999999651        65.472631502233199     
   3.7099999999999649        65.197338790077083     
   3.7199999999999647        64.921065077920971     
   3.7299999999999645        64.643810365764850     
   3.7399999999999642        64.365574653608732     
   3.7499999999999640        64.086357941452619     
   3.7599999999999638        63.806160229296509     
   3.7699999999999636        63.524981517140390     
   3.7799999999999634        63.242821804984260     
   3.7899999999999632        62.959681092828149     
   3.7999999999999630        62.675559380672027     
   3.8099999999999627        62.390456668515895     
   3.8199999999999625        62.104372956359782     
   3.8299999999999623        61.817308244203659     
   3.8399999999999621        61.529262532047539     
   3.8499999999999619        61.240235819891424     
   3.8599999999999617        60.950228107735313     
   3.8699999999999615        60.659239395579192     
   3.8799999999999613        60.367269683423046     
   3.8899999999999610        60.074318971266933     
   3.8999999999999608        59.780387259110810     
   3.9099999999999606        59.485474546954705     
   3.9199999999999604        59.189580834798591     
   3.9299999999999602        58.892706122642466     
   3.9399999999999600        58.594850410486359     
   3.9499999999999598        58.296013698330242     
   3.9599999999999596        57.996195986174129     
   3.9699999999999593        57.695397274018006     
   3.9799999999999591        57.393617561861902     
   3.9899999999999589        57.090856849705744     
   3.9999999999999587        56.787115137549634     
   4.0099999999999589        56.482392425393499     
   4.0199999999999587        56.176688713237382     
   4.0299999999999585        55.870004001081270     
   4.0399999999999583        55.562338288925162     
   4.0499999999999581        55.253691576769043     
   4.0599999999999579        54.944063864612929     
   4.0699999999999577        54.633455152456776     
   4.0799999999999574        54.321865440300670     
   4.0899999999999572        54.009294728144553     
   4.0999999999999570        53.695743015988441     
   4.1099999999999568        53.381210303832333     
   4.1199999999999566        53.065696591676200     
   4.1299999999999564        52.749201879520086     
   4.1399999999999562        52.431726167363990     
   4.1499999999999559        52.113269455207856     
   4.1599999999999557        51.793831743051740     
   4.1699999999999555        51.473413030895628     
   4.1799999999999553        51.152013318739492     
   4.1899999999999551        50.829632606583374     
   4.1999999999999549        50.506270894427260     
   4.2099999999999547        50.181928182271136     
   4.2199999999999545        49.856604470115030     
   4.2299999999999542        49.530299757958915     
   4.2399999999999540        49.203014045802789     
   4.2499999999999538        48.874747333646653     
   4.2599999999999536        48.545499621490535     
   4.2699999999999534        48.215270909334421     
   4.2799999999999532        47.884061197178312     
   4.2899999999999530        47.551870485022206     
   4.2999999999999527        47.218698772866091     
   4.3099999999999525        46.884546060709965     
   4.3199999999999523        46.549412348553858     
   4.3299999999999521        46.213297636397741     
   4.3399999999999519        45.876201924241627     
   4.3499999999999517        45.538125212085518     
   4.3599999999999515        45.199067499929384     
   4.3699999999999513        44.859028787773255     
   4.3799999999999510        44.518009075617158     
   4.3899999999999508        44.176008363461037     
   4.3999999999999506        43.833026651304920     
   4.4099999999999504        43.489063939148807     
   4.4199999999999502        43.144120226992698     
   4.4299999999999500        42.798195514836550     
   4.4399999999999498        42.451289802680435     
   4.4499999999999496        42.103403090524324     
   4.4599999999999493        41.754535378368203     
   4.4699999999999491        41.404686666212100     
   4.4799999999999489        41.053856954055988     
   4.4899999999999487        40.702046241899879     
   4.4999999999999485        40.349254529743746     
   4.5099999999999483        39.995481817587645     
   4.5199999999999481        39.640728105431535     
   4.5299999999999478        39.284993393275414     
   4.5399999999999476        38.928277681119283     
   4.5499999999999474        38.570580968963171     
   4.5599999999999472        38.211903256807048     
   4.5699999999999470        37.852244544650944     
   4.5799999999999468        37.491604832494829     
   4.5899999999999466        37.129984120338705     
   4.5999999999999464        36.767382408182598     
   4.6099999999999461        36.403799696026454     
   4.6199999999999459        36.039235983870356     
   4.6299999999999457        35.673691271714233     
   4.6399999999999455        35.307165559558115     
   4.6499999999999453        34.939658847402015     
   4.6599999999999451        34.571171135245905     
   4.6699999999999449        34.201702423089770     
   4.6799999999999446        33.831252710933668     
   4.6899999999999444        33.459821998777556     
   4.6999999999999442        33.087410286621449     
   4.7099999999999440        32.714017574465331     
   4.7199999999999438        32.339643862309188     
   4.7299999999999436        31.964289150153078     
   4.7399999999999434        31.587953437996958     
   4.7499999999999432        31.210636725840857     
   4.7599999999999429        30.832339013684745     
   4.7699999999999427        30.453060301528623     
   4.7799999999999425        30.072800589372520     
   4.7899999999999423        29.691559877216378     
   4.7999999999999421        29.309338165060254     
   4.8099999999999419        28.926135452904148     
   4.8199999999999417        28.541951740748047     
   4.8299999999999415        28.156787028591921     
   4.8399999999999412        27.770641316435814     
   4.8499999999999410        27.383514604279696     
   4.8599999999999408        26.995406892123583     
   4.8699999999999406        26.606318179967488     
   4.8799999999999404        26.216248467811383     
   4.8899999999999402        25.825197755655253     
   4.8999999999999400        25.433166043499114     
   4.9099999999999397        25.040153331343006     
   4.9199999999999395        24.646159619186889     
   4.9299999999999393        24.251184907030776     
   4.9399999999999391        23.855229194874681     
   4.9499999999999389        23.458292482718562     
   4.9599999999999387        23.060374770562461     
   4.9699999999999385        22.661476058406308     
   4.9799999999999383        22.261596346250201     
   4.9899999999999380        21.860735634094098     
   4.9999999999999378        21.458893921937971     
   5.0099999999999376        21.056071209781862     
   5.0199999999999374        20.652267497625743     
   5.0299999999999372        20.247482785469629     
   5.0399999999999370        19.841717073313518     
   5.0499999999999368        19.434970361157411     
   5.0599999999999365        19.027242649001309     
   5.0699999999999363        18.618533936845196     
   5.0799999999999361        18.208844224689059     
   5.0899999999999359        17.798173512532941     
   5.0999999999999357        17.386521800376840     
   5.1099999999999355        16.973889088220716     
   5.1199999999999353        16.560275376064624     
   5.1299999999999351        16.145680663908507     
   5.1399999999999348        15.730104951752395     
   5.1499999999999346        15.313548239596258     
   5.1599999999999344        14.896010527440154     
   5.1699999999999342        14.477491815284026     
   5.1799999999999340        14.057992103127901     
   5.1899999999999338        13.637511390971810     
   5.1999999999999336        13.216049678815693     
   5.2099999999999334        12.793606966659581     
   5.2199999999999331        12.370183254503502     
   5.2299999999999329        11.945778542347369     
   5.2399999999999327        11.520392830191241     
   5.2499999999999325        11.094026118035146     
   5.2599999999999323        10.666678405879026     
   5.2699999999999321        10.238349693722910     
   5.2799999999999319        9.8090399815667979     
   5.2899999999999316        9.3787492694106902     
   5.2999999999999314        8.9474775572545866     
   5.3099999999999312        8.5152248450984587     
   5.3199999999999310        8.0819911329423348     
   5.3299999999999308        7.6477764207862151     
   5.3399999999999306        7.2125807086300995     
   5.3499999999999304        6.7764039964739879     
   5.3599999999999302        6.3392462843178805     
   5.3699999999999299        5.9011075721617772     
   5.3799999999999297        5.4619878600056495     
   5.3899999999999295        5.0218871478495544     
   5.3999999999999293        4.5808054356934349     
   5.4099999999999291        4.1387427235373195     
   5.4199999999999289        3.6956990113812367     
   5.4299999999999287        3.2516742992251295     
   5.4399999999999284        2.8066685870689696     
   5.4499999999999282        2.3606818749128706     
   5.4599999999999280        1.9137141627567757     
   5.4699999999999278        1.4657654506006565     
   5.4799999999999276        1.0168357384445414     
   5.4899999999999274       0.56692502628843044     
   5.4999999999999272       0.11603331413232354     
   5.5099999999999270      -0.33583939802380769     
