        0.0000000000        0.0174532925
        0.1000000000        0.0271227622
        0.2000000000        0.0329773346
        0.3000000000        0.0378128385
        0.4000000000        0.0475902449
        0.5000000000        0.0695984452
        0.6000000000        0.1069712320
        0.7000000000        0.1385926007
        0.8000000000        0.1403672045
        0.9000000000        0.1201783032
        1.0000000000        0.0847357522
        1.1000000000        0.0381983154
        1.2000000000       -0.0124922494
        1.3000000000       -0.0600195207
        1.4000000000       -0.1019170051
        1.5000000000       -0.1413945363
        1.6000000000       -0.1808323521
        1.7000000000       -0.1921303110
        1.8000000000       -0.1711737698
        1.9000000000       -0.1370570167
        2.0000000000       -0.0904119199
        2.1000000000       -0.0320929381
        2.2000000000        0.0296138922
        2.3000000000        0.0850785020
        2.4000000000        0.1320622662
        2.5000000000        0.1750542660
        2.6000000000        0.2105727637
        2.7000000000        0.2014916380
        2.8000000000        0.1703192336
        2.9000000000        0.1302435638
        3.0000000000        0.0785011902
        3.1000000000        0.0165536009
        3.2000000000       -0.0463640095
        3.3000000000       -0.1018617223
        3.4000000000       -0.1498429300
        3.5000000000       -0.1958540671
        3.6000000000       -0.2258497307
        3.7000000000       -0.2046056018
        3.8000000000       -0.1686393089
        3.9000000000       -0.1238665176
        4.0000000000       -0.0671636262
        4.1000000000       -0.0022409560
        4.2000000000        0.0608178990
        4.3000000000        0.1160622771
        4.4000000000        0.1666554728
        4.5000000000        0.2214147282
        4.6000000000        0.2523721762
        4.7000000000        0.2269890777
        4.8000000000        0.1868647440
        4.9000000000        0.1325739896
        5.0000000000        0.0633104153
        5.1000000000       -0.0094313049
        5.2000000000       -0.0735293318
        5.3000000000       -0.1294020616
        5.4000000000       -0.1885566950
        5.5000000000       -0.2753065482
        5.6000000000       -0.3319938215
        5.7000000000       -0.3051214706
        5.8000000000       -0.2404891503
        5.9000000000       -0.1334573193
        6.0000000000       -0.0300729653
        6.1000000000        0.0390945502
        6.2000000000        0.0949288336
        6.3000000000        0.1728883758
        6.4000000000        0.3393356295
        6.5000000000        0.4483729762
        6.6000000000        0.3966348286
        6.7000000000        0.1919370609
        6.8000000000       -0.0189444524
        6.9000000000       -0.1006849434
        7.0000000000       -0.1673061128
        7.1000000000       -0.3953401211
        7.2000000000       -0.4834414638
        7.3000000000       -0.4572800389
        7.4000000000       -0.3296679425
        7.5000000000       -0.1101978082
        7.6000000000        0.0797376584
        7.7000000000        0.1728029054
        7.8000000000        0.2359349204
        7.9000000000        0.4169682287
        8.0000000000        0.4026194528
        8.1000000000       -0.0407848981
        8.2000000000       -0.3750743786
        8.3000000000       -0.4040584934
        8.4000000000       -0.2460735528
        8.5000000000       -0.1758214701
        8.6000000000       -0.1394200549
        8.7000000000       -0.0769232955
        8.8000000000        0.0428299137
        8.9000000000        0.2012052740
        9.0000000000        0.3229970682
        9.1000000000        0.3671588017
        9.2000000000        0.3107294766
        9.3000000000        0.1202195793
        9.4000000000       -0.0019226767
        9.5000000000       -0.0352975699
        9.6000000000        0.0349998915
        9.7000000000        0.1004966599
        9.8000000000        0.0754916102
        9.9000000000       -0.0407015384
       10.0000000000       -0.1776691841
       10.1000000000       -0.2405655891
       10.2000000000       -0.2123386748
       10.3000000000       -0.0737147705
       10.4000000000        0.0158206223
       10.5000000000       -0.0259199381
       10.6000000000       -0.1423139410
       10.7000000000       -0.1718402335
       10.8000000000       -0.1132150988
       10.9000000000        0.0133872017
       11.0000000000        0.1179364505
       11.1000000000        0.1499546906
       11.2000000000        0.0995998712
       11.3000000000        0.0051387015
       11.4000000000       -0.0104447831
       11.5000000000        0.0792120431
       11.6000000000        0.2115603649
       11.7000000000        0.2279270860
       11.8000000000        0.1666064245
       11.9000000000        0.0580960760
       12.0000000000       -0.0237748980
       12.1000000000       -0.0475911809
       12.2000000000       -0.0249572055
       12.3000000000       -0.0037314197
       12.4000000000       -0.0277378957
       12.5000000000       -0.1196969564
       12.6000000000       -0.2625084487
       12.7000000000       -0.2809264735
       12.8000000000       -0.2205509328
       12.9000000000       -0.1070071061
       13.0000000000       -0.0093879662
       13.1000000000        0.0424110080
       13.2000000000        0.0659245021
       13.3000000000        0.0887401697
       13.4000000000        0.1461840132
       13.5000000000        0.2645825476
       13.6000000000        0.2897271303
       13.7000000000        0.2304626704
       13.8000000000        0.0930763232
       13.9000000000       -0.0352980390
       14.0000000000       -0.0995606487
       14.1000000000       -0.1204916549
       14.2000000000       -0.1297632816
       14.3000000000       -0.1732432640
       14.4000000000       -0.2335352921
       14.5000000000       -0.2299597077
       14.6000000000       -0.1594465493
       14.7000000000       -0.0229306759
       14.8000000000        0.0946869970
       14.9000000000        0.1495312730
       15.0000000000        0.1568983359
       15.1000000000        0.1374846340
       15.2000000000        0.1421850255
       15.3000000000        0.1708652230
       15.4000000000        0.1699709655
       15.5000000000        0.1231346516
       15.6000000000        0.0258895160
       15.7000000000       -0.0790410905
       15.8000000000       -0.1413724051
       15.9000000000       -0.1563152265
       16.0000000000       -0.1281518429
       16.1000000000       -0.0944796771
       16.2000000000       -0.1109507649
       16.3000000000       -0.1464504516
       16.4000000000       -0.1480152900
       16.5000000000       -0.1069949233
       16.6000000000       -0.0276473278
       16.7000000000        0.0555808155
       16.8000000000        0.1066146107
       16.9000000000        0.1190206367
       17.0000000000        0.0997894399
       17.1000000000        0.0830003156
       17.2000000000        0.1140593668
       17.3000000000        0.1657506249
       17.4000000000        0.1747983834
       17.5000000000        0.1395297794
       17.6000000000        0.0644381721
       17.7000000000       -0.0216676665
       17.8000000000       -0.0821155569
       17.9000000000       -0.1103145698
       18.0000000000       -0.1167580249
       18.1000000000       -0.1247196380
       18.2000000000       -0.1627691950
       18.3000000000       -0.1932033741
       18.4000000000       -0.1829295197
       18.5000000000       -0.1313378237
       18.6000000000       -0.0418181572
       18.7000000000        0.0489198316
       18.8000000000        0.1083381304
       18.9000000000        0.1377793065
       19.0000000000        0.1507482782
       19.1000000000        0.1691086896
       19.2000000000        0.1933688503
       19.3000000000        0.1904649996
       19.4000000000        0.1539350372
       19.5000000000        0.0779285593
       19.6000000000       -0.0189284399
       19.7000000000       -0.0955400862
       19.8000000000       -0.1395894203
       19.9000000000       -0.1603668273
       20.0000000000       -0.1716834535
       20.1000000000       -0.1860770006
       20.2000000000       -0.1865457228
       20.3000000000       -0.1621737479
       20.4000000000       -0.1054599974
       20.5000000000       -0.0191073173
       20.6000000000        0.0654623936
       20.7000000000        0.1226103256
       20.8000000000        0.1533810098
       20.9000000000        0.1669181004
       21.0000000000        0.1746345621
       21.1000000000        0.1785112130
       21.2000000000        0.1664709939
       21.3000000000        0.1312719131
       21.4000000000        0.0674954064
       21.5000000000       -0.0135180919
       21.6000000000       -0.0835548539
       21.7000000000       -0.1288144994
       21.8000000000       -0.1526615926
       21.9000000000       -0.1622076436
       22.0000000000       -0.1667526843
       22.1000000000       -0.1657865303
       22.2000000000       -0.1501885112
       22.3000000000       -0.1137484069
       22.4000000000       -0.0535512433
       22.5000000000        0.0187460531
       22.6000000000        0.0807820328
       22.7000000000        0.1218989140
       22.8000000000        0.1442623292
       22.9000000000        0.1534851891
       23.0000000000        0.1576204668
       23.1000000000        0.1569718400
       23.2000000000        0.1434504251
       23.3000000000        0.1118206650
       23.4000000000        0.0595010218
       23.5000000000       -0.0055766847
       23.6000000000       -0.0652343928
       23.7000000000       -0.1077959844
       23.8000000000       -0.1331375898
       23.9000000000       -0.1456638825
       24.0000000000       -0.1517758554
       24.1000000000       -0.1534877509
       24.2000000000       -0.1440307222
       24.3000000000       -0.1189130498
       24.4000000000       -0.0751902710
       24.5000000000       -0.0164430171
       24.6000000000        0.0432428187
       24.7000000000        0.0903006840
       24.8000000000        0.1213477216
       24.9000000000        0.1393248270
       25.0000000000        0.1488125579
       25.1000000000        0.1525058793
       25.2000000000        0.1464711724
       25.3000000000        0.1271890750
       25.4000000000        0.0917073994
       25.5000000000        0.0401590137
       25.6000000000       -0.0183478937
       25.7000000000       -0.0699082977
       25.8000000000       -0.1072830899
       25.9000000000       -0.1310643259
       26.0000000000       -0.1443645466
       26.1000000000       -0.1494703830
       26.2000000000       -0.1459369243
       26.3000000000       -0.1319742999
       26.4000000000       -0.1050184588
       26.5000000000       -0.0631740174
       26.6000000000       -0.0101821854
       26.7000000000        0.0429223280
       26.8000000000        0.0858542168
       26.9000000000        0.1154531914
       27.0000000000        0.1330507411
       27.1000000000        0.1404766173
       27.2000000000        0.1397356997
       27.3000000000        0.1318598039
       27.4000000000        0.1147327254
       27.5000000000        0.0856634759
       27.6000000000        0.0442021659
       27.7000000000       -0.0044637203
       27.8000000000       -0.0506169943
       27.9000000000       -0.0867975341
       28.0000000000       -0.1109764952
       28.1000000000       -0.1241438714
       28.2000000000       -0.1286122595
       28.3000000000       -0.1280446970
       28.4000000000       -0.1219119600
       28.5000000000       -0.1068044974
       28.6000000000       -0.0804353133
       28.7000000000       -0.0428803993
       28.8000000000        0.0012318384
       28.9000000000        0.0436719291
       29.0000000000        0.0778242594
       29.1000000000        0.1015926196
       29.2000000000        0.1160353811
       29.3000000000        0.1237909280
       29.4000000000        0.1269287270
       29.5000000000        0.1229846107
       29.6000000000        0.1092291598
       29.7000000000        0.0842734699
       29.8000000000        0.0482459684
       29.9000000000        0.0050949657
       30.0000000000       -0.0376125189
       30.1000000000       -0.0732420657
       30.2000000000       -0.0993282837
       30.3000000000       -0.1165058342
       30.4000000000       -0.1261236384
       30.5000000000       -0.1283205659
       30.6000000000       -0.1223742838
       30.7000000000       -0.1076903403
       30.8000000000       -0.0831526455
       30.9000000000       -0.0485889186
       31.0000000000       -0.0072096114
       31.1000000000        0.0342899605
       31.2000000000        0.0695085726
       31.3000000000        0.0954725053
       31.4000000000        0.1119382175
       31.5000000000        0.1194512984
       31.6000000000        0.1194930859
       31.7000000000        0.1141112032
       31.8000000000        0.1024526987
       31.9000000000        0.0826214301
       32.0000000000        0.0538580515
       32.1000000000        0.0180532034
       32.2000000000       -0.0197418488
       32.3000000000       -0.0535952906
       32.4000000000       -0.0797609107
       32.5000000000       -0.0973124367
       32.6000000000       -0.1071883064
       32.7000000000       -0.1117622797
       32.8000000000       -0.1124863223
       32.9000000000       -0.1069747330
       33.0000000000       -0.0929760952
       33.1000000000       -0.0696582824
       33.2000000000       -0.0378498592
       33.3000000000       -0.0011172071
       33.4000000000        0.0349324038
       33.5000000000        0.0655313427
       33.6000000000        0.0886621692
       33.7000000000        0.1045346370
       33.8000000000        0.1140377407
       33.9000000000        0.1169809538
       34.0000000000        0.1123110691
       34.1000000000        0.0997122541
       34.2000000000        0.0787459233
       34.3000000000        0.0494748068
       34.4000000000        0.0141181466
       34.5000000000       -0.0225554017
       34.6000000000       -0.0553241559
       34.7000000000       -0.0809598938
       34.8000000000       -0.0984505756
       34.9000000000       -0.1077628749
       35.0000000000       -0.1096241896
       35.1000000000       -0.1061550864
       35.2000000000       -0.0977777860
       35.3000000000       -0.0830221698
       35.4000000000       -0.0608800221
       35.5000000000       -0.0319909555
       35.6000000000        0.0006780440
       35.7000000000        0.0325659843
       35.8000000000        0.0596451680
       35.9000000000        0.0798969763
       36.0000000000        0.0932266541
       36.1000000000        0.1009572597
       36.2000000000        0.1048305271
       36.3000000000        0.1039680771
       36.4000000000        0.0959991387
       36.5000000000        0.0799106241
       36.6000000000        0.0557560028
       36.7000000000        0.0251038530
       36.8000000000       -0.0084257902
       36.9000000000       -0.0402600323
       37.0000000000       -0.0669617817
       37.1000000000       -0.0871463294
       37.2000000000       -0.1007570892
       37.3000000000       -0.1077258631
       37.4000000000       -0.1075918570
       37.5000000000       -0.1007464913
       37.6000000000       -0.0874313047
       37.7000000000       -0.0672839972
       37.8000000000       -0.0405933018
       37.9000000000       -0.0094333751
       38.0000000000        0.0223562499
       38.1000000000        0.0507055240
       38.2000000000        0.0729192458
       38.3000000000        0.0879298246
       38.4000000000        0.0958257795
       38.5000000000        0.0980949854
       38.6000000000        0.0968282985
       38.7000000000        0.0914273878
       38.8000000000        0.0800063418
       38.9000000000        0.0616594844
       39.0000000000        0.0368847611
       39.1000000000        0.0079110559
       39.2000000000       -0.0216425808
       39.3000000000       -0.0482027709
       39.4000000000       -0.0696155214
       39.5000000000       -0.0853879787
       39.6000000000       -0.0960528327
       39.7000000000       -0.1018692178
       39.8000000000       -0.1015616072
       39.9000000000       -0.0941194278
       40.0000000000       -0.0795360042
       40.1000000000       -0.0580187602
       40.2000000000       -0.0306097077
       40.3000000000        0.0000659488
       40.4000000000        0.0302344281
       40.5000000000        0.0564683678
       40.6000000000        0.0767348325
       40.7000000000        0.0901824655
       40.8000000000        0.0965355260
       40.9000000000        0.0966358201
       41.0000000000        0.0923659992
       41.1000000000        0.0838488103
       41.2000000000        0.0699992618
       41.3000000000        0.0503130692
       41.4000000000        0.0256145599
       41.5000000000       -0.0017252213
       41.6000000000       -0.0284168769
       41.7000000000       -0.0515521605
       41.8000000000       -0.0695406247
       41.9000000000       -0.0822075795
       42.0000000000       -0.0904424287
       42.1000000000       -0.0950487796
       42.2000000000       -0.0947739398
       42.3000000000       -0.0878571220
       42.4000000000       -0.0738849714
       42.5000000000       -0.0532052148
       42.6000000000       -0.0270817459
       42.7000000000        0.0018906992
       42.8000000000        0.0302874143
       42.9000000000        0.0551170518
       43.0000000000        0.0746296372
       43.1000000000        0.0880512571
       43.2000000000        0.0948600096
       43.3000000000        0.0950854636
       43.4000000000        0.0900739354
       43.5000000000        0.0804976775
       43.6000000000        0.0659038899
       43.7000000000        0.0460907177
       43.8000000000        0.0219727151
       43.9000000000       -0.0041955169
       44.0000000000       -0.0294150402
       44.1000000000       -0.0510557847
       44.2000000000       -0.0676236285
       44.3000000000       -0.0788815185
       44.4000000000       -0.0857353843
       44.5000000000       -0.0894427461
       44.6000000000       -0.0893534687
       44.7000000000       -0.0834925342
       44.8000000000       -0.0710165590
       44.9000000000       -0.0521443668
       45.0000000000       -0.0280299330
       45.1000000000       -0.0009807480
       45.2000000000        0.0259414891
       45.3000000000        0.0499644862
       45.4000000000        0.0693710555
       45.5000000000        0.0833737669
       45.6000000000        0.0913988028
       45.7000000000        0.0929455888
       45.8000000000        0.0887029378
       45.9000000000        0.0796329229
       46.0000000000        0.0657406518
       46.1000000000        0.0469579463
       46.2000000000        0.0240663923
       46.3000000000       -0.0009737943
       46.4000000000       -0.0254390934
       46.5000000000       -0.0467839250
       46.6000000000       -0.0633874386
       46.7000000000       -0.0747569144
       46.8000000000       -0.0815353026
       46.9000000000       -0.0851269529
       47.0000000000       -0.0856612477
       47.1000000000       -0.0813312831
       47.2000000000       -0.0708983480
       47.3000000000       -0.0543204834
       47.4000000000       -0.0324832247
       47.5000000000       -0.0072975602
       47.6000000000        0.0185266219
       47.7000000000        0.0423056386
       47.8000000000        0.0621749036
       47.9000000000        0.0771872342
       48.0000000000        0.0867457484
       48.1000000000        0.0901544666
       48.2000000000        0.0875337067
       48.3000000000        0.0799329361
       48.4000000000        0.0677302974
       48.5000000000        0.0508933548
       48.6000000000        0.0299276099
       48.7000000000        0.0063562550
       48.8000000000       -0.0174454762
       48.9000000000       -0.0389889881
       49.0000000000       -0.0564465189
       49.1000000000       -0.0689965911
       49.2000000000       -0.0768894775
       49.3000000000       -0.0813320620
       49.4000000000       -0.0830673752
       49.5000000000       -0.0807540963
       49.6000000000       -0.0728215253
       49.7000000000       -0.0589072350
       49.8000000000       -0.0395867170
       49.9000000000       -0.0163297743
       50.0000000000        0.0085450907
       50.1000000000        0.0324311933
       50.2000000000        0.0532205892
       50.3000000000        0.0696516712
       50.4000000000        0.0809906081
       50.5000000000        0.0865092463
       50.6000000000        0.0859687369
       50.7000000000        0.0803797864
       50.8000000000        0.0704964671
       50.9000000000        0.0563130154
       51.0000000000        0.0379916695
       51.1000000000        0.0165108928
       51.2000000000       -0.0062418677
       51.3000000000       -0.0279424344
       51.4000000000       -0.0465749824
       51.5000000000       -0.0609546884
       51.6000000000       -0.0708934317
       51.7000000000       -0.0771630950
       51.8000000000       -0.0807037184
       51.9000000000       -0.0808095301
       52.0000000000       -0.0757414474
       52.1000000000       -0.0647939831
       52.2000000000       -0.0482765136
       52.3000000000       -0.0272392816
       52.4000000000       -0.0035382656
       52.5000000000        0.0204080114
       52.6000000000        0.0422776577
       52.7000000000        0.0603977979
       52.8000000000        0.0737404892
       52.9000000000        0.0815243292
       53.0000000000        0.0833406478
       53.1000000000        0.0800797033
       53.2000000000        0.0729177248
       53.3000000000        0.0619570596
       53.4000000000        0.0469969139
       53.5000000000        0.0284080534
       53.6000000000        0.0074434951
       53.7000000000       -0.0139404488
       53.8000000000       -0.0336697054
       53.9000000000       -0.0501939763
       54.0000000000       -0.0628343740
       54.1000000000       -0.0718050644
       54.2000000000       -0.0777848071
       54.3000000000       -0.0805635941
       54.4000000000       -0.0785427304
       54.5000000000       -0.0707236512
       54.6000000000       -0.0572546616
       54.7000000000       -0.0388766926
       54.8000000000       -0.0169460696
       54.9000000000        0.0064993647
       55.0000000000        0.0291142908
       55.1000000000        0.0488516930
       55.2000000000        0.0642795509
       55.3000000000        0.0744520793
       55.4000000000        0.0788803973
       55.5000000000        0.0782515623
       55.6000000000        0.0741047211
       55.7000000000        0.0668361335
       55.8000000000        0.0558934394
       55.9000000000        0.0410106085
       56.0000000000        0.0227312909
       56.1000000000        0.0024451528
       56.2000000000       -0.0179398453
       56.3000000000       -0.0365912124
       56.4000000000       -0.0522806358
       56.5000000000       -0.0645720303
       56.6000000000       -0.0735873931
       56.7000000000       -0.0791843772
       56.8000000000       -0.0801446658
       56.9000000000       -0.0753997538
       57.0000000000       -0.0650892264
       57.1000000000       -0.0498313720
       57.2000000000       -0.0305306646
       57.3000000000       -0.0086611471
       57.4000000000        0.0137347570
       57.5000000000        0.0344781723
       57.6000000000        0.0517644908
       57.7000000000        0.0643788540
       57.8000000000        0.0717354524
       57.9000000000        0.0742547898
       58.0000000000        0.0734801607
       58.1000000000        0.0702605554
       58.2000000000        0.0638163021
       58.3000000000        0.0532307223
       58.4000000000        0.0383869944
       58.5000000000        0.0200620360
       58.6000000000       -0.0002130999
       58.7000000000       -0.0205293703
       58.8000000000       -0.0391519279
       58.9000000000       -0.0549286434
       59.0000000000       -0.0672916744
       59.1000000000       -0.0757927216
       59.2000000000       -0.0795009441
       59.3000000000       -0.0775913217
       59.4000000000       -0.0704195570
       59.5000000000       -0.0587045171
       59.6000000000       -0.0430074255
       59.7000000000       -0.0241403471
       59.8000000000       -0.0035010878
       59.9000000000        0.0170268606
       60.0000000000        0.0355228521
       60.1000000000        0.0504955068
       60.2000000000        0.0611463320
       60.3000000000        0.0675585986
       60.4000000000        0.0707858971
       60.5000000000        0.0718278615
       60.6000000000        0.0699973584
       60.7000000000        0.0638397157
       60.8000000000        0.0527494623
       60.9000000000        0.0370823574
       61.0000000000        0.0179409480
       61.1000000000       -0.0029684997
       61.2000000000       -0.0236706033
       61.3000000000       -0.0423994310
       61.4000000000       -0.0578817946
       61.5000000000       -0.0692094298
       61.6000000000       -0.0755125859
       61.7000000000       -0.0762877540
       61.8000000000       -0.0722805009
       61.9000000000       -0.0645569177
       62.0000000000       -0.0534391025
       62.1000000000       -0.0390291956
       62.2000000000       -0.0218595626
       62.3000000000       -0.0031019146
       62.4000000000        0.0156211195
       62.5000000000        0.0326866908
       62.6000000000        0.0469268053
       62.7000000000        0.0578868643
       62.8000000000        0.0658301900
       62.9000000000        0.0712382830
       63.0000000000        0.0736095562
       63.1000000000        0.0714193495
       63.2000000000        0.0638893974
       63.3000000000        0.0513064706
       63.4000000000        0.0344835289
       63.5000000000        0.0146970541
       63.6000000000       -0.0062974541
       63.7000000000       -0.0265290177
       63.8000000000       -0.0442206067
       63.9000000000       -0.0580198098
       64.0000000000       -0.0669947064
       64.1000000000       -0.0708323050
       64.2000000000       -0.0704356377
       64.3000000000       -0.0672556159
       64.4000000000       -0.0615279822
       64.5000000000       -0.0525869875
       64.6000000000       -0.0400518278
       64.7000000000       -0.0242754211
       64.8000000000       -0.0063287644
       64.9000000000        0.0122519305
       65.0000000000        0.0298962444
       65.1000000000        0.0454128636
       65.2000000000        0.0581478579
       65.3000000000        0.0677542657
       65.4000000000        0.0735830101
       65.5000000000        0.0744912849
       65.6000000000        0.0700445965
       65.7000000000        0.0608380592
       65.8000000000        0.0475872170
       65.9000000000        0.0310289423
       66.0000000000        0.0122558741
       66.1000000000       -0.0071825889
       66.2000000000       -0.0255252552
       66.3000000000       -0.0411996022
       66.4000000000       -0.0531360320
       66.5000000000       -0.0609800390
       66.6000000000       -0.0653029377
       66.7000000000       -0.0672783229
       66.8000000000       -0.0671491776
       66.9000000000       -0.0636919642
       67.0000000000       -0.0558154577
       67.1000000000       -0.0434027301
       67.2000000000       -0.0271363339
       67.3000000000       -0.0083057043
       67.4000000000        0.0113936424
       67.5000000000        0.0302102810
       67.6000000000        0.0466793453
       67.7000000000        0.0597031170
       67.8000000000        0.0683465552
       67.9000000000        0.0718325738
       68.0000000000        0.0703349506
       68.1000000000        0.0650365011
       68.2000000000        0.0566859124
       68.3000000000        0.0453671497
       68.4000000000        0.0312213925
       68.5000000000        0.0148856691
       68.6000000000       -0.0024734980
       68.7000000000       -0.0194223327
       68.8000000000       -0.0346651446
       68.9000000000       -0.0473847747
       69.0000000000       -0.0573730490
       69.1000000000       -0.0648259088
       69.2000000000       -0.0695817485
       69.3000000000       -0.0704447461
       69.4000000000       -0.0662749070
       69.5000000000       -0.0570844144
       69.6000000000       -0.0435384659
       69.7000000000       -0.0265929598
       69.8000000000       -0.0075706392
       69.9000000000        0.0118558708
       70.0000000000        0.0299247339
       70.1000000000        0.0451041274
       70.2000000000        0.0562760002
       70.3000000000        0.0628890537
       70.4000000000        0.0653480791
       70.5000000000        0.0650050992
       70.6000000000        0.0626524974
       70.7000000000        0.0576567000
       70.8000000000        0.0491244371
       70.9000000000        0.0368353881
       71.0000000000        0.0213389579
       71.1000000000        0.0037963252
       71.2000000000       -0.0142888872
       71.3000000000       -0.0314356283
       71.4000000000       -0.0464790147
       71.5000000000       -0.0585932726
       71.6000000000       -0.0669962487
       71.7000000000       -0.0707179590
       71.8000000000       -0.0692993461
       71.9000000000       -0.0634393925
       72.0000000000       -0.0540156349
       72.1000000000       -0.0415266990
       72.2000000000       -0.0264798315
       72.3000000000       -0.0097503933
       72.4000000000        0.0073899190
       72.5000000000        0.0235235214
       72.6000000000        0.0374484130
       72.7000000000        0.0484761671
       72.8000000000        0.0565879612
       72.9000000000        0.0623100878
       73.0000000000        0.0659126232
       73.1000000000        0.0664354591
       73.2000000000        0.0625099436
       73.3000000000        0.0537507548
       73.4000000000        0.0406458896
       73.5000000000        0.0241553169
       73.6000000000        0.0056302440
       73.7000000000       -0.0132836980
       73.8000000000       -0.0309028569
       73.9000000000       -0.0457655200
       74.0000000000       -0.0567345035
       74.1000000000       -0.0630820398
       74.2000000000       -0.0649321420
       74.3000000000       -0.0635215346
       74.4000000000       -0.0599117125
       74.5000000000       -0.0539264021
       74.6000000000       -0.0449427026
       74.7000000000       -0.0327786754
       74.8000000000       -0.0179174577
       74.9000000000       -0.0014016498
       75.0000000000        0.0154327039
       75.1000000000        0.0313017890
       75.2000000000        0.0452370535
       75.3000000000        0.0565965749
       75.4000000000        0.0647505952
       75.5000000000        0.0687163361
       75.6000000000        0.0676881935
       75.7000000000        0.0619795049
       75.8000000000        0.0524365706
       75.9000000000        0.0397381556
       76.0000000000        0.0245651811
       76.1000000000        0.0078935665
       76.2000000000       -0.0089775697
       76.3000000000       -0.0246505678
       76.4000000000       -0.0379517481
       76.5000000000       -0.0482064923
       76.6000000000       -0.0554222272
       76.7000000000       -0.0602378677
       76.8000000000       -0.0631640051
       76.9000000000       -0.0634851175
       77.0000000000       -0.0598236821
       77.1000000000       -0.0515895704
       77.2000000000       -0.0391233105
       77.3000000000       -0.0233227302
       77.4000000000       -0.0054879251
       77.5000000000        0.0128090065
       77.6000000000        0.0299643601
       77.7000000000        0.0445703914
       77.8000000000        0.0554899120
       77.9000000000        0.0619084086
       78.0000000000        0.0637616943
       78.1000000000        0.0621331939
       78.2000000000        0.0581841086
       78.3000000000        0.0519894916
       78.4000000000        0.0430800250
       78.5000000000        0.0312899993
       78.6000000000        0.0170420737
       78.7000000000        0.0012792664
       78.8000000000       -0.0147776056
       78.9000000000       -0.0299489728
       79.0000000000       -0.0433425858
       79.1000000000       -0.0543722190
       79.2000000000       -0.0624636420
       79.3000000000       -0.0666618023
       79.4000000000       -0.0660451066
       79.5000000000       -0.0607400951
       79.6000000000       -0.0515574768
       79.7000000000       -0.0392371481
       79.8000000000       -0.0244984859
       79.9000000000       -0.0083019468
       80.0000000000        0.0081060527
       80.1000000000        0.0233846876
       80.2000000000        0.0363926312
       80.3000000000        0.0464529180
       80.4000000000        0.0535428252
       80.5000000000        0.0582713923
       80.6000000000        0.0611914570
       80.7000000000        0.0617124184
       80.8000000000        0.0584875715
       80.9000000000        0.0508418491
       81.0000000000        0.0390417300
       81.1000000000        0.0239312480
       81.2000000000        0.0067450928
       81.3000000000       -0.0110177636
       81.4000000000       -0.0278069691
       81.5000000000       -0.0422325218
       81.6000000000       -0.0531508838
       81.7000000000       -0.0597322753
       81.8000000000       -0.0618632186
       81.9000000000       -0.0605516748
       82.0000000000       -0.0569820058
       82.1000000000       -0.0513047151
       82.2000000000       -0.0430483181
       82.3000000000       -0.0319797496
       82.4000000000       -0.0184299340
       82.5000000000       -0.0032466185
       82.6000000000        0.0124236650
       82.7000000000        0.0274285724
       82.8000000000        0.0408469886
       82.9000000000        0.0520238410
       83.0000000000        0.0603210972
       83.1000000000        0.0647843887
       83.2000000000        0.0645315907
       83.3000000000        0.0597088916
       83.4000000000        0.0511564592
       83.5000000000        0.0396162123
       83.6000000000        0.0257462630
       83.7000000000        0.0103953004
       83.8000000000       -0.0053180480
       83.9000000000       -0.0201582124
       84.0000000000       -0.0330439362
       84.1000000000       -0.0433088466
       84.2000000000       -0.0508786223
       84.3000000000       -0.0562308786
       84.4000000000       -0.0597819020
       84.5000000000       -0.0609172038
       84.6000000000       -0.0583070919
       84.7000000000       -0.0512850468
       84.8000000000       -0.0401331484
       84.9000000000       -0.0256787729
       85.0000000000       -0.0090961833
       85.1000000000        0.0081857968
       85.2000000000        0.0246555487
       85.3000000000        0.0389217012
       85.4000000000        0.0498377233
       85.5000000000        0.0566219162
       85.6000000000        0.0592329165
       85.7000000000        0.0586789075
       85.8000000000        0.0561046987
       85.9000000000        0.0515788217
       86.0000000000        0.0444780080
       86.1000000000        0.0344243545
       86.2000000000        0.0216410141
       86.3000000000        0.0068977355
       86.4000000000       -0.0086923543
       86.5000000000       -0.0239398405
       86.6000000000       -0.0378096079
       86.7000000000       -0.0494793657
       86.8000000000       -0.0581575164
       86.9000000000       -0.0628735176
       87.0000000000       -0.0629162041
       87.1000000000       -0.0586405984
       87.2000000000       -0.0509850402
       87.3000000000       -0.0406347085
       87.4000000000       -0.0280818233
       87.5000000000       -0.0139625068
       87.6000000000        0.0008130523
       87.7000000000        0.0151690547
       87.8000000000        0.0281091787
       87.9000000000        0.0389688473
       88.0000000000        0.0475688628
       88.1000000000        0.0541415635
       88.2000000000        0.0588021119
       88.3000000000        0.0607899241
       88.4000000000        0.0588225999
       88.5000000000        0.0523767985
       88.6000000000        0.0418583322
       88.7000000000        0.0281128267
       88.8000000000        0.0122421711
       88.9000000000       -0.0044228538
       89.0000000000       -0.0204377027
       89.1000000000       -0.0344386268
       89.2000000000       -0.0453199159
       89.3000000000       -0.0524183317
       89.4000000000       -0.0558335242
       89.5000000000       -0.0565617428
       89.6000000000       -0.0555829469
       89.7000000000       -0.0527216651
       89.8000000000       -0.0470922111
       89.9000000000       -0.0381601743
       90.0000000000       -0.0260911172
       90.1000000000       -0.0116345482
       90.2000000000        0.0040810861
       90.3000000000        0.0197826961
       90.4000000000        0.0342705699
       90.5000000000        0.0465080013
       90.6000000000        0.0555313562
       90.7000000000        0.0604057803
       90.8000000000        0.0607317457
       90.9000000000        0.0572090380
       91.0000000000        0.0508803716
       91.1000000000        0.0422610798
       91.2000000000        0.0315361906
       91.3000000000        0.0190184478
       91.4000000000        0.0053403406
       91.5000000000       -0.0086104737
       91.6000000000       -0.0219045560
       91.7000000000       -0.0338092515
       91.8000000000       -0.0439272458
       91.9000000000       -0.0521137347
       92.0000000000       -0.0580613789
       92.1000000000       -0.0608270782
       92.2000000000       -0.0593158823
       92.3000000000       -0.0533521077
       92.4000000000       -0.0435649989
       92.5000000000       -0.0308053900
       92.6000000000       -0.0160357605
       92.7000000000       -0.0004021615
       92.8000000000        0.0148108983
       92.9000000000        0.0283590162
       93.0000000000        0.0392587473
       93.1000000000        0.0470086360
       93.2000000000        0.0518040581
       93.3000000000        0.0544693300
       93.4000000000        0.0556016179
       93.5000000000        0.0546412173
       93.6000000000        0.0504495388
       93.7000000000        0.0424651661
       93.8000000000        0.0309394854
       93.9000000000        0.0166864987
       94.0000000000        0.0008755484
       94.1000000000       -0.0151438249
       94.2000000000       -0.0300284109
       94.3000000000       -0.0425674458
       94.4000000000       -0.0517120298
       94.5000000000       -0.0567014885
       94.6000000000       -0.0575614509
       94.7000000000       -0.0553256952
       94.8000000000       -0.0510058585
       94.9000000000       -0.0447491373
       95.0000000000       -0.0362707744
       95.1000000000       -0.0254972428
       95.2000000000       -0.0128030215
       95.3000000000        0.0010466971
       95.4000000000        0.0150924651
       95.5000000000        0.0284106418
       95.6000000000        0.0402605080
       95.7000000000        0.0500376069
       95.8000000000        0.0570090958
       95.9000000000        0.0601656274
       96.0000000000        0.0588531190
       96.1000000000        0.0534515026
       96.2000000000        0.0448202815
       96.3000000000        0.0336905282
       96.4000000000        0.0207275944
       96.5000000000        0.0067373072
       96.6000000000       -0.0072998827
       96.7000000000       -0.0203712818
       96.8000000000       -0.0316556652
       96.9000000000       -0.0407291525
       97.0000000000       -0.0476621152
       97.1000000000       -0.0528246869
       97.2000000000       -0.0562064839
       97.3000000000       -0.0568562663
       97.4000000000       -0.0536262481
       97.5000000000       -0.0462285955
       97.6000000000       -0.0351734346
       97.7000000000       -0.0213646116
       97.8000000000       -0.0059472874
       97.9000000000        0.0097623533
       98.0000000000        0.0244099635
       98.1000000000        0.0367671755
       98.2000000000        0.0458852819
       98.3000000000        0.0513241614
       98.4000000000        0.0534836541
       98.5000000000        0.0534535249
       98.6000000000        0.0518947661
       98.7000000000        0.0483672984
       98.8000000000        0.0420740250
       98.9000000000        0.0326920908
       99.0000000000        0.0205406017
       99.1000000000        0.0064323071
       99.2000000000       -0.0085301754
       99.3000000000       -0.0231651298
       99.4000000000       -0.0363702156
       99.5000000000       -0.0471457590
       99.6000000000       -0.0545174003
       99.7000000000       -0.0576900964
       99.8000000000       -0.0566886207
       99.9000000000       -0.0524680574
      100.0000000000       -0.0459177173
