       -0.9839776319        1.0219368104
       -0.9692798876        1.0414931165
       -0.9544015977        1.0607350265
       -0.9390899502        1.0799353447
       -0.9232532869        1.0991127190
       -0.9068130353        1.1182279497
       -0.8896782890        1.1372093814
       -0.8717379891        1.1559539970
       -0.8528549525        1.1743257964
       -0.8328590555        1.1921548391
       -0.8115386370        1.2092374411
       -0.7886290397        1.2253376574
       -0.7637962769        1.2401908901
       -0.7366117970        1.2535123150
       -0.7065113035        1.2650157760
       -0.6727502788        1.2744488195
       -0.6347173096        1.2816243158
       -0.5990774182        1.2860125309
       -0.5667153047        1.2888087509
       -0.5366277648        1.2909210896
       -0.5081138995        1.2928339265
       -0.4806030078        1.2948103741
       -0.4535911369        1.2969931834
       -0.4241273173        1.2997002265
       -0.3965690766        1.3025284178
       -0.3661915989        1.3059128224
       -0.3338133748        1.3097139429
       -0.2987258929        1.3138955418
       -0.2592897276        1.3184533248
       -0.2233973151        1.3222803552
       -0.1882807151        1.3255745819
       -0.1505142244        1.3284754246
       -0.1123549543        1.3305915971
       -0.0722938520        1.3317833974
       -0.0318596678        1.3317523740
        0.0038129229        1.3305383745
        0.0377703264        1.3281780920
        0.0694620719        1.3247146655
        0.1005196660        1.3198604471
        0.1297895800        1.3135589608
        0.1533987500        1.3067950780
        0.1728804768        1.2995926429
        0.1897697658        1.2915997985
        0.2048580203        1.2823479513
        0.2185042441        1.2711569400
        0.2307425580        1.2569280518
        0.2411083825        1.2379888101
        0.2483932054        1.2127577028
        0.2512978199        1.1855180538
        0.2511709320        1.1588644954
        0.2492290511        1.1324744906
        0.2460502069        1.1057993424
        0.2419118125        1.0783985143
        0.2365189666        1.0475599950
        0.2302746137        1.0151899922
        0.2233419608        0.9815328652
        0.2157948633        0.9464968799
        0.2077618420        0.9103342293
        0.2002411954        0.8771482419
        0.1922776727        0.8424593855
        0.1844100634        0.8084752209
        0.1767853688        0.7756994336
        0.1693995738        0.7440243183
        0.1622060008        0.7131906028
        0.1551498618        0.6829237372
        0.1481735357        0.6529481159
        0.1412117102        0.6229607320
        0.1341808062        0.5925814308
        0.1269616472        0.5612736517
        0.1193930042        0.5283108618
        0.1115516297        0.4939985763
        0.1048712807        0.4646319481
        0.0984104539        0.4361118357
        0.0923984589        0.4094710973
        0.0866740726        0.3840188530
        0.0810365579        0.3588788156
        0.0752096383        0.3328286309
        0.0683644329        0.3021628005
        0.0634673510        0.2801999335
        0.0591602808        0.2608794074
        0.0549937198        0.2421966474
        0.0511281251        0.2248793359
        0.0475052850        0.2086713122
        0.0440542269        0.1932579337
        0.0407209792        0.1784003368
        0.0374649702        0.1639195751
        0.0342532497        0.1496708849
        0.0310562782        0.1355249878
        0.0278446720        0.1213537301
        0.0245859059        0.1070156657
        0.0212396951        0.0923360012
        0.0177495655        0.0770701129
        0.0140238709        0.0608215192
        0.0098845643        0.0428207076
        0.0054814713        0.0237226609
        0.0016771414        0.0072535323
       -0.0018659553       -0.0080665725
       -0.0055003783       -0.0237716907
       -0.0090194782       -0.0389768734
       -0.0124330550       -0.0537319231
       -0.0157836457       -0.0682269087
       -0.0191098628       -0.0826345054
       -0.0224440334       -0.0971003323
       -0.0258150924       -0.1117558658
       -0.0292515118       -0.1267315161
       -0.0327839352       -0.1421685451
       -0.0364480964       -0.1582324513
       -0.0402888752       -0.1751317274
       -0.0443670950       -0.1931493924
       -0.0487730360       -0.2127056335
       -0.0536592406       -0.2345095205
       -0.0593494900       -0.2600613839
       -0.0670280130       -0.2948223613
       -0.0731804908       -0.3229093508
       -0.0792058246       -0.3506144004
       -0.0850297701       -0.3775720366
       -0.0908767598       -0.4047999008
       -0.0970151851       -0.4335404796
       -0.1039227840       -0.4660352404
       -0.1112440031       -0.5005881930
       -0.1179185153       -0.5321107471
       -0.1236618190       -0.5591781231
       -0.1288502981       -0.5835198426
       -0.1336935573       -0.6060870417
       -0.1382933216       -0.6273237417
       -0.1427110703       -0.6474843698
       -0.1469930297       -0.6667498927
       -0.1511780178       -0.6852630595
       -0.1553002917       -0.7031402677
       -0.1593911054       -0.7204774471
       -0.1634799326       -0.7373542906
       -0.1675955498       -0.7538376293
       -0.1717670504       -0.7699841438
       -0.1760248109       -0.7858424216
       -0.1804014840       -0.8014545633
       -0.1849330526       -0.8168573529
       -0.1896599754       -0.8320830011
       -0.1946285018       -0.8471596029
       -0.1998921548       -0.8621111806
       -0.2055134316       -0.8769573862
       -0.2115657250       -0.8917128272
       -0.2181353798       -0.9063858950
       -0.2253237726       -0.9209771491
       -0.2332491392       -0.9354772776
       -0.2420476538       -0.9498647157
       -0.2518730936       -0.9641033160
       -0.2628940495       -0.9781404669
       -0.2752872982       -0.9919061905
       -0.2892257803       -1.0053139218
       -0.3048602618       -1.0182640708
       -0.3222966521       -1.0306522851
       -0.3415759999       -1.0423840807
       -0.3626663530       -1.0533940449
       -0.3854668225       -1.0636622878
       -0.4098092252       -1.0732205421
       -0.4354432560       -1.0821483867
       -0.4620183640       -1.0905680250
       -0.4891008537       -1.0986437750
       -0.5162438647       -1.1065827869
       -0.5430754735       -1.1146304529
       -0.5693618992       -1.1230638086
       -0.5950421690       -1.1321966510
       -0.6202639563       -1.1424170104
       -0.6454928783       -1.1543091420
       -0.6719687775       -1.1690996924
       -0.6930519560       -1.1829510183
       -0.7101802479       -1.1957812815
       -0.7249381859       -1.2080964412
       -0.7380286807       -1.2200727707
       -0.7498655188       -1.2318020044
       -0.7616682463       -1.2443837881
       -0.7716553333       -1.2557419669
       -0.7817209935       -1.2678637753
       -0.7905017646       -1.2789986407
       -0.7994155037       -1.2908410191
       -0.8080198916       -1.3027900396
       -0.8162604077       -1.3147116123
       -0.8241725019       -1.3265982957
       -0.8318080121       -1.3384782309
       -0.8392202065       -1.3503945020
       -0.8464632997       -1.3624040072
       -0.8535962145       -1.3745836312
       -0.8606890414       -1.3870424870
       -0.8678325617       -1.3999419092
       -0.8751428621       -1.4135095658
       -0.8826634671       -1.4278578326
       -0.8887552478       -1.4397727704
       -0.8943148998       -1.4508775557
       -0.8994879997       -1.4614094211
       -0.9046822624       -1.4721786391
       -0.9096104266       -1.4825764914
       -0.9143080408       -1.4926507324
       -0.9188708152       -1.5025859025
       -0.9234058354       -1.5126030078
       -0.9280033562       -1.5228951707
       -0.9324880018       -1.5330544044
       -0.9360852747       -1.5412747374
       -0.9394510939       -1.5490076988
       -0.9424942863       -1.5560169669
       -0.9452724408       -1.5624122059
       -0.9478435921       -1.5683088166
       -0.9502498117       -1.5737877595
       -0.9525227627       -1.5789068413
       -0.9546887796       -1.5837113135
       -0.9567716751       -1.5882392175
       -0.9587943808       -1.5925238128
       -0.9607802344       -1.5965947430
       -0.9627544582       -1.6004788229
       -0.9647462139       -1.6042006603
       -0.9667915008       -1.6077826041
       -0.9689358867       -1.6112409036
       -0.9712270753       -1.6145637268
       -0.9736602579       -1.6176418927
       -0.9761439936       -1.6202924243
       -0.9786449548       -1.6224685070
       -0.9812109597       -1.6242175023
       -0.9839170161       -1.6255814925
       -0.9868493386       -1.6265733297
       -0.9901106188       -1.6271757581
       -0.9938327082       -1.6273393441
       -0.9981953587       -1.6269740360
       -1.0034537753       -1.6259320158
       -1.0099798653       -1.6239785619
       -1.0183237426       -1.6207458987
       -1.0270748058       -1.6167535608
       -1.0357289138       -1.6123855811
       -1.0447315661       -1.6075201287
       -1.0547256492       -1.6018300679
       -1.0655109610       -1.5954275688
       -1.0784097989       -1.5874950995
       -1.0887428804       -1.5809710954
       -1.0990729314       -1.5743313654
       -1.1089386603       -1.5679056645
       -1.1189696929       -1.5613134651
       -1.1305267050       -1.5536828849
       -1.1412990042       -1.5465830686
       -1.1501276671       -1.5408163312
       -1.1581218215       -1.5356755265
       -1.1658575654       -1.5308186383
       -1.1737319478       -1.5260530739
       -1.1823278684       -1.5211546673
       -1.1908365936       -1.5167682309
       -1.1978426942       -1.5136574809
       -1.2039428752       -1.5114630831
       -1.2094140345       -1.5100370796
       -1.2143260203       -1.5093185344
       -1.2187252910       -1.5092376058
       -1.2226842799       -1.5097153231
       -1.2262836909       -1.5106839305
       -1.2295964113       -1.5120949750
       -1.2326830199       -1.5139194359
       -1.2355905610       -1.5161445636
       -1.2383446381       -1.5187611122
       -1.2409246200       -1.5217189591
       -1.2430712299       -1.5246049115
       -1.2451072393       -1.5277545874
       -1.2469304320       -1.5309778441
       -1.2485766010       -1.5342887115
       -1.2500775464       -1.5377323328
       -1.2511723845       -1.5405848960
       -1.2520846267       -1.5432647753
       -1.2527956416       -1.5456220486
       -1.2533583611       -1.5477288152
       -1.2538119213       -1.5496575403
       -1.2541784307       -1.5514495533
       -1.2544528064       -1.5530149111
       -1.2546311802       -1.5542085612
       -1.2547462469       -1.5551075495
       -1.2548223874       -1.5558012783
       -1.2548725717       -1.5563389262
       -1.2549040957       -1.5567461552
       -1.2549214414       -1.5570368793
       -1.2549274373       -1.5572184067
       -1.2549237222       -1.5572935692
       -1.2549108835       -1.5572614696
       -1.2548883658       -1.5571173530
       -1.2548541097       -1.5568514841
       -1.2548036768       -1.5564461301
       -1.2547280271       -1.5558674003
       -1.2546066266       -1.5550399035
       -1.2544294435       -1.5540146000
       -1.2541938724       -1.5528786152
       -1.2539106660       -1.5517332904
       -1.2535741717       -1.5505747426
       -1.2531758987       -1.5493922389
       -1.2527073510       -1.5481797195
       -1.2521601496       -1.5469339521
       -1.2515258025       -1.5456526775
       -1.2507954804       -1.5443335919
       -1.2499598003       -1.5429737815
       -1.2490085779       -1.5415693415
       -1.2479305145       -1.5401150468
       -1.2467127857       -1.5386040064
       -1.2453404846       -1.5370272403
       -1.2437958591       -1.5353731229
       -1.2420572412       -1.5336266078
       -1.2400974984       -1.5317680964
       -1.2378817265       -1.5297717319
       -1.2353636731       -1.5276027216
       -1.2324799308       -1.5252129387
       -1.2291400199       -1.5225333377
       -1.2252084750       -1.5194601256
       -1.2204710022       -1.5158283400
       -1.2145742472       -1.5113637198
       -1.2070238803       -1.5056725429
       -1.1993953526       -1.4999014902
       -1.1919453790       -1.4942158076
       -1.1845343911       -1.4884953802
       -1.1765707637       -1.4822671341
       -1.1685446841       -1.4758998373
       -1.1604799821       -1.4694087027
       -1.1523149320       -1.4627416334
       -1.1439873512       -1.4558445024
       -1.1354452267       -1.4486697105
       -1.1266440279       -1.4411742590
       -1.1175431211       -1.4333169477
       -1.1081029819       -1.4250560755
       -1.0982829714       -1.4163474780
       -1.0880393576       -1.4071426509
       -1.0773232970       -1.3973867128
       -1.0660785727       -1.3870160113
       -1.0542390649       -1.3759553297
       -1.0417262327       -1.3641149414
       -1.0284482751       -1.3513891274
       -1.0143068765       -1.3376620959
       -0.9992294093       -1.3228396964
       -0.9832614571       -1.3069441787
       -0.9666968394       -1.2902540161
       -0.9500056686       -1.2732451912
       -0.9335287848       -1.2562829654
       -0.9173704068       -1.2395001581
       -0.9014993764       -1.2228912679
       -0.8858421910       -1.2064060015
       -0.8703204650       -1.1899893416
       -0.8548585150       -1.1735919155
       -0.8393804885       -1.1571702810
       -0.8238043840       -1.1406853419
       -0.8080351212       -1.1241024368
       -0.7919579296       -1.1073967323
       -0.7754351361       -1.0905709603
       -0.7583103290       -1.0736949609
       -0.7404000553       -1.0569537341
       -0.7213581077       -1.0406173611
       -0.7002969922       -1.0249467857
       -0.6763966840       -1.0109466353
       -0.6600312096       -1.0038056052
       -0.6449366795       -0.9988188824
       -0.6301885489       -0.9951743307
       -0.6142442359       -0.9922703528
       -0.5976046144       -0.9900191403
       -0.5789527609       -0.9880082651
       -0.5626423670       -0.9863624916
       -0.5465532577       -0.9845703401
       -0.5307387005       -0.9824033985
       -0.5137886689       -0.9793485658
       -0.4968831984       -0.9752062729
       -0.4824164703       -0.9704836033
       -0.4690126703       -0.9648628801
       -0.4554923576       -0.9577037115
       -0.4405478524       -0.9477162968
       -0.4242520840       -0.9339718228
       -0.4107705446       -0.9201620888
       -0.3988353014       -0.9060645800
       -0.3878250090       -0.8915548459
       -0.3773232687       -0.8764591237
       -0.3661329886       -0.8591465589
       -0.3547399828       -0.8403639084
       -0.3430028469       -0.8199497127
       -0.3304770649       -0.7971388089
       -0.3184425015       -0.7743685020
       -0.3077043393       -0.7534412463
       -0.2973994373       -0.7328841615
       -0.2863127238       -0.7103073711
       -0.2752830629       -0.6874241554
       -0.2639861435       -0.6635948713
       -0.2518282995       -0.6375522669
       -0.2419312719       -0.6160785209
       -0.2323537540       -0.5950874889
       -0.2233178255       -0.5751134615
       -0.2144060126       -0.5552725791
       -0.2052368011       -0.5347376136
       -0.1964774401       -0.5150369058
       -0.1888286212       -0.4977996516
       -0.1819484183       -0.4823009471
       -0.1754861752       -0.4677872709
       -0.1691977148       -0.4537526229
       -0.1628402683       -0.4397229267
       -0.1559405740       -0.4248022147
       -0.1483789490       -0.4090693210
       -0.1424900983       -0.3975469199
       -0.1372587388       -0.3881193745
       -0.1321645334       -0.3799228179
       -0.1269558678       -0.3727480467
       -0.1215376714       -0.3666318208
       -0.1155612800       -0.3612795721
       -0.1110865933       -0.3580012792
       -0.1066702618       -0.3551965278
       -0.1022259024       -0.3526734983
       -0.0973815644       -0.3501489422
       -0.0922452754       -0.3476287504
       -0.0861767222       -0.3447554644
       -0.0812130953       -0.3424303968
       -0.0762827812       -0.3401055186
       -0.0716655512       -0.3378906745
       -0.0670663766       -0.3356306652
       -0.0617665504       -0.3329427900
       -0.0575678631       -0.3307432938
       -0.0539833196       -0.3288201412
       -0.0508273552       -0.3271058235
       -0.0478978416       -0.3255242481
       -0.0450497644       -0.3240516213
       -0.0420674910       -0.3227196043
       -0.0389506419       -0.3220004062
       -0.0368464858       -0.3226619189
       -0.0353014227       -0.3250380528
       -0.0344092555       -0.3290374904
       -0.0339569353       -0.3356283779
       -0.0340030732       -0.3452055940
       -0.0344382975       -0.3560006972
       -0.0350847924       -0.3671265370
       -0.0359346086       -0.3795293411
       -0.0370545991       -0.3943379846
       -0.0384103013       -0.4111500701
       -0.0401785116       -0.4321633810
       -0.0417626125       -0.4505535209
       -0.0434147621       -0.4695740432
       -0.0450384576       -0.4883198381
       -0.0466928801       -0.5077045022
       -0.0483930031       -0.5282516093
       -0.0499271884       -0.5478001785
       -0.0512216212       -0.5656563130
       -0.0523158414       -0.5826288073
       -0.0532202344       -0.5995511679
       -0.0538830675       -0.6172895353
       -0.0541190410       -0.6352238317
       -0.0538016672       -0.6506992254
       -0.0529277103       -0.6643390442
       -0.0513995155       -0.6768829749
       -0.0490217216       -0.6886780962
       -0.0455249705       -0.6997629267
       -0.0406128807       -0.7099713982
       -0.0338084479       -0.7193197130
       -0.0267026232       -0.7260439164
       -0.0194768164       -0.7310757117
       -0.0117458529       -0.7351919961
       -0.0028015644       -0.7388752871
        0.0069804364       -0.7420131943
        0.0182910862       -0.7448723864
        0.0293510699       -0.7471535987
        0.0400560765       -0.7490762112
        0.0507474644       -0.7508754056
        0.0613206493       -0.7526833519
        0.0724468722       -0.7547908614
        0.0847142753       -0.7576211124
        0.0957541786       -0.7609346055
        0.1051062743       -0.7646063301
        0.1136792673       -0.7689549993
        0.1219995903       -0.7743832279
        0.1304350939       -0.7814738482
        0.1393727629       -0.7912167594
        0.1492103616       -0.8052399771
        0.1596316847       -0.8245438664
        0.1680528394       -0.8437604655
        0.1752746351       -0.8628026343
        0.1818027994       -0.8819347380
        0.1879042364       -0.9013257597
        0.1941375556       -0.9224926125
        0.2001855113       -0.9441987221
        0.2060604749       -0.9662616447
        0.2118291166       -0.9887576691
        0.2175541591       -1.0118097056
        0.2232885037       -1.0355465827
        0.2290788416       -1.0601033747
        0.2349699529       -1.0856301075
        0.2410078481       -1.1122991799
        0.2472385160       -1.1402946723
        0.2536881159       -1.1697151178
        0.2602860706       -1.2002025299
        0.2667723012       -1.2304781562
        0.2728751912       -1.2591591520
        0.2785231811       -1.2857927061
        0.2837682187       -1.3105299878
        0.2886840576       -1.3336469295
        0.2933327935       -1.3553780104
        0.2977621813       -1.3758976852
        0.3020094635       -1.3953350894
        0.3061049942       -1.4137891077
        0.3100747325       -1.4313387110
        0.3139418878       -1.4480495324
        0.3177280145       -1.4639779210
        0.3214538187       -1.4791735772
        0.3251397730       -1.4936811656
        0.3288066856       -1.5075414757
        0.3324762331       -1.5207921067
        0.3361715630       -1.5334680047
        0.3399179806       -1.5456017762
        0.3437438185       -1.5572239321
        0.3476815630       -1.5683630339
        0.3517693833       -1.5790457844
        0.3560532600       -1.5892970276
        0.3605900650       -1.5991396728
        0.3654521707       -1.6085944883
        0.3707345996       -1.6176796346
        0.3765666656       -1.6264097686
        0.3831318689       -1.6347941116
        0.3907038130       -1.6428318995
        0.3997131260       -1.6504993814
        0.4108545951       -1.6577021356
        0.4250066569       -1.6640821959
        0.4422019059       -1.6688086685
        0.4620425622       -1.6713740592
        0.4822245342       -1.6717635320
        0.5026753003       -1.6705202095
        0.5232187988       -1.6680318447
        0.5462115083       -1.6641165603
        0.5697525903       -1.6591382820
        0.5943055049       -1.6531170284
        0.6217438294       -1.6455936485
        0.6439716893       -1.6390134235
        0.6656745088       -1.6322683149
        0.6863916054       -1.6256199029
        0.7073529490       -1.6187798360
        0.7294325371       -1.6115807061
        0.7491704585       -1.6052955786
        0.7663976145       -1.6000703997
        0.7823176376       -1.5956066315
        0.7977293226       -1.5917938344
        0.8132465513       -1.5886942893
        0.8292778655       -1.5866218840
        0.8438917967       -1.5861687504
        0.8559751026       -1.5872363797
        0.8660058983       -1.5894402581
        0.8744669902       -1.5924729268
        0.8811637553       -1.5957916469
        0.8874540023       -1.5997714880
        0.8931330545       -1.6041814636
        0.8982640944       -1.6089126234
        0.9029417693       -1.6139077316
        0.9072482361       -1.6191342259
        0.9112498013       -1.6245748754
        0.9150004421       -1.6302249783
        0.9185456457       -1.6360924148
        0.9219255326       -1.6421993947
        0.9251768872       -1.6485848437
        0.9283321255       -1.6553024360
        0.9314068727       -1.6623912201
        0.9343616057       -1.6697652772
        0.9370990283       -1.6771519544
        0.9395945414       -1.6844169896
        0.9419508846       -1.6918118465
        0.9440058555       -1.6987469844
        0.9456303629       -1.7045869386
        0.9470586278       -1.7099960642
        0.9483032388       -1.7149083516
        0.9494589683       -1.7195944175
        0.9506303051       -1.7243712043
        0.9518118976       -1.7290363882
        0.9527020139       -1.7322895454
        0.9535158882       -1.7349567200
        0.9542652311       -1.7370976118
        0.9549849844       -1.7388540105
        0.9557024389       -1.7403230232
        0.9564372534       -1.7415635395
        0.9572048439       -1.7426121751
        0.9580186232       -1.7434925275
        0.9588913028       -1.7442199704
        0.9598357220       -1.7448042088
        0.9608654613       -1.7452506931
        0.9619953807       -1.7455614036
        0.9632421549       -1.7457352468
        0.9646248685       -1.7457681839
        0.9661657179       -1.7456531435
        0.9678908761       -1.7453797343
        0.9698315889       -1.7449337455
        0.9720255926       -1.7442963934
        0.9745189676       -1.7434432494
        0.9773685886       -1.7423427482
        0.9806453715       -1.7409541350
        0.9844385675       -1.7392246635
        0.9888613940       -1.7370858067
        0.9940583786       -1.7344481505
        1.0002153378       -1.7311942651
        1.0075762587       -1.7271667876
        1.0164879736       -1.7221387154
        1.0275749663       -1.7157019469
        1.0425619967       -1.7067423545
        1.0559352355       -1.6985289468
        1.0689327196       -1.6903582658
        1.0788060103       -1.6840208771
        1.0870219617       -1.6786431370
        1.0931276301       -1.6745535205
        1.0971551520       -1.6717560661
        1.0991127503       -1.6702624430
        1.0992018856       -1.6699357850
        1.0974273154       -1.6707411665
        1.0935209833       -1.6727924953
        1.0872956308       -1.6761384693
        1.0792622362       -1.6804182655
        1.0701219406       -1.6851768296
        1.0603323309       -1.6901239541
        1.0500980795       -1.6951296877
        1.0394488651       -1.7001677223
        1.0283021305       -1.7052722199
        1.0164859740       -1.7105196961
        1.0037367298       -1.7160260106
        0.9897467257       -1.7219249112
        0.9760781277       -1.7275843985
        0.9627256296       -1.7330467502
        0.9494807775       -1.7384239427
        0.9361056186       -1.7438279225
        0.9212474843       -1.7498097825
        0.9055567034       -1.7561042499
        0.8888906294       -1.7627574365
        0.8707555614       -1.7699423336
        0.8536211973       -1.7766579145
        0.8373505551       -1.7829499585
        0.8213027619       -1.7890569609
        0.8039778185       -1.7955205376
        0.7863723591       -1.8019306195
        0.7678238206       -1.8084880182
        0.7460751846       -1.8158844422
        0.7272151268       -1.8220048046
        0.7094087737       -1.8274904664
        0.6918184036       -1.8325760943
        0.6739895744       -1.8373084946
        0.6590429450       -1.8408475937
        0.6458777269       -1.8435241963
        0.6336145783       -1.8454977672
        0.6227044622       -1.8466507798
        0.6132451437       -1.8469904558
        0.6057860165       -1.8466585249
        0.5997359102       -1.8458814999
        0.5945239389       -1.8447659353
        0.5898196183       -1.8433482994
        0.5850899689       -1.8414870163
        0.5805156166       -1.8392427605
        0.5759508202       -1.8365550504
        0.5711447061       -1.8332445839
        0.5668782847       -1.8299075583
        0.5630499451       -1.8266118149
        0.5594303839       -1.8232501196
        0.5559159899       -1.8197726857
        0.5522013070       -1.8158842350
        0.5484882338       -1.8117943226
        0.5447831222       -1.8075251471
        0.5410519063       -1.8030492279
        0.5372581709       -1.7983286929
        0.5333688429       -1.7933230815
        0.5293532716       -1.7879894223
        0.5251813599       -1.7822805114
        0.5208217523       -1.7761426560
        0.5162398789       -1.7695126682
        0.5113955521       -1.7623136281
        0.5062396744       -1.7544486001
        0.5007091551       -1.7457905573
        0.4947184533       -1.7361652767
        0.4881440915       -1.7253197627
        0.4807934419       -1.7128582404
        0.4723425345       -1.6981112452
        0.4623753694       -1.6801621770
        0.4517586750       -1.6604029026
        0.4416184283       -1.6409289670
        0.4318995735       -1.6217220025
        0.4223634219       -1.6023649507
        0.4128487050       -1.5825485618
        0.4032547125       -1.5620579114
        0.3935085139       -1.5407160756
        0.3835454518       -1.5183467586
        0.3732972099       -1.4947478049
        0.3626820538       -1.4696653219
        0.3515937232       -1.4427600355
        0.3398875446       -1.4135605675
        0.3273728954       -1.3814241580
        0.3138910467       -1.3457179664
        0.2997301675       -1.3069738375
        0.2857131860       -1.2673450385
        0.2721284737       -1.2276988518
        0.2586964395       -1.1872748442
        0.2450637263       -1.1449803590
        0.2336120205       -1.1084510725
        0.2235713063       -1.0756617347
        0.2140206826       -1.0438082387
        0.2053863261       -1.0144512398
        0.1975439695       -0.9873273837
        0.1903338671       -0.9620068699
        0.1836382875       -0.9381686648
        0.1773738905       -0.9155883340
        0.1714788247       -0.8941016724
        0.1659044322       -0.8735805105
        0.1606105788       -0.8539192640
        0.1555629283       -0.8350273232
        0.1507312673       -0.8168246192
        0.1460883519       -0.7992387441
        0.1416090048       -0.7822027951
        0.1372693408       -0.7656536270
        0.1330460249       -0.7495302705
        0.1289154235       -0.7337721397
        0.1248526360       -0.7183171780
        0.1208302592       -0.7030997103
        0.1168167862       -0.6880481635
        0.1127746478       -0.6730835820
        0.1086585174       -0.6581226157
        0.1044169301       -0.6430973847
        0.1000063861       -0.6280218612
        0.0954222387       -0.6131007136
        0.0906862609       -0.5986586714
        0.0857475574       -0.5848175066
        0.0804175215       -0.5713960709
        0.0743499922       -0.5580370962
        0.0685601834       -0.5470293640
        0.0634113506       -0.5384428698
        0.0585000078       -0.5310989161
        0.0536084747       -0.5244233136
        0.0483806143       -0.5178139677
        0.0429529905       -0.5113530148
        0.0369387718       -0.5044837291
        0.0314667332       -0.4983474484
        0.0263737977       -0.4926156043
        0.0214454959       -0.4869466207
        0.0167495504       -0.4813315725
        0.0120223586       -0.4753486048
        0.0065784102       -0.4678355339
        0.0023145575       -0.4612575194
       -0.0013362593       -0.4549099477
       -0.0045238509       -0.4485916901
       -0.0074389357       -0.4419017102
       -0.0102057599       -0.4343661082
       -0.0129555533       -0.4250975409
       -0.0160024262       -0.4111365411
       -0.0180243287       -0.3975114509
       -0.0194079555       -0.3834534269
       -0.0203360510       -0.3681584046
       -0.0208626817       -0.3513439039
       -0.0210170739       -0.3327671585
       -0.0208100750       -0.3120004629
       -0.0203602055       -0.2929258848
       -0.0197548092       -0.2747761350
       -0.0190286469       -0.2570475183
       -0.0181926183       -0.2393511868
       -0.0171723579       -0.2200529492
       -0.0160295949       -0.2003687578
       -0.0147679564       -0.1802711823
       -0.0133661725       -0.1594108935
       -0.0118004236       -0.1375055325
       -0.0100861505       -0.1148537120
       -0.0082985414       -0.0924387815
       -0.0064830151       -0.0707300276
       -0.0046253183       -0.0494652524
       -0.0026890507       -0.0281977385
       -0.0006390039       -0.0065693311
        0.0015414165        0.0155314790
        0.0038333201        0.0378520348
        0.0062045818        0.0600490115
        0.0086487815        0.0820529841
        0.0111714328        0.1039041319
        0.0137498157        0.1254047767
        0.0163359578        0.1461865785
        0.0189047562        0.1661080600
        0.0214651610        0.1852994184
        0.0240416459        0.2039868206
        0.0266617931        0.2223916067
        0.0293528997        0.2407076950
        0.0321423438        0.2591069951
        0.0350590716        0.2777506249
        0.0381355054        0.2968003653
        0.0414099596        0.3164305124
        0.0449300116        0.3368420570
        0.0487577396        0.3582827886
        0.0529786829        0.3810801569
        0.0577188838        0.4057026427
        0.0631812128        0.4328891002
        0.0697254033        0.4639189534
        0.0777803587        0.4999964563
        0.0862751897        0.5357199409
        0.0945362423        0.5683390846
        0.1026878554        0.5986004486
        0.1108826728        0.6271903986
        0.1192082673        0.6544352436
        0.1277258232        0.6804993340
        0.1364980432        0.7054963653
        0.1456030543        0.7295280426
        0.1551430209        0.7526928178
        0.1652531545        0.7750851543
        0.1761148405        0.7967924517
        0.1879762241        0.8178902955
        0.2011839117        0.8384324447
        0.2162277651        0.8584259362
        0.2337900345        0.8777729168
        0.2547760288        0.8961753988
        0.2804186992        0.9131111722
        0.3129024586        0.9279585806
        0.3507573035        0.9385226832
        0.3902062382        0.9439682083
        0.4362606615        0.9449966487
        0.4878139632        0.9408373255
        0.5466778006        0.9304429685
        0.6151827054        0.9117124720
        0.6910974689        0.8831779013
        0.7580993185        0.8512539623
        0.8201872736        0.8158067156
        0.8815285163        0.7748397249
        0.9391970582        0.7303934000
        0.9942956110        0.6818767384
        1.0482279304        0.6277820548
        1.1019104558        0.5662328998
        1.1547910000        0.4963331159
        1.2034364360        0.4215546105
        1.2453304184        0.3463021749
        1.2805994318        0.2720026577
        1.3100212447        0.1987954743
        1.3342729002        0.1266093996
        1.3538761662        0.0553532668
        1.3692344746       -0.0150850389
        1.3806555614       -0.0848382400
        1.3883643502       -0.1540458052
        1.3925140286       -0.2228380659
        1.3931973571       -0.2913235935
        1.3904580990       -0.3595804660
        1.3843022774       -0.4276502570
        1.3747092899       -0.4955336219
        1.3616431665       -0.5631867228
        1.3450643094       -0.6305183661
        1.3249420119       -0.6973879001
        1.3012678192       -0.7636044544
        1.2740695559       -0.8289280475
        1.2434251835       -0.8930738484
        1.2094739348       -0.9557225877
        1.1724183829       -1.0165430785
        1.1325064512       -1.0752336334
        1.0899828355       -1.1315814950
        1.0450101911       -1.1855244300
        0.9975721984       -1.2371935930
        0.9473610898       -1.2869364765
        0.8936041327       -1.3353571877
        0.8346500479       -1.3834787400
        0.7665421619       -1.4334203016
        0.6922124324       -1.4818674478
        0.6249474114       -1.5208755261
        0.5576098707       -1.5557774021
        0.4918540666       -1.5861868240
        0.4258124318       -1.6133433211
        0.3578031328       -1.6379948824
        0.2867245852       -1.6603790734
        0.2119512268       -1.6804027481
        0.1328418030       -1.6978525140
        0.0487099203       -1.7123905593
       -0.0356463718       -1.7229756627
       -0.1125914175       -1.7292588538
       -0.1824989350       -1.7322443590
       -0.2476207862       -1.7327285644
       -0.3095340744       -1.7311509231
       -0.3691969388       -1.7277543279
       -0.4272181834       -1.7226776263
       -0.4840139240       -1.7159978911
       -0.5398850302       -1.7077511215
       -0.5950548258       -1.6979441503
       -0.6496868083       -1.6865631186
       -0.7038921278       -1.6735809224
       -0.7577324018       -1.6589646180
       -0.8112218728       -1.6426828206
       -0.8643323103       -1.6247122487
       -0.9170017179       -1.6050424520
       -0.9691455779       -1.5836782807
       -1.0206659825       -1.5606414358
       -1.0714523724       -1.5359746214
       -1.1213674572       -1.5097540113
       -1.1702135290       -1.4821171667
       -1.2176828318       -1.4533100572
       -1.2633240365       -1.4237362122
       -1.3065965945       -1.3939504763
       -1.3470447890       -1.3645450358
       -1.3844678586       -1.3359919870
       -1.4189377798       -1.3085731021
       -1.4506815911       -1.2824284303
       -1.4798940482       -1.2576951174
       -1.5064650303       -1.2347481886
       -1.5298803015       -1.2142953575
       -1.5482621490       -1.1981883337
       -1.5651259004       -1.1834598008
       -1.5799038113       -1.1706596874
       -1.5928787285       -1.1595511723
       -1.6044115149       -1.1498053626
       -1.6147924803       -1.1411419340
       -1.6242360078       -1.1333382514
       -1.6328967782       -1.1262170911
       -1.6408840023       -1.1196353102
       -1.6482715553       -1.1134761991
       -1.6551060344       -1.1076444015
       -1.6614156584       -1.1020611356
       -1.6672224479       -1.0966567360
       -1.6725566842       -1.0913586567
       -1.6774681705       -1.0860761091
       -1.6820296988       -1.0806831233
       -1.6863288764       -1.0750049568
       -1.6903957934       -1.0688999072
       -1.6940045612       -1.0626710034
       -1.6970638840       -1.0566101507
       -1.6997526698       -1.0505647545
       -1.7021733267       -1.0444923108
       -1.7043368154       -1.0385854450
       -1.7063431592       -1.0327923068
       -1.7083377815       -1.0268622132
       -1.7104790664       -1.0204615705
       -1.7129963686       -1.0130613019
       -1.7164575086       -1.0032820089
       -1.7210374944       -0.9910849286
       -1.7260713919       -0.9784603938
       -1.7320040005       -0.9642857402
       -1.7371755219       -0.9523071218
       -1.7415993651       -0.9422111458
       -1.7459122435       -0.9324211296
       -1.7506092516       -0.9217389380
       -1.7553357836       -0.9108771444
       -1.7589662521       -0.9023796860
       -1.7623491748       -0.8942492118
       -1.7651496106       -0.8872488909
       -1.7677090380       -0.8804327153
       -1.7695708884       -0.8748841968
       -1.7706538602       -0.8709578725
       -1.7712358915       -0.8678169617
       -1.7713009825       -0.8650743919
       -1.7705491119       -0.8626428984
       -1.7691544441       -0.8609861255
       -1.7672534924       -0.8595257199
       -1.7652056981       -0.8581408333
       -1.7626403848       -0.8563834593
       -1.7595855087       -0.8541601435
       -1.7558178999       -0.8512352608
       -1.7517993549       -0.8479646396
       -1.7479461794       -0.8447473829
       -1.7438443604       -0.8412843592
       -1.7389648585       -0.8371572499
       -1.7335493223       -0.8326032485
       -1.7274370411       -0.8275242302
       -1.7203751205       -0.8217552044
       -1.7125634303       -0.8155064134
       -1.7044647283       -0.8091754986
       -1.6960523673       -0.8027532779
       -1.6870451022       -0.7960425918
       -1.6770519412       -0.7887872713
       -1.6655780244       -0.7806897107
       -1.6527350813       -0.7719059459
       -1.6398143515       -0.7633551802
       -1.6270048299       -0.7551546910
       -1.6138667053       -0.7470293034
       -1.5998615092       -0.7386927503
       -1.5847254450       -0.7300790012
       -1.5699445958       -0.7220967381
       -1.5563716340       -0.7151815563
       -1.5436955274       -0.7091282061
       -1.5315644555       -0.7037529252
       -1.5197430533       -0.6989669630
       -1.5080670999       -0.6947470720
       -1.4964025413       -0.6911170629
       -1.4846194942       -0.6881442854
       -1.4725718634       -0.6859477114
       -1.4600744626       -0.6847190659
       -1.4468690690       -0.6847651868
       -1.4325651732       -0.6865920631
       -1.4165228179       -0.6910800000
       -1.3975294470       -0.6999144887
       -1.3754009837       -0.7148615341
       -1.3567130050       -0.7308455697
       -1.3382506746       -0.7489601907
       -1.3180573565       -0.7706162889
       -1.2967914836       -0.7946858975
       -1.2739208366       -0.8212483414
       -1.2486797383       -0.8506871560
       -1.2203641189       -0.8832658752
       -1.1886439014       -0.9187209368
       -1.1539480500       -0.9559172718
       -1.1171905680       -0.9933544739
       -1.0789819431       -1.0300855900
       -1.0394559904       -1.0657833327
       -0.9985088355       -1.1003841011
       -0.9559988396       -1.1338477258
       -0.9119305577       -1.1660036721
       -0.8667945930       -1.1963623919
       -0.8218562066       -1.2240714605
       -0.7785606200       -1.2484313192
       -0.7376670096       -1.2693384140
       -0.6993129977       -1.2870662127
       -0.6633898251       -1.3019686364
       -0.6297102478       -1.3143730888
       -0.5980478199       -1.3245588640
       -0.5681558745       -1.3327483751
       -0.5397847283       -1.3390997548
       -0.5126891848       -1.3437005614
       -0.4866227906       -1.3465578311
       -0.4613174718       -1.3475747975
       -0.4364457881       -1.3464949846
       -0.4116125066       -1.3427798235
       -0.3872111947       -1.3356844697
       -0.3689344121       -1.3273124051
       -0.3540001488       -1.3178379633
       -0.3413697331       -1.3074093902
       -0.3295051795       -1.2950371967
       -0.3188864995       -1.2813229599
       -0.3092535398       -1.2662615743
       -0.3001781155       -1.2494109831
       -0.2921318247       -1.2320796826
       -0.2855821622       -1.2162460053
       -0.2797077993       -1.2007614438
       -0.2737478195       -1.1839246894
       -0.2680855262       -1.1670584576
       -0.2624912884       -1.1498070758
       -0.2568481856       -1.1321256422
       -0.2517250019       -1.1161455137
       -0.2471168167       -1.1021045751
       -0.2427523955       -1.0893368375
       -0.2385339532       -1.0777041569
       -0.2344994464       -1.0674203880
       -0.2306099480       -1.0584423204
       -0.2267423146       -1.0505478203
       -0.2227421059       -1.0435500573
       -0.2184211483       -1.0373552128
       -0.2135453870       -1.0320030926
       -0.2079876854       -1.0277937074
       -0.2018721912       -1.0250629919
       -0.1950621295       -1.0237627736
       -0.1871015111       -1.0238098825
       -0.1773394100       -1.0252587879
       -0.1654782609       -1.0281055562
       -0.1536705023       -1.0314814955
       -0.1394243312       -1.0358039251
       -0.1223327427       -1.0410001404
       -0.1085059947       -1.0450799516
       -0.0949449979       -1.0489234542
       -0.0814372032       -1.0525764549
       -0.0663239050       -1.0564460753
       -0.0507640255       -1.0601871397
       -0.0342530032       -1.0638897824
       -0.0144685688       -1.0679730340
        0.0007464244       -1.0708600052
        0.0160409882       -1.0735495991
        0.0305631164       -1.0759156117
        0.0449762701       -1.0780937913
        0.0602841279       -1.0802362109
        0.0785830147       -1.0825940328
        0.0944013211       -1.0844883103
        0.1078841624       -1.0860317938
        0.1203902356       -1.0874405308
        0.1325928566       -1.0888370043
        0.1449367737       -1.0903323508
        0.1579559484       -1.0920985551
        0.1725042346       -1.0944984720
        0.1861493228       -1.0974673931
        0.1981725955       -1.1010416868
        0.2095360445       -1.1057020417
        0.2207446198       -1.1120702354
        0.2316478194       -1.1205279608
        0.2421477479       -1.1312152788
        0.2516826246       -1.1432138477
        0.2601669345       -1.1556228249
        0.2681461664       -1.1685809267
        0.2760122543       -1.1823492011
        0.2844868808       -1.1980287166
        0.2932236014       -1.2148502657
        0.3023599811       -1.2329045041
        0.3121438295       -1.2525263573
        0.3227889704       -1.2739860064
        0.3343090031       -1.2971228442
        0.3465333684       -1.3213814088
        0.3594733000       -1.3465611809
        0.3734147140       -1.3729622852
        0.3884312052       -1.4004137269
        0.4035846485       -1.4269613751
        0.4183523417       -1.4516290493
        0.4330401306       -1.4749185257
        0.4481080818       -1.4974706585
        0.4636864430       -1.5193233101
        0.4789242202       -1.5392404360
        0.4931366590       -1.5565173418
        0.5064445789       -1.5715690217
        0.5191338085       -1.5849264551
        0.5314245414       -1.5969632331
        0.5434661095       -1.6079239322
        0.5553616738       -1.6179737626
        0.5671859729       -1.6272298143
        0.5789956193       -1.6357786423
        0.5908349894       -1.6436863558
        0.6027397206       -1.6510047106
        0.6147388829       -1.6577749810
        0.6268564012       -1.6640305396
        0.6391120322       -1.6697986407
        0.6515220871       -1.6751016931
        0.6640999886       -1.6799581811
        0.6768567438       -1.6843833406
        0.6898013815       -1.6883896541
        0.7029413614       -1.6919871971
        0.7162830083       -1.6951838710
        0.7298319569       -1.6979855290
        0.7435936380       -1.7003960079
        0.7575738152       -1.7024170692
        0.7717791813       -1.7040482446
        0.7862180375       -1.7052865824
        0.8009010912       -1.7061262793
        0.8158424302       -1.7065581752
        0.8310607609       -1.7065690694
        0.8465810882       -1.7061407897
        0.8624371117       -1.7052488884
        0.8786748657       -1.7038607377
        0.8953585556       -1.7019325852
        0.9125804838       -1.6994046859
        0.9304791606       -1.6961925746
        0.9492756219       -1.6921697550
        0.9693573773       -1.6871281344
        0.9915235759       -1.6806644028
        1.0180714594       -1.6716836016
        1.0427970486       -1.6621254185
        1.0666139123       -1.6518725698
        1.0881150822       -1.6417913227
        1.1074541630       -1.6321209297
        1.1244200941       -1.6232458134
        1.1388140798       -1.6155359634
        1.1491866275       -1.6100175783
        1.1560566215       -1.6065737035
        1.1601911547       -1.6049332774
        1.1612813901       -1.6053294029
        1.1594073561       -1.6077738175
        1.1549410654       -1.6119640804
        1.1483814917       -1.6175502147
        1.1396812108       -1.6246035723
        1.1284514725       -1.6334113165
        1.1151021774       -1.6436169702
        1.1007454982       -1.6543682233
        1.0854575244       -1.6656205443
        1.0687906931       -1.6777008922
        1.0499612328       -1.6911533458
        1.0273133742       -1.7070986095
        1.0065860854       -1.7214811783
        0.9892141914       -1.7333612862
        0.9746481606       -1.7431547523
        0.9624879222       -1.7511514848
        0.9523364522       -1.7576308446
        0.9438142457       -1.7628562560
        0.9365807950       -1.7670604575
        0.9303508403       -1.7704333481
        0.9248954786       -1.7731203227
        0.9200338715       -1.7752270339
        0.9152831274       -1.7769337168
        0.9109134305       -1.7781004994
        0.9068753096       -1.7787412419
        0.9030588044       -1.7788746290
        0.8993468173       -1.7784913571
        0.8956127147       -1.7775426042
        0.8916944769       -1.7759192665
        0.8873195555       -1.7733841642
        0.8817334536       -1.7692153769
        0.8765509244       -1.7646717189
        0.8710755468       -1.7594467071
        0.8653688201       -1.7537802721
        0.8590183561       -1.7474224628
        0.8514179687       -1.7399374779
        0.8418551708       -1.7308949397
        0.8317935632       -1.7219279362
        0.8217947736       -1.7135827901
        0.8113588886       -1.7054346941
        0.7999154966       -1.6970853019
        0.7867514495       -1.6881209982
        0.7713153375       -1.6783024394
        0.7572181078       -1.6698184152
        0.7431185498       -1.6616397583
        0.7294599115       -1.6538778019
        0.7161266737       -1.6463370490
        0.7029953127       -1.6388389350
        0.6899995362       -1.6312467186
        0.6771129243       -1.6234497735
        0.6643299999       -1.6153508510
        0.6516531348       -1.6068579774
        0.6390827372       -1.5978781663
        0.6266081896       -1.5883104082
        0.6141974759       -1.5780353517
        0.6017832567       -1.5668982002
        0.5892436792       -1.5546809932
        0.5763922832       -1.5410786540
        0.5631349373       -1.5258805805
        0.5501224737       -1.5098930306
        0.5380054669       -1.4942530783
        0.5264321571       -1.4789542842
        0.5150985280       -1.4640637690
        0.5048229776       -1.4511040899
        0.4956368744       -1.4403603413
        0.4871068061       -1.4314243733
        0.4789981018       -1.4241104669
        0.4711370073       -1.4182935656
        0.4632819569       -1.4138310552
        0.4551253148       -1.4106382399
        0.4462759804       -1.4087410219
        0.4362020042       -1.4083147968
        0.4243399060       -1.4096892502
        0.4107209186       -1.4130285440
        0.3952898757       -1.4182007736
        0.3771213479       -1.4252424771
        0.3550382359       -1.4342646233
        0.3338187055       -1.4428790726
        0.3121142752       -1.4513730183
        0.2895280181       -1.4597552050
        0.2656132076       -1.4680767080
        0.2378965592       -1.4770016958
        0.2071487710       -1.4860236141
        0.1722887095       -1.4951855972
        0.1398168609       -1.5027534516
        0.1098241890       -1.5089563545
        0.0804401561       -1.5143317372
        0.0482245816       -1.5194579049
        0.0156670059       -1.5238524837
       -0.0181252505       -1.5276065995
       -0.0563262129       -1.5308934716
       -0.0886139745       -1.5329045767
       -0.1208202239       -1.5342321498
       -0.1508504364       -1.5348775737
       -0.1801270011       -1.5349736892
       -0.2103603885       -1.5345402460
       -0.2433157631       -1.5334792930
       -0.2753247017       -1.5318975122
       -0.3035655998       -1.5300891562
       -0.3296187771       -1.5281176485
       -0.3547415906       -1.5259866070
       -0.3797407222       -1.5237007251
       -0.4053164742       -1.5212755232
       -0.4322073475       -1.5187649724
       -0.4599288680       -1.5164361778
       -0.4856732050       -1.5148002943
       -0.5094624383       -1.5140859778
       -0.5324061748       -1.5145293419
       -0.5554863492       -1.5165857105
       -0.5789832961       -1.5208836383
       -0.5993937963       -1.5267853520
       -0.6171349131       -1.5336773057
       -0.6332011956       -1.5413000426
       -0.6483337609       -1.5495704438
       -0.6639313010       -1.5590385554
       -0.6793005136       -1.5691160030
       -0.6946087214       -1.5796975565
       -0.7101750659       -1.5908246960
       -0.7262293077       -1.6025036260
       -0.7425777404       -1.6144349199
       -0.7584597377       -1.6259166076
       -0.7733807059       -1.6364944688
       -0.7873879022       -1.6461587552
       -0.8007020313       -1.6550446727
       -0.8135238183       -1.6632761585
       -0.8260063931       -1.6709409166
       -0.8382714105       -1.6780993356
       -0.8504291933       -1.6847953756
       -0.8625991625       -1.6910648563
       -0.8749381306       -1.6969428992
       -0.8876982909       -1.7024750666
       -0.9013971468       -1.7077470142
       -0.9173945420       -1.7129561183
       -0.9309522090       -1.7165063975
       -0.9438197868       -1.7190865160
       -0.9565742538       -1.7208347612
       -0.9672767168       -1.7216436675
       -0.9759819030       -1.7218363168
       -0.9842597959       -1.7216150181
       -0.9916516516       -1.7210699359
       -0.9983588324       -1.7202790570
       -1.0045918061       -1.7192793956
       -1.0104944586       -1.7180852459
       -1.0161661054       -1.7166974375
       -1.0216828685       -1.7151057973
       -1.0271114559       -1.7132880326
       -1.0325196650       -1.7112053518
       -1.0379882252       -1.7087926918
       -1.0436301991       -1.7059370774
       -1.0496259881       -1.7024285372
       -1.0561629964       -1.6979355700
       -1.0625417110       -1.6927192206
       -1.0684155147       -1.6869951994
       -1.0743910220       -1.6800109690
       -1.0789528649       -1.6736853276
       -1.0830462018       -1.6671137361
       -1.0865691178       -1.6606719290
       -1.0897441443       -1.6541828905
       -1.0927396176       -1.6474531881
       -1.0956756792       -1.6403240818
       -1.0986786723       -1.6325962497
       -1.1019843749       -1.6237959882
       -1.1056975738       -1.6138959115
       -1.1090265846       -1.6052963817
       -1.1123269770       -1.5972017108
       -1.1156657051       -1.5895182491
       -1.1191755016       -1.5819885451
       -1.1229722001       -1.5744250358
       -1.1271679787       -1.5666800416
       -1.1318874310       -1.5586134433
       -1.1372806844       -1.5500724965
       -1.1435338955       -1.5408795767
       -1.1508707319       -1.5308320483
       -1.1595308144       -1.5197240552
       -1.1697489336       -1.5073514261
       -1.1819141557       -1.4933045512
       -1.1946568553       -1.4790776627
       -1.2059214399       -1.4667303434
       -1.2171758128       -1.4544880022
       -1.2295729410       -1.4410051417
       -1.2423456136       -1.4270160645
       -1.2567031792       -1.4110511414
       -1.2678072017       -1.3984397405
       -1.2784204468       -1.3860857846
       -1.2882978628       -1.3742350862
       -1.2982451908       -1.3618280685
       -1.3075242207       -1.3496399163
       -1.3151507864       -1.3389471707
       -1.3214164018       -1.3294359035
       -1.3268155313       -1.3203565858
       -1.3315395998       -1.3111724859
       -1.3355364871       -1.3013867733
       -1.3382354633       -1.2914859033
       -1.3393366299       -1.2825123048
       -1.3391740205       -1.2742556055
       -1.3380034594       -1.2662650155
       -1.3359001793       -1.2580762421
       -1.3327667784       -1.2491896419
       -1.3293080585       -1.2411137989
       -1.3255808455       -1.2334128758
       -1.3215788353       -1.2258263632
       -1.3172829173       -1.2181965363
       -1.3123388178       -1.2098725185
       -1.3070005972       -1.2012828158
       -1.3013034959       -1.1924573278
       -1.2952163960       -1.1833301249
       -1.2886894519       -1.1738203475
       -1.2816654969       -1.1638476513
       -1.2740815149       -1.1533324480
       -1.2658677721       -1.1421935943
       -1.2569464082       -1.1303460536
       -1.2472298401       -1.1176988400
       -1.2366190050       -1.1041531626
       -1.2250014734       -1.0896007438
       -1.2122495558       -1.0739224328
       -1.1982186997       -1.0569874341
       -1.1827466429       -1.0386536366
       -1.1656540144       -1.0187697162
       -1.1467471055       -0.9971796118
       -1.1258230634       -0.9737293347
       -1.1026764778       -0.9482746395
       -1.0771039181       -0.9206856800
       -1.0488999505       -0.8908421825
       -1.0178342440       -0.8586097011
       -0.9835953896       -0.8237851768
       -0.9456948618       -0.7860100264
       -0.9035660174       -0.7448834927
       -0.8589390610       -0.7022168798
       -0.8215620720       -0.6671334510
       -0.7847499399       -0.6331184552
       -0.7506389639       -0.6020470036
       -0.7190495526       -0.5736358402
       -0.6895115388       -0.5473711425
       -0.6616458124       -0.5228495990
       -0.6351776035       -0.4997798394
       -0.6099031897       -0.4779458914
       -0.5856638670       -0.4571800831
       -0.5623298751       -0.4373464380
       -0.5397907251       -0.4183306351
       -0.5179492645       -0.4000337775
       -0.4967179509       -0.3823684126
       -0.4760162937       -0.3652557785
       -0.4557688967       -0.3486237250
       -0.4359033400       -0.3324046343
       -0.4163470860       -0.3165326697
       -0.3970219427       -0.3009391895
       -0.3778343385       -0.2855449968
       -0.3586594159       -0.2702479711
       -0.3393231151       -0.2549095902
       -0.3196379890       -0.2393843140
       -0.2998423357       -0.2238635013
       -0.2812506260       -0.2093714457
       -0.2644581808       -0.1963545735
       -0.2490993455       -0.1845124726
       -0.2347359897       -0.1734972455
       -0.2210460885       -0.1630583540
       -0.2078031937       -0.1530256375
       -0.1948336164       -0.1432768108
       -0.1818902784       -0.1336438386
       -0.1683310196       -0.1236757293
       -0.1559571532       -0.1146776416
       -0.1443134628       -0.1062411293
       -0.1329959620       -0.0980111591
       -0.1214374474       -0.0895511826
       -0.1084252654       -0.0799693556
       -0.0904725494       -0.0666911711
       -0.0711863410       -0.0524057884
       -0.0525428251       -0.0386143645
       -0.0335832104       -0.0246302911
       -0.0119881726       -0.0087697531
        0.0085796502        0.0062600777
        0.0255784526        0.0186219041
        0.0419599335        0.0304817576
        0.0595993784        0.0431929492
        0.0770266895        0.0556896223
        0.0912442506        0.0658381045
        0.1045301929        0.0752821585
        0.1158282572        0.0832809590
        0.1259281919        0.0904029333
        0.1343445003        0.0963115522
        0.1405174853        0.1006225126
        0.1450847209        0.1037885950
        0.1483712983        0.1060350116
        0.1502774870        0.1072827105
        0.1505820726        0.1073771075
        0.1495947326        0.1065305569
        0.1475370517        0.1048781497
        0.1444610940        0.1024188741
        0.1403995771        0.0991110116
        0.1357720919        0.0951843193
        0.1312670222        0.0910909373
        0.1280324243        0.0878843384
        0.1254314483        0.0850608214
        0.1229623571        0.0821135142
        0.1207561675        0.0792491506
        0.1185913288        0.0763141296
        0.1164135420        0.0734143712
        0.1140367726        0.0704791973
        0.1110733704        0.0672154895
        0.1073109756        0.0635885398
        0.1026941977        0.0596749870
        0.0966527857        0.0551083295
        0.0879697822        0.0491877706
        0.0771942544        0.0424365464
        0.0649745767        0.0352341733
        0.0510027522        0.0273471755
        0.0351103103        0.0186511013
        0.0174481664        0.0091993071
        0.0001677792        0.0000879840
       -0.0193162133       -0.0100846692
       -0.0376286412       -0.0195863835
       -0.0580247674       -0.0301321284
       -0.0773515426       -0.0401093168
       -0.0986351138       -0.0510963489
       -0.1209523096       -0.0626311518
       -0.1443035164       -0.0747284377
       -0.1690936920       -0.0876134392
       -0.1961400785       -0.1017308301
       -0.2272320799       -0.1180474150
       -0.2630550049       -0.1369743032
       -0.2937287315       -0.1532967501
       -0.3233560739       -0.1691690511
       -0.3545284432       -0.1859862239
       -0.3859272115       -0.2030504991
       -0.4178349532       -0.2205231467
       -0.4508059592       -0.2387208419
       -0.4852986555       -0.2579172912
       -0.5214505646       -0.2782155776
       -0.5588534274       -0.2994131083
       -0.5967764374       -0.3211150921
       -0.6347585557       -0.3430682738
       -0.6727552309       -0.3652538163
       -0.7109213272       -0.3877706987
       -0.7493907892       -0.4107100664
       -0.7880638095       -0.4340260821
       -0.8263671198       -0.4573813951
       -0.8633123254       -0.4801664591
       -0.8980995345       -0.5018629099
       -0.9304869638       -0.5222846224
       -0.9606016120       -0.5414759889
       -0.9886827768       -0.5595583935
       -1.0149640016       -0.5766566586
       -1.0396435085       -0.5928793275
       -1.0628852859       -0.6083183932
       -1.0848265322       -0.6230535197
       -1.1055844540       -0.6371563154
       -1.1252612781       -0.6506939046
       -1.1439476873       -0.6637319835
       -1.1617251453       -0.6763378173
       -1.1786673979       -0.6885836772
       -1.1948412949       -0.7005513979
       -1.2103068067       -0.7123390529
       -1.2251158114       -0.7240715474
       -1.2393083512       -0.7359184170
       -1.2529028893       -0.7481251823
       -1.2658694494       -0.7610686815
       -1.2780447772       -0.7753346780
       -1.2888577547       -0.7916394445
       -1.2970365733       -0.8100821742
       -1.3011292280       -0.8266974242
       -1.3027185003       -0.8433204411
       -1.3023175714       -0.8605844996
       -1.2999401834       -0.8802471176
       -1.2956251220       -0.9016109289
       -1.2891625743       -0.9256452424
       -1.2800132676       -0.9536654323
       -1.2695688879       -0.9815942563
       -1.2585572823       -1.0084245894
       -1.2465438482       -1.0357734832
       -1.2327259356       -1.0655996721
       -1.2166604895       -1.0988840947
       -1.2012237118       -1.1300971011
       -1.1866022802       -1.1594977811
       -1.1718991973       -1.1894674593
       -1.1569078640       -1.2212324810
       -1.1445512111       -1.2492448349
       -1.1347233466       -1.2736501926
       -1.1267757668       -1.2957505760
       -1.1203789067       -1.3161598245
       -1.1153436893       -1.3350998547
       -1.1114991608       -1.3526812059
       -1.1088860394       -1.3675857290
       -1.1068580706       -1.3825867005
       -1.1055773004       -1.3956394758
       -1.1047168018       -1.4089952158
       -1.1043153175       -1.4208458725
       -1.1042339009       -1.4330946905
       -1.1044564158       -1.4451469438
       -1.1049332759       -1.4569441489
       -1.1056197277       -1.4685690554
       -1.1064807506       -1.4801551281
       -1.1074902180       -1.4918769501
       -1.1086258443       -1.5039374222
       -1.1098389969       -1.5163440796
       -1.1108537276       -1.5268613391
       -1.1118299523       -1.5376450448
       -1.1126503995       -1.5479566645
       -1.1132906824       -1.5580738431
       -1.1137073620       -1.5684231886
       -1.1138084760       -1.5770614106
       -1.1136396260       -1.5851790098
       -1.1132009588       -1.5926636932
       -1.1124542765       -1.5999376617
       -1.1112603825       -1.6075401191
       -1.1094799161       -1.6154043887
       -1.1074344740       -1.6220999891
       -1.1051321827       -1.6280562549
       -1.1025115826       -1.6336257454
       -1.0995789362       -1.6388861954
       -1.0963659298       -1.6438651484
       -1.0928661981       -1.6486459086
       -1.0890357264       -1.6533358679
       -1.0848078762       -1.6580385847
       -1.0800981385       -1.6628509880
       -1.0748014295       -1.6678692710
       -1.0687853307       -1.6731962923
       -1.0618798911       -1.6789493872
       -1.0538630604       -1.6852691951
       -1.0444397969       -1.6923304887
       -1.0332117703       -1.7003561359
       -1.0196319564       -1.7096360692
       -1.0029293983       -1.7205570009
       -0.9819615035       -1.7336608603
       -0.9549819401       -1.7497181853
       -0.9210293614       -1.7688493316
       -0.8886417886       -1.7861199739
       -0.8520178105       -1.8046060505
       -0.8129812137       -1.8231757074
       -0.7713676235       -1.8417566505
       -0.7265972674       -1.8604157410
       -0.6781902152       -1.8791045344
       -0.6260410994       -1.8975777861
       -0.5706475158       -1.9153816200
       -0.5129970233       -1.9319858752
       -0.4540517527       -1.9469921672
       -0.3944051585       -1.9602004376
       -0.3343402956       -1.9715363351
       -0.2740260850       -1.9809718394
       -0.2136746931       -1.9884893084
       -0.1536385241       -1.9940804535
       -0.0944429345       -1.9977659277
       -0.0367247169       -1.9996210798
        0.0189181116       -1.9997875460
        0.0720699755       -1.9984576832
        0.1225410040       -1.9958426544
        0.1703202537       -1.9921448975
        0.2155049576       -1.9875437966
        0.2582470522       -1.9821914580
        0.2987228437       -1.9762131981
        0.3371180709       -1.9697094873
        0.3736212172       -1.9627579586
        0.4084213985       -1.9554148477
        0.4417098510       -1.9477152882
        0.4736852975       -1.9396716661
        0.5045634383       -1.9312689799
        0.5345827983       -1.9224579447
        0.5639181270       -1.9131731656
        0.5918910583       -1.9036060480
        0.6136743098       -1.8955768330
        0.6313910732       -1.8885811598
        0.6473492855       -1.8818242101
        0.6598374010       -1.8761470518
        0.6713517355       -1.8705151173
        0.6815394982       -1.8651135449
        0.6905734741       -1.8598875221
        0.6986889789       -1.8547287503
        0.7060946690       -1.8495131891
        0.7129697258       -1.8440966206
        0.7194792084       -1.8382912360
        0.7257976111       -1.8318148684
        0.7321436698       -1.8241775261
        0.7387057800       -1.8146098706
        0.7448275125       -1.8034657032
        0.7502973180       -1.7907849365
        0.7544456899       -1.7785505350
        0.7578302072       -1.7659770490
        0.7607398474       -1.7522043941
        0.7630590501       -1.7379037573
        0.7649046174       -1.7225548554
        0.7663154555       -1.7054532923
        0.7672390025       -1.6857610232
        0.7675211360       -1.6630577638
        0.7670399500       -1.6390331764
        0.7658635383       -1.6151011753
        0.7640703166       -1.5912509645
        0.7616768728       -1.5671057724
        0.7586557382       -1.5423014717
        0.7549470607       -1.5165023844
        0.7504571025       -1.4893511363
        0.7450462422       -1.4604070721
        0.7385042163       -1.4290662791
        0.7305124120       -1.3944735777
        0.7206731291       -1.3557334842
        0.7090363063       -1.3137364952
        0.6963308647       -1.2712269595
        0.6829206500       -1.2290936878
        0.6693126016       -1.1884574168
        0.6563771015       -1.1513141708
        0.6443878150       -1.1178632932
        0.6332612550       -1.0874437899
        0.6229197002       -1.0595478995
        0.6133196550       -1.0338435315
        0.6044126620       -1.0100371959
        0.5961401818       -0.9878417165
        0.5884460172       -0.9669941130
        0.5812857637       -0.9472676972
        0.5746305698       -0.9284706383
        0.5684683532       -0.9104377312
        0.5628052430       -0.8930204161
        0.5576690480       -0.8760767771
        0.5531165351       -0.8594619345
        0.5492471507       -0.8430200522
        0.5462267186       -0.8265839174
        0.5443207031       -0.8100014966
        0.5439088981       -0.7932217094
        0.5453941720       -0.7763933292
        0.5489809976       -0.7597756703
        0.5545321032       -0.7435367229
        0.5609030233       -0.7292150498
        0.5687757192       -0.7141199712
        0.5775247935       -0.6989286451
        0.5868845964       -0.6835510019
        0.5968093997       -0.6676601263
        0.6073765339       -0.6508297825
        0.6187470337       -0.6325328323
        0.6311681773       -0.6120687034
        0.6449994366       -0.5884317762
        0.6606977253       -0.5601931422
        0.6781486636       -0.5265920748
        0.6945487141       -0.4923935614
        0.7087344150       -0.4603126284
        0.7214245615       -0.4292498914
        0.7332780867       -0.3978285581
        0.7447143326       -0.3648733485
        0.7559836252       -0.3293097564
        0.7667813447       -0.2916474798
        0.7760402396       -0.2558495503
        0.7836579503       -0.2235238710
        0.7894092625       -0.1974182029
        0.7944895998       -0.1736243876
        0.7988735678       -0.1533661135
        0.8028521436       -0.1361300535
        0.8066755852       -0.1213607605
        0.8105183917       -0.1087125509
        0.8145285763       -0.0978938258
        0.8188646030       -0.0886236177
        0.8237161568       -0.0806701368
        0.8293315572       -0.0738745573
        0.8360683010       -0.0681588689
        0.8444699060       -0.0635494567
        0.8552213572       -0.0602499052
        0.8686153442       -0.0585880582
        0.8849561904       -0.0586442753
        0.9049210479       -0.0603791498
        0.9234296930       -0.0628581343
        0.9423703509       -0.0658651649
        0.9620162764       -0.0692719106
        0.9827102783       -0.0730477017
        1.0066073238       -0.0775547784
        1.0328746186       -0.0826306163
        1.0621327673       -0.0884027173
        1.0896772204       -0.0939467602
        1.1156089443       -0.0992738845
        1.1415392173       -0.1047225903
        1.1691054120       -0.1106749733
        1.1975250732       -0.1170223182
        1.2283886703       -0.1242198607
        1.2537380365       -0.1304337295
        1.2774888876       -0.1365755819
        1.2999160475       -0.1427444694
        1.3215440945       -0.1491457088
        1.3412825926       -0.1555157161
        1.3587736818       -0.1617452515
        1.3746457608       -0.1680667564
        1.3894722565       -0.1747912289
        1.4036330143       -0.1822929046
        1.4173526546       -0.1910836023
        1.4305729658       -0.2018095227
        1.4426887264       -0.2149112071
        1.4531452646       -0.2307083220
        1.4618460056       -0.2499092541
        1.4687185509       -0.2733489274
        1.4731859874       -0.2984586034
        1.4757550173       -0.3251582871
        1.4767254612       -0.3534968121
        1.4761300496       -0.3864198438
        1.4738319194       -0.4218362526
        1.4698062486       -0.4594473345
        1.4639260981       -0.4995517042
        1.4559497081       -0.5425754088
        1.4455452617       -0.5888867099
        1.4323376192       -0.6386535378
        1.4159923950       -0.6916829204
        1.3963154789       -0.7473452040
        1.3732837123       -0.8047424198
        1.3469689428       -0.8630282658
        1.3174431345       -0.9215907475
        1.2847437769       -0.9800264345
        1.2488937080       -1.0380327012
        1.2099444736       -1.0953126178
        1.1680252514       -1.1515165537
        1.1233828567       -1.2062250396
        1.0763897559       -1.2589806169
        1.0275003047       -1.3093633091
        0.9771684821       -1.3570711236
        0.9257726889       -1.4019577879
        0.8735817987       -1.4440162806
        0.8207596274       -1.4833340532
        0.7673859205       -1.5200489641
        0.7134767567       -1.5543185791
        0.6589977133       -1.5863027308
        0.6038694169       -1.6161549015
        0.5479667612       -1.6440183732
        0.4911124115       -1.6700245951
        0.4330637498       -1.6942923785
        0.3734905527       -1.7169270694
        0.3119384703       -1.7380186841
        0.2477722988       -1.7576364843
        0.1801097659       -1.7758105068
        0.1079143439       -1.7924581604
        0.0313055407       -1.8071125469
       -0.0453540420       -1.8187310407
       -0.1175954713       -1.8269138151
       -0.1849910675       -1.8321239469
       -0.2486592763       -1.8348790979
       -0.3097024730       -1.8355199463
       -0.3689629779       -1.8342426665
       -0.4270788883       -1.8311477197
       -0.4844973268       -1.8262763373
       -0.5413227948       -1.8196639174
       -0.5969357648       -1.8114589451
       -0.6498811571       -1.8020568186
       -0.6988923510       -1.7919849110
       -0.7437659090       -1.7816346034
       -0.7850276862       -1.7711992452
       -0.8234005627       -1.7607478870
       -0.8595625363       -1.7502926251
       -0.8939095236       -1.7398809955
       -0.9256309955       -1.7299191697
       -0.9498801274       -1.7221305277
       -0.9723165705       -1.7148282452
       -0.9901486715       -1.7089781387
       -1.0068850758       -1.7034569267
       -1.0219375824       -1.6984594428
       -1.0354928350       -1.6939132832
       -1.0478272385       -1.6897053033
       -1.0591799449       -1.6857246320
       -1.0697451554       -1.6818645103
       -1.0796821120       -1.6780163516
       -1.0891216620       -1.6740629219
       -1.0981607284       -1.6698746868
       -1.1068343759       -1.6653195791
       -1.1150871836       -1.6602908684
       -1.1228665823       -1.6546793940
       -1.1303433503       -1.6481800336
       -1.1370235520       -1.6411262045
       -1.1429079579       -1.6336343387
       -1.1477710082       -1.6263311127
       -1.1521226779       -1.6188309068
       -1.1562152891       -1.6109336183
       -1.1600788830       -1.6028245997
       -1.1638926336       -1.5943985650
       -1.1679097171       -1.5853633923
       -1.1718483707       -1.5766272839
       -1.1755927243       -1.5686137018
       -1.1793357082       -1.5609682418
       -1.1832409705       -1.5533956823
       -1.1874333807       -1.5456958981
       -1.1920250000       -1.5377080048
       -1.1971303713       -1.5292759018
       -1.2028733214       -1.5202256225
       -1.2093538155       -1.5103851454
       -1.2151317862       -1.5017519998
       -1.2206279261       -1.4933786724
       -1.2247996794       -1.4863937217
       -1.2266533807       -1.4823919782
       -1.2271612658       -1.4795322488
       -1.2261181920       -1.4780618033
       -1.2234072518       -1.4778653707
       -1.2196359857       -1.4786744880
       -1.2148811194       -1.4801427151
       -1.2085992604       -1.4822380887
       -1.2011992007       -1.4845510617
       -1.1935684372       -1.4865014602
       -1.1855527850       -1.4878550315
       -1.1773119637       -1.4882906612
       -1.1692163582       -1.4875801514
       -1.1612667063       -1.4856326285
       -1.1531281654       -1.4822659929
       -1.1454242209       -1.4777973462
       -1.1386595254       -1.4729047412
       -1.1322789338       -1.4675425723
       -1.1260560637       -1.4617028682
       -1.1193563001       -1.4548448141
       -1.1125627575       -1.4473925618
       -1.1056758946       -1.4394269006
       -1.0986154189       -1.4309223696
       -1.0912961645       -1.4218273396
       -1.0836398522       -1.4120843304
       -1.0755736636       -1.4016338242
       -1.0670275155       -1.3904145765
       -1.0579321038       -1.3783636338
       -1.0482177913       -1.3654167134
       -1.0378141488       -1.3515090390
       -1.0266499458       -1.3365765610
       -1.0146534701       -1.3205575314
       -1.0017531664       -1.3033945316
       -0.9878792331       -1.2850379091
       -0.9729686923       -1.2654540166
       -0.9569816326       -1.2446481054
       -0.9399466739       -1.2227238840
       -0.9220551401       -1.2000001733
       -0.9037424553       -1.1770988900
       -0.8855627902       -1.1547644927
       -0.8679182503       -1.1335197386
       -0.8509750741       -1.1135787086
       -0.8347514478       -1.0949734619
       -0.8192054706       -1.0776714137
       -0.8042769673       -1.0616305397
       -0.7899004329       -1.0468183112
       -0.7760061115       -1.0332174532
       -0.7625165571       -1.0208288769
       -0.7493405331       -1.0096757948
       -0.7363634170       -0.9998112267
       -0.7234312315       -0.9913318247
       -0.7103220294       -0.9844040222
       -0.6966908116       -0.9793163315
       -0.6819540233       -0.9765910994
       -0.6650042101       -0.9772440354
       -0.6475808828       -0.9818634934
       -0.6324691073       -0.9884680631
       -0.6178644564       -0.9964627688
       -0.6030256125       -1.0056222659
       -0.5858673841       -1.0169356570
       -0.5668832734       -1.0298267289
       -0.5449999588       -1.0447035691
       -0.5271651229       -1.0566296360
       -0.5097692029       -1.0679932259
       -0.4922540337       -1.0791187983
       -0.4730360178       -1.0909325622
       -0.4529869233       -1.1028046020
       -0.4308268107       -1.1153872962
       -0.4102012171       -1.1265981210
       -0.3892946040       -1.1374841249
       -0.3701418279       -1.1470518095
       -0.3515996241       -1.1559638767
       -0.3323464191       -1.1648756719
       -0.3112590805       -1.1742720076
       -0.2918728310       -1.1826182774
       -0.2748525263       -1.1897619152
       -0.2590991547       -1.1962712827
       -0.2439322102       -1.2025075161
       -0.2289424935       -1.2087273383
       -0.2138041375       -1.2151984955
       -0.1982285209       -1.2222828651
       -0.1824044745       -1.2303349248
       -0.1675886480       -1.2393282414
       -0.1542566444       -1.2496059807
       -0.1424181086       -1.2617763203
       -0.1321118807       -1.2762487860
       -0.1241266863       -1.2912270553
       -0.1176816072       -1.3065568487
       -0.1121812279       -1.3223847268
       -0.1072184176       -1.3390122853
       -0.1022347966       -1.3579093611
       -0.0974128658       -1.3780488847
       -0.0926204127       -1.3994724955
       -0.0876642177       -1.4225903131
       -0.0823162824       -1.4480316772
       -0.0762555933       -1.4768030577
       -0.0688712217       -1.5109813456
       -0.0606155343       -1.5473797615
       -0.0525383019       -1.5808257285
       -0.0440610716       -1.6135759170
       -0.0353982278       -1.6446642173
       -0.0263471358       -1.6747724825
       -0.0166426715       -1.7046120268
       -0.0059316280       -1.7349204274
        0.0063913157       -1.7667683389
        0.0213037744       -1.8015067092
        0.0368225023       -1.8337496446
        0.0520121538       -1.8618176995
        0.0649433139       -1.8831567628
        0.0759469970       -1.8995207446
        0.0867866033       -1.9140482284
        0.0968368709       -1.9261149970
        0.1064405317       -1.9363948507
        0.1159350268       -1.9453752349
        0.1254089275       -1.9531965360
        0.1350259877       -1.9600222342
        0.1461199759       -1.9665930360
        0.1537692060       -1.9703747760
        0.1611542840       -1.9734969103
        0.1679184480       -1.9759384434
        0.1742541250       -1.9778933175
        0.1803371882       -1.9794931157
        0.1862795537       -1.9808151025
        0.1921538090       -1.9819066986
        0.1980113106       -1.9827987094
        0.2038917801       -1.9835117697
        0.2098285148       -1.9840596186
        0.2158516425       -1.9844508302
        0.2219906559       -1.9846896809
        0.2282769753       -1.9847764112
        0.2347473012       -1.9847069086
        0.2414489505       -1.9844715984
        0.2484497721       -1.9840528953
        0.2558594144       -1.9834193780
        0.2638825388       -1.9825108359
        0.2729492802       -1.9811961954
        0.2813865294       -1.9796811555
        0.2888498967       -1.9780859033
        0.2961948810       -1.9762574423
        0.3030200861       -1.9743015999
        0.3094012653       -1.9722210725
        0.3154546462       -1.9699932868
        0.3212721491       -1.9675885662
        0.3269259206       -1.9649710602
        0.3324786463       -1.9620954042
        0.3379920774       -1.9589010502
        0.3435354384       -1.9553027216
        0.3491976008       -1.9511721763
        0.3551121378       -1.9462973162
        0.3615293213       -1.9402651266
        0.3691720769       -1.9319063889
        0.3765017836       -1.9224801952
        0.3834465570       -1.9120454148
        0.3897992806       -1.9009956334
        0.3959530675       -1.8886828125
        0.4022704223       -1.8740905700
        0.4091746306       -1.8553816180
        0.4156097451       -1.8346430526
        0.4213856661       -1.8124152344
        0.4263295119       -1.7896242994
        0.4305736915       -1.7660517769
        0.4341695185       -1.7416879382
        0.4371387667       -1.7166819164
        0.4395143890       -1.6911499304
        0.4413426832       -1.6650752181
        0.4426713387       -1.6382890664
        0.4435391358       -1.6104657193
        0.4439696195       -1.5810719541
        0.4439649146       -1.5492329066
        0.4435113885       -1.5142277593
        0.4428316607       -1.4835127347
        0.4420540962       -1.4548721434
        0.4413183239       -1.4291548553
        0.4406896613       -1.4056777452
        0.4402147517       -1.3838512245
        0.4399404691       -1.3632925232
        0.4399202757       -1.3437457201
        0.4402191570       -1.3250243080
        0.4409200016       -1.3069792341
        0.4421330083       -1.2894798853
        0.4440101953       -1.2724012246
        0.4467678161       -1.2556152992
        0.4507181914       -1.2389914977
        0.4563002656       -1.2224212887
        0.4640564781       -1.2058871337
        0.4744627442       -1.1895257223
        0.4876177609       -1.1735758786
        0.5016388179       -1.1595432112
        0.5164914131       -1.1464371489
        0.5335188562       -1.1325931863
        0.5515236619       -1.1186421382
        0.5702182074       -1.1044625046
        0.5896874314       -1.0897372297
        0.6101658221       -1.0740918984
        0.6319698266       -1.0571026010
        0.6554985581       -1.0382583298
        0.6812704311       -1.0168933740
        0.7099484516       -0.9921161927
        0.7416067801       -0.9634232443
        0.7729766817       -0.9335106690
        0.8018991758       -0.9045695976
        0.8289198847       -0.8763293505
        0.8548945085       -0.8480970118
        0.8804793999       -0.8192928503
        0.9062494055       -0.7893809542
        0.9328774287       -0.7577304158
        0.9603991894       -0.7246540077
        0.9821037261       -0.6988571434
        1.0013187914       -0.6768989985
        1.0176136683       -0.6596389056
        1.0316566002       -0.6464927522
        1.0440143535       -0.6369578854
        1.0551013916       -0.6307012903
        1.0652611902       -0.6275070949
        1.0748058181       -0.6272884581
        1.0840269560       -0.6301249819
        1.0931909629       -0.6362760636
        1.1024887213       -0.6460752247
        1.1119734729       -0.6596240935
        1.1217372620       -0.6768099920
        1.1321903401       -0.6979505580
        1.1443705644       -0.7247677063
        1.1567838972       -0.7530978861
        1.1680596080       -0.7788199379
        1.1788940202       -0.8030709811
        1.1894960877       -0.8261513537
        1.1999611175       -0.8482195680
        1.2103345735       -0.8693820401
        1.2206416627       -0.8897319508
        1.2309013003       -0.9093636745
        1.2411339743       -0.9283792451
        1.2522912314       -0.9485419255
        1.2625624755       -0.9666447342
        1.2737187226       -0.9858853921
        1.2851854361       -1.0052869190
        1.2969106031       -1.0248245581
        1.3090656990       -1.0448598344
        1.3207496863       -1.0640134630
        1.3308793607       -1.0806230843
        1.3400516965       -1.0957395433
        1.3485956085       -1.1099532155
        1.3572531183       -1.1245647012
        1.3654348368       -1.1386566406
        1.3732460573       -1.1524758167
        1.3809474035       -1.1665942622
        1.3885529271       -1.1812316019
        1.3942282934       -1.1928105435
        1.3992406680       -1.2037265881
        1.4034705812       -1.2136850689
        1.4070426968       -1.2229090467
        1.4100416854       -1.2315701040
        1.4125139103       -1.2397749161
        1.4144912099       -1.2476201954
        1.4159949193       -1.2552166031
        1.4170293140       -1.2626909387
        1.4175728983       -1.2701876269
        1.4175673585       -1.2778768728
        1.4169012968       -1.2859633706
        1.4153974594       -1.2946561383
        1.4128606436       -1.3040169639
        1.4091744863       -1.3139426878
        1.4042067338       -1.3245440867
        1.3976604096       -1.3362357981
        1.3889971019       -1.3496699751
        1.3773360056       -1.3657747261
        1.3613783203       -1.3857537960
        1.3421475289       -1.4079478327
        1.3217870771       -1.4299721198
        1.2999870950       -1.4523246080
        1.2741293938       -1.4775335611
        1.2458551405       -1.5037477704
        1.2149939930       -1.5309688328
        1.1805570042       -1.5598225770
        1.1408597912       -1.5912888261
        1.0929644235       -1.6269294338
        1.0331969061       -1.6681621754
        0.9686379862       -1.7090120311
        0.9024716210       -1.7472325439
        0.8322484495       -1.7840607533
        0.7556292098       -1.8201556008
        0.6731990157       -1.8545278930
        0.5887686845       -1.8852200992
        0.5042287573       -1.9116090255
        0.4195211900       -1.9338806830
        0.3346034360       -1.9521692319
        0.2500504097       -1.9664788173
        0.1667934913       -1.9768517892
        0.0856381374       -1.9834707105
        0.0069785410       -1.9866304198
       -0.0691956351       -1.9866517062
       -0.1431419426       -1.9838138159
       -0.2152052356       -1.9783283636
       -0.2857063731       -1.9703434577
       -0.3548726755       -1.9599639488
       -0.4228090170       -1.9472768762
       -0.4895477653       -1.9323630373
       -0.5552284286       -1.9152608916
       -0.6204019318       -1.8958505287
       -0.6864780015       -1.8736139374
       -0.7566162294       -1.8470913738
       -0.8187491237       -1.8209834051
       -0.8777107944       -1.7938381576
       -0.9293183374       -1.7681006166
       -0.9762206323       -1.7430366208
       -1.0205911442       -1.7177943742
       -1.0633074872       -1.6920235391
       -1.1035958826       -1.6663355424
       -1.1401172750       -1.6418363823
       -1.1728620249       -1.6188452981
       -1.2025439993       -1.5971303650
       -1.2298428965       -1.5763939609
       -1.2552600288       -1.5564010049
       -1.2791603909       -1.5369730926
       -1.3018264971       -1.5179628540
       -1.3234970579       -1.4992314523
       -1.3443910464       -1.4806319282
       -1.3647064155       -1.4620102703
       -1.3845234188       -1.4432930712
       -1.4032445026       -1.4250387520
       -1.4165153361       -1.4116777367
       -1.4267486246       -1.4010417478
       -1.4357472422       -1.3913241368
       -1.4433176749       -1.3827192612
       -1.4498864934       -1.3747137608
       -1.4559353748       -1.3665736252
       -1.4605624932       -1.3594929963
       -1.4647628870       -1.3519669992
       -1.4682214568       -1.3444410970
       -1.4709780074       -1.3369733327
       -1.4730287531       -1.3299957585
       -1.4746729473       -1.3229691817
       -1.4760083280       -1.3158078115
       -1.4771932045       -1.3079085643
       -1.4782238510       -1.2997104411
       -1.4791014229       -1.2921086321
       -1.4799757190       -1.2846460776
       -1.4809852074       -1.2768212978
       -1.4822223958       -1.2686011654
       -1.4836400826       -1.2606845864
       -1.4852414421       -1.2530817385
       -1.4870774158       -1.2455187869
       -1.4892041454       -1.2377565595
       -1.4916716021       -1.2295943090
       -1.4944965583       -1.2208674741
       -1.4970943910       -1.2129598795
       -1.4989921369       -1.2066628557
       -1.4999696995       -1.2017231479
       -1.4996532008       -1.1995759977
       -1.4983010951       -1.1991151657
       -1.4956998753       -1.2003293002
       -1.4917046132       -1.2033527318
       -1.4867530312       -1.2077079439
       -1.4809909398       -1.2130675438
       -1.4745558894       -1.2191456886
       -1.4667604912       -1.2264368553
       -1.4577364231       -1.2345984728
       -1.4489676410       -1.2420971841
       -1.4399875807       -1.2491987052
       -1.4302671638       -1.2560658860
       -1.4196703602       -1.2623660204
       -1.4089215300       -1.2672421183
       -1.3984674559       -1.2702965998
       -1.3880149534       -1.2715382900
       -1.3782133724       -1.2710302497
       -1.3695552835       -1.2693016261
       -1.3613793777       -1.2666735543
       -1.3533588005       -1.2632752178
       -1.3446432454       -1.2588039787
       -1.3357252370       -1.2535400782
       -1.3265809256       -1.2475647577
       -1.3170715312       -1.2408647505
       -1.3070458883       -1.2333881885
       -1.2963548663       -1.2250634549
       -1.2848472539       -1.2158039669
       -1.2723640390       -1.2055090294
       -1.2587355573       -1.1940652867
       -1.2437852958       -1.1813529642
       -1.2273460243       -1.1672623893
       -1.2092918256       -1.1517239744
       -1.1895742661       -1.1347409426
       -1.1682292013       -1.1163951755
       -1.1453368133       -1.0968120588
       -1.1209786518       -1.0761247598
       -1.0952791918       -1.0545139977
       -1.0686862976       -1.0324461569
       -1.0424602261       -1.0110560091
       -1.0180753471       -0.9915977855
       -0.9960424040       -0.9744817153
       -0.9761747905       -0.9595426251
       -0.9581330905       -0.9465061163
       -0.9416202162       -0.9351481801
       -0.9264029631       -0.9253109378
       -0.9122945496       -0.9168890936
       -0.8991366065       -0.9098186539
       -0.8867858620       -0.9040723209
       -0.8751033595       -0.8996609470
       -0.8639431504       -0.8966413134
       -0.8531366926       -0.8951330117
       -0.8424669787       -0.8953520392
       -0.8316213615       -0.8976785101
       -0.8201114030       -0.9027876440
       -0.8072417453       -0.9117730828
       -0.7922672659       -0.9258300882
       -0.7777124447       -0.9417631635
       -0.7643002490       -0.9572398326
       -0.7508565448       -0.9728089560
       -0.7369326515       -0.9886119922
       -0.7221574968       -1.0048303054
       -0.7047565637       -1.0231164475
       -0.6852665300       -1.0425576812
       -0.6630553409       -1.0634586356
       -0.6403505299       -1.0835682311
       -0.6198573697       -1.1007339439
       -0.5996548791       -1.1168244678
       -0.5791382643       -1.1323901518
       -0.5567123456       -1.1485825981
       -0.5332134776       -1.1647015335
       -0.5073125427       -1.1815430750
       -0.4816127001       -1.1973715338
       -0.4582718532       -1.2110445776
       -0.4350950163       -1.2240094174
       -0.4126387620       -1.2360325160
       -0.3898991486       -1.2477098848
       -0.3654939802       -1.2597363988
       -0.3387125344       -1.2724012308
       -0.3145040038       -1.2834446822
       -0.2927802260       -1.2930990310
       -0.2722706607       -1.3020641656
       -0.2522137696       -1.3107741260
       -0.2321189323       -1.3195513739
       -0.2115656707       -1.3287352194
       -0.1901636150       -1.3387612360
       -0.1680502845       -1.3500120626
       -0.1466237480       -1.3623705850
       -0.1264791498       -1.3760974593
       -0.1074549307       -1.3919422701
       -0.0914113192       -1.4084181688
       -0.0783303715       -1.4246038933
       -0.0671745524       -1.4407161849
       -0.0572492643       -1.4569876730
       -0.0474173862       -1.4749154697
       -0.0381481986       -1.4933613262
       -0.0292984842       -1.5121842932
       -0.0206398328       -1.5315123518
       -0.0119623595       -1.5515252174
       -0.0030850490       -1.5723875066
        0.0061163712       -1.5941435573
        0.0155946053       -1.6164251334
        0.0250379584       -1.6382671618
        0.0341388103       -1.6588121588
        0.0428194842       -1.6778347273
        0.0511351250       -1.6954590978
        0.0591623832       -1.7118696478
        0.0669625798       -1.7272179234
        0.0745790136       -1.7416154436
        0.0820419638       -1.7551449481
        0.0893735621       -1.7678710111
        0.0965912943       -1.7798472253
        0.1037103272       -1.7911205757
        0.1048862726       -1.7929311622
