        0.0174532053       -0.0005235713
        0.0174171969       -0.0106499570
        0.0171881337       -0.0288443504
        0.0166877644       -0.0489193664
        0.0159241296       -0.0689261038
        0.0149084131       -0.0885233737
        0.0136373714       -0.1077421263
        0.0120896477       -0.1266902836
        0.0102787522       -0.1449180871
        0.0086728441       -0.1584967639
        0.0071348951       -0.1696062848
        0.0057331322       -0.1782108062
        0.0044406602       -0.1848133020
        0.0032195037       -0.1897569317
        0.0020307922       -0.1932013649
        0.0008280894       -0.1951519070
       -0.0004544174       -0.1954254751
       -0.0019150644       -0.1935113883
       -0.0033884233       -0.1894155451
       -0.0049314609       -0.1831153765
       -0.0064450194       -0.1751721176
       -0.0079410945       -0.1656990501
       -0.0094372117       -0.1545638449
       -0.0109354507       -0.1415342810
       -0.0124244703       -0.1262739937
       -0.0138812014       -0.1082503170
       -0.0152634182       -0.0865616803
       -0.0164409918       -0.0607506231
       -0.0170926891       -0.0379728030
       -0.0174018891       -0.0149818385
       -0.0173795480        0.0070594945
       -0.0170681002        0.0282470147
       -0.0164939491        0.0488104148
       -0.0156698617        0.0689175634
       -0.0145974326        0.0887080811
       -0.0132637056        0.1083467273
       -0.0116492412        0.1278661581
       -0.0100639814        0.1440347669
       -0.0085220960        0.1576049568
       -0.0071265354        0.1682938296
       -0.0058494573        0.1767755484
       -0.0046489320        0.1835342710
       -0.0034858244        0.1888169219
       -0.0023168954        0.1927037242
       -0.0010839844        0.1951158818
        0.0003019054        0.1957269203
        0.0019198374        0.1938359934
        0.0033825155        0.1900299225
        0.0049192320        0.1841811146
        0.0064648744        0.1765642711
        0.0080196873        0.1671945318
        0.0095864639        0.1559205498
        0.0111580653        0.1424762192
        0.0127172336        0.1264373147
        0.0142344989        0.1070798716
        0.0156389967        0.0833727377
        0.0165842669        0.0603589417
        0.0171650163        0.0367253137
        0.0173729397        0.0141881527
        0.0172683646       -0.0073685286
        0.0168902913       -0.0282715274
        0.0162588178       -0.0487454880
        0.0153819595       -0.0689554983
        0.0142552964       -0.0890821885
        0.0128590552       -0.1093330265
        0.0112388142       -0.1289730303
        0.0098326139       -0.1437131668
        0.0084804310       -0.1562844470
        0.0072304484       -0.1666266831
        0.0060582444       -0.1751795027
        0.0049284295       -0.1822555720
        0.0038011543       -0.1880064060
        0.0026250423       -0.1924414259
        0.0013235593       -0.1953876301
       -0.0002110853       -0.1963197812
       -0.0017157286       -0.1948754619
       -0.0033127038       -0.1911701739
       -0.0049121608       -0.1855053268
       -0.0065186270       -0.1779978524
       -0.0081428821       -0.1685610206
       -0.0097837515       -0.1569856438
       -0.0114291181       -0.1429309536
       -0.0130571668       -0.1258253220
       -0.0146266540       -0.1046894075
       -0.0159746812       -0.0794699771
       -0.0167457903       -0.0574905721
       -0.0171809741       -0.0351200736
       -0.0172876551       -0.0134050028
       -0.0171069957        0.0077111337
       -0.0166664079        0.0284289575
       -0.0159802335        0.0489238991
       -0.0150514195        0.0693810320
       -0.0138682293        0.0900513174
       -0.0124243879        0.1109237471
       -0.0110618794        0.1279018543
       -0.0097327516        0.1426434602
       -0.0085115510        0.1548620283
       -0.0073748574        0.1651326539
       -0.0062859846        0.1738889515
       -0.0052065077        0.1813635773
       -0.0040898547        0.1876409025
       -0.0028695966        0.1926584723
       -0.0014428862        0.1961008711
        0.0002324858        0.1971528031
        0.0017460948        0.1957585578
        0.0033522849        0.1922230219
        0.0049916886        0.1866757564
        0.0066604964        0.1791243062
        0.0083576885        0.1694288214
        0.0100743740        0.1573187225
        0.0117935826        0.1423359614
        0.0134875308        0.1236726029
        0.0150695417        0.1003681728
        0.0161123780        0.0785108144
        0.0168026726        0.0558822405
        0.0171296162        0.0339606724
        0.0171484682        0.0126996476
        0.0168975142       -0.0081575863
        0.0163980130       -0.0288180383
        0.0156593976       -0.0494737961
        0.0146783887       -0.0703777227
        0.0134397535       -0.0918028669
        0.0120329125       -0.1124431829
        0.0108310380       -0.1280752950
        0.0096711968       -0.1418380085
        0.0085833963       -0.1536826490
        0.0075441316       -0.1639929079
        0.0065189269       -0.1730516875
        0.0054653215       -0.1810049141
        0.0043246045       -0.1878724308
        0.0030057044       -0.1934954099
        0.0014063828       -0.1972570875
       -0.0001156986       -0.1982082093
       -0.0017499023       -0.1968768264
       -0.0034197050       -0.1933704164
       -0.0051232296       -0.1877763214
       -0.0068644670       -0.1800170243
       -0.0086386961       -0.1698806008
       -0.0104329190       -0.1569965424
       -0.0122266055       -0.1407151840
       -0.0139741145       -0.1199595220
       -0.0153042997       -0.0983180603
       -0.0162631710       -0.0754438616
       -0.0168106213       -0.0533691983
       -0.0170222209       -0.0320571540
       -0.0169511268       -0.0111698553
       -0.0166265090        0.0095430002
       -0.0160636310        0.0302851362
       -0.0152661537        0.0513037371
       -0.0142237144        0.0729455831
       -0.0129600479        0.0948498137
       -0.0118254621        0.1121731566
       -0.0107177252        0.1276324900
       -0.0096829110        0.1410084209
       -0.0086998800        0.1527698306
       -0.0077351414        0.1632851713
       -0.0067489798        0.1727652829
       -0.0056885219        0.1812977477
       -0.0044736693        0.1888358117
       -0.0029880341        0.1950122320
       -0.0014665232        0.1983995736
        0.0001889915        0.1993580914
        0.0018811413        0.1979253764
        0.0036096606        0.1942877415
        0.0053840310        0.1884399002
        0.0072036610        0.1802230209
        0.0090588295        0.1693312685
        0.0109333246        0.1552293861
        0.0127991742        0.1369619526
        0.0145123197        0.1140593838
        0.0155943613        0.0934900614
        0.0163408628        0.0720759948
        0.0167447982        0.0509755359
        0.0168534328        0.0301924422
        0.0167016213        0.0095376701
        0.0163102051       -0.0111826410
        0.0156889431       -0.0322030648
        0.0148347693       -0.0538753482
        0.0137454081       -0.0763833211
        0.0126879921       -0.0953808115
        0.0116399267       -0.1125271357
        0.0106653177       -0.1273657859
        0.0097454389       -0.1404716242
        0.0088472248       -0.1523169073
        0.0079330014       -0.1631811179
        0.0069543985       -0.1732112618
        0.0058401580       -0.1824436587
        0.0044789075       -0.1907044775
        0.0028314282       -0.1969644198
        0.0012923591       -0.1998900239
       -0.0003736383       -0.2005344177
       -0.0021070807       -0.1988812006
       -0.0039013841       -0.1949572936
       -0.0057542536       -0.1886546180
       -0.0076575883       -0.1797218409
       -0.0095979971       -0.1677102089
       -0.0115561371       -0.1518077394
       -0.0134533747       -0.1309854333
       -0.0147667222       -0.1110038095
       -0.0157347149       -0.0898221542
       -0.0163307175       -0.0689126597
       -0.0166132322       -0.0483143570
       -0.0166265358       -0.0278166748
       -0.0163974428       -0.0072162910
       -0.0159410132        0.0137137425
       -0.0152608703        0.0353106179
       -0.0143511879        0.0579748567
       -0.0132983736        0.0802219874
       -0.0123895105        0.0975688266
       -0.0115023645        0.1134126115
       -0.0106571684        0.1276543510
       -0.0098321608        0.1406689727
       -0.0089937200        0.1527602828
       -0.0080972546        0.1641193192
       -0.0070779034        0.1748441356
       -0.0058328351        0.1848914183
       -0.0042708452        0.1935156738
       -0.0027592265        0.1985953233
       -0.0011013092        0.2013351443
        0.0006333492        0.2016564170
        0.0024382768        0.1996403244
        0.0043135872        0.1952281100
        0.0062534747        0.1882133078
        0.0082468835        0.1782117312
        0.0102792801        0.1645295278
        0.0123079819        0.1460363900
        0.0138458275        0.1268038661
        0.0150297544        0.1059888645
        0.0158082223        0.0853891505
        0.0162529881        0.0650862013
        0.0164191279        0.0448468000
        0.0163395675        0.0244572081
        0.0160340078        0.0036955737
        0.0155115548       -0.0177597169
        0.0147700793       -0.0403778655
        0.0138529222       -0.0634796715
        0.0130353857       -0.0818814206
        0.0122291389       -0.0988530241
        0.0114621145       -0.1141655726
        0.0107153449       -0.1282400317
        0.0099572610       -0.1414354914
        0.0091462254       -0.1539895527
        0.0082225626       -0.1660528383
        0.0070919864       -0.1776793408
        0.0056385540       -0.1884110619
        0.0041662345       -0.1956279895
        0.0025275537       -0.2004625131
        0.0008022990       -0.2027455379
       -0.0010027105       -0.2026168073
       -0.0028897859       -0.2000697940
       -0.0048552041       -0.1949386169
       -0.0068898666       -0.1868894347
       -0.0089823538       -0.1753196881
       -0.0111088185       -0.1591591786
       -0.0128600218       -0.1408592259
       -0.0141453271       -0.1223996189
       -0.0151097014       -0.1027561631
       -0.0157386707       -0.0829794508
       -0.0160783704       -0.0631376406
       -0.0161660172       -0.0430885291
       -0.0160263010       -0.0226380138
       -0.0156740386       -0.0014987247
       -0.0151134040        0.0207961092
       -0.0143579936        0.0443387532
       -0.0136357605        0.0639624493
       -0.0129114374        0.0822177836
       -0.0122247443        0.0986598115
       -0.0115604671        0.1137835903
       -0.0108895125        0.1280307498
       -0.0101739256        0.1416971289
       -0.0093604430        0.1549860685
       -0.0083662980        0.1680356448
       -0.0070680542        0.1807039793
       -0.0056545460        0.1903387015
       -0.0040499890        0.1975462516
       -0.0023503823        0.2020063612
       -0.0005633331        0.2039537025
        0.0013168325        0.2034621814
        0.0032892396        0.2004200396
        0.0053469340        0.1945506033
        0.0074808249        0.1853493703
        0.0096790449        0.1718906245
        0.0118146715        0.1533986797
        0.0132639863        0.1358779432
        0.0143903718        0.1169178532
        0.0151667817        0.0976999455
        0.0156447126        0.0783337426
        0.0158667189        0.0586882907
        0.0158614101        0.0385794631
        0.0156475470        0.0177351856
        0.0152344186       -0.0043011622
        0.0146308063       -0.0278900743
        0.0140156096       -0.0482836101
        0.0133879219       -0.0674158440
        0.0127921933       -0.0846754000
        0.0122162746       -0.1006019007
        0.0116331599       -0.1156934854
        0.0110070917       -0.1302872974
        0.0102878736       -0.1446254281
        0.0093979108       -0.1589018055
        0.0082160498       -0.1731202922
        0.0068643400       -0.1846931815
        0.0053014221       -0.1938491699
        0.0036306850       -0.2001222355
        0.0018616562       -0.2038041454
       -0.0000123358       -0.2050234951
       -0.0019917413       -0.2037015435
       -0.0040709845       -0.1995897231
       -0.0062428095       -0.1922263316
       -0.0085005029       -0.1807612258
       -0.0107559485       -0.1641762584
       -0.0123486836       -0.1477312202
       -0.0136197592       -0.1295987547
       -0.0145289921       -0.1110596236
       -0.0151323051       -0.0922685264
       -0.0154769745       -0.0731115425
       -0.0155950179       -0.0534164756
       -0.0155085112       -0.0329242441
       -0.0152311564       -0.0111887631
       -0.0147726468        0.0122876900
       -0.0142704841        0.0332248371
       -0.0137470102        0.0530302101
       -0.0132482361        0.0709425730
       -0.0127650875        0.0875323489
       -0.0122728424        0.1033434243
       -0.0117377318        0.1187475005
       -0.0111118687        0.1340202141
       -0.0103211921        0.1494033293
       -0.0092474758        0.1650065960
       -0.0079661764        0.1783154313
       -0.0064553363        0.1892512890
       -0.0048218632        0.1972047500
       -0.0030777258        0.2025089266
       -0.0012162559        0.2053378646
        0.0007637374        0.2056396171
        0.0028577919        0.2031861381
        0.0050603610        0.1975445593
        0.0073686908        0.1879177696
        0.0097177674        0.1731945789
        0.0114287299        0.1579266818
        0.0128220849        0.1407540474
        0.0138462656        0.1230060948
        0.0145601489        0.1048817422
        0.0150145989        0.0862900127
        0.0152443469        0.0670728621
        0.0152742028        0.0469817102
        0.0151216391        0.0255761605
        0.0147994730        0.0022865049
        0.0144140755       -0.0189482001
        0.0140008336       -0.0392000875
        0.0136039096       -0.0575932053
        0.0132171275       -0.0747101577
        0.0128182196       -0.0911245952
        0.0123752375       -0.1072342125
        0.0118419905       -0.1233435017
        0.0111466084       -0.1397376057
        0.0101728810       -0.1566074253
        0.0088559616       -0.1725738956
        0.0074994661       -0.1840872035
        0.0059422275       -0.1933776638
        0.0042385178       -0.2001801852
        0.0023986455       -0.2045457496
        0.0004258036       -0.2064141947
       -0.0016753753       -0.2055694572
       -0.0039007823       -0.2016005514
       -0.0062511429       -0.1937521788
       -0.0086772186       -0.1808792826
       -0.0104886084       -0.1668839203
       -0.0119886007       -0.1507888762
       -0.0131156331       -0.1339363030
       -0.0139303905       -0.1165686451
       -0.0144864443       -0.0986225177
       -0.0148207292       -0.0799564893
       -0.0149604221       -0.0603323897
       -0.0149264076       -0.0393139354
       -0.0147353502       -0.0162848739
       -0.0144684891        0.0050692894
       -0.0141689553        0.0256008865
       -0.0138770103        0.0443427281
       -0.0135892738        0.0618773576
       -0.0132861012        0.0787975131
       -0.0129373808        0.0955212004
       -0.0124984526        0.1123787265
       -0.0118991967        0.1296962706
       -0.0110250211        0.1477361788
       -0.0098006045        0.1651477599
       -0.0085083857        0.1780162173
       -0.0070028809        0.1887198967
       -0.0053376246        0.1969524795
       -0.0035234859        0.2027728967
       -0.0015635562        0.2061335415
        0.0005383803        0.2068301892
        0.0027799181        0.2044683785
        0.0051651679        0.1983237819
        0.0076545590        0.1872475871
        0.0095455429        0.1745926594
        0.0111334865        0.1596747537
        0.0123492444        0.1438097187
        0.0132538452        0.1272797466
        0.0139024051        0.1100524058
        0.0143334477        0.0920045174
        0.0145761532        0.0729074254
        0.0146545308        0.0523257939
        0.0145893995        0.0296113983
        0.0144411878        0.0083172485
        0.0142573897       -0.0123223109
        0.0140725464       -0.0312798740
        0.0138857941       -0.0491251027
        0.0136801488       -0.0664575432
        0.0134272911       -0.0837091967
        0.0130839114       -0.1012332499
        0.0125812238       -0.1193954324
        0.0118057165       -0.1385214075
        0.0106755687       -0.1572375337
        0.0094515538       -0.1713357197
        0.0080028866       -0.1833392974
        0.0063815160       -0.1929080510
        0.0045988255       -0.2001051887
        0.0026579036       -0.2048924910
        0.0005617166       -0.2070753619
       -0.0016891044       -0.2062729643
       -0.0041020581       -0.2017861352
       -0.0066432383       -0.1924758835
       -0.0085959818       -0.1812137470
       -0.0102557412       -0.1675541754
       -0.0115480689       -0.1527575530
       -0.0125331273       -0.1371409263
       -0.0132665752       -0.1207042074
       -0.0137880035       -0.1033433129
       -0.0141283166       -0.0848385506
       -0.0143144815       -0.0647535847
       -0.0143716050       -0.0424157075
       -0.0143410137       -0.0213296253
       -0.0142735107       -0.0007265225
       -0.0141968336        0.0183309031
       -0.0141123441        0.0363902130
       -0.0140056847        0.0540483036
       -0.0138503051        0.0717461626
       -0.0136041928        0.0898574376
       -0.0131997586        0.1087862459
       -0.0125243543        0.1289165317
       -0.0114913322        0.1488174547
       -0.0103397136        0.1640385598
       -0.0089530413        0.1772454358
       -0.0073812276        0.1880702339
       -0.0056361269        0.1965785865
       -0.0037208641        0.2027402110
       -0.0016375905        0.2063697267
        0.0006148891        0.2070997744
        0.0030474519        0.2042556049
        0.0056294248        0.1967154531
        0.0076302915        0.1868925211
        0.0093494610        0.1745598704
        0.0107088540        0.1609050555
        0.0117669837        0.1462753125
        0.0125793550        0.1307027300
        0.0131862488        0.1141026124
        0.0136200979        0.0962643323
        0.0139107409        0.0767505214
        0.0140876512        0.0548684812
        0.0141731023        0.0341068075
        0.0142214930        0.0136553828
        0.0142532856       -0.0054031877
        0.0142718451       -0.0235889476
        0.0142653951       -0.0414901776
        0.0142091815       -0.0595533207
        0.0140625685       -0.0781703301
        0.0137593050       -0.0977821508
        0.0131877735       -0.1188284707
        0.0122564031       -0.1398125052
        0.0111821950       -0.1560695840
        0.0098632308       -0.1704019150
        0.0083473010       -0.1824175541
        0.0066467340       -0.1921845189
        0.0047647088       -0.1996808823
        0.0027025719       -0.2047318277
        0.0004573173       -0.2069857700
       -0.0019851895       -0.2057960888
       -0.0045965452       -0.2000638885
       -0.0066361390       -0.1917299728
       -0.0084061826       -0.1807882445
       -0.0098258074       -0.1683463456
       -0.0109515337       -0.1547784286
       -0.0118383529       -0.1401479167
       -0.0125270081       -0.1243897170
       -0.0130513248       -0.1073033348
       -0.0134439556       -0.0884526867
       -0.0137388007       -0.0671284116
       -0.0139386656       -0.0467814214
       -0.0141021116       -0.0265717527
       -0.0142422293       -0.0075968541
       -0.0143642879        0.0106335234
       -0.0144591020        0.0286963113
       -0.0145038173        0.0470411227
       -0.0144593870        0.0660759421
       -0.0142613007        0.0862758879
       -0.0137995434        0.1081362924
       -0.0129762735        0.1301174246
       -0.0119857254        0.1473414604
       -0.0107411409        0.1627390605
       -0.0092883894        0.1758938864
       -0.0076403596        0.1868778228
       -0.0058003234        0.1956794694
       -0.0037688754        0.2021374686
       -0.0015413251        0.2059202736
        0.0008994240        0.2064166691
        0.0035278870        0.2025569941
        0.0056005079        0.1957729614
        0.0074163547        0.1862894061
        0.0088917322        0.1751343182
        0.0100811928        0.1627077209
        0.0110391582        0.1491038002
        0.0118067330        0.1342777002
        0.0124190288        0.1180413395
        0.0129114222        0.0999648236
        0.0133222915        0.0793254348
        0.0136352742        0.0594652627
        0.0139129538        0.0395687693
        0.0141610701        0.0207529473
        0.0143868575        0.0025574549
        0.0145838439       -0.0155831440
        0.0147312720       -0.0341202136
        0.0147920184       -0.0534750004
        0.0147039403       -0.0741524420
        0.0143596192       -0.0967054708
        0.0136529841       -0.1196098815
        0.0127538626       -0.1377465981
        0.0115915769       -0.1541644585
        0.0102104703       -0.1684177813
        0.0086241887       -0.1805849367
        0.0068361934       -0.1906687323
        0.0048464534       -0.1985253792
        0.0026488583       -0.2038489660
        0.0002238483       -0.2060733147
       -0.0024082491       -0.2041679995
       -0.0045111063       -0.1990111735
       -0.0063705072       -0.1910625169
       -0.0078990263       -0.1812748237
       -0.0091495522       -0.1700757285
       -0.0101761337       -0.1575906602
       -0.0110202343       -0.1437964197
       -0.0117181390       -0.1285208885
       -0.0123077689       -0.1113477637
       -0.0128320050       -0.0915459671
       -0.0132574270       -0.0722351457
       -0.0136489021       -0.0527117496
       -0.0140047120       -0.0341256821
       -0.0143343007       -0.0160454896
       -0.0146341834        0.0020845058
       -0.0148859977        0.0207165187
       -0.0150549705        0.0402815610
       -0.0150821041        0.0613079568
       -0.0148639829        0.0844083713
       -0.0142846307        0.1081670149
       -0.0134863043        0.1271729249
       -0.0124155906        0.1445777261
       -0.0111157946        0.1598961669
       -0.0096016468        0.1732164660
       -0.0078769806        0.1845605218
       -0.0059413553        0.1938069967
       -0.0037876468        0.2006817201
       -0.0013945343        0.2046739243
        0.0012260060        0.2048093013
        0.0033582555        0.2013757063
        0.0052609544        0.1950516050
        0.0068412135        0.1867202413
        0.0081507648        0.1768417244
        0.0092436890        0.1655747970
        0.0101618772        0.1529202568
        0.0109426464        0.1387264988
        0.0116261514        0.1226000563
        0.0122596950        0.1038107426
        0.0127976693        0.0851110404
        0.0133031537        0.0660166150
        0.0137665083        0.0477307035
        0.0141998148        0.0298496632
        0.0146030273        0.0118246246
        0.0149605628       -0.0067968560
        0.0152404621       -0.0264513775
        0.0153876768       -0.0476822523
        0.0153044922       -0.0711603812
        0.0148647806       -0.0956949818
        0.0141779535       -0.1155323093
        0.0132092197       -0.1338974455
        0.0120013037       -0.1502497796
        0.0105704901       -0.1646910823
        0.0089212701       -0.1772680399
        0.0070530971       -0.1878868707
        0.0049583468       -0.1963107751
        0.0026148079       -0.2020934721
        0.0000233524       -0.2043412870
       -0.0021381287       -0.2027426899
       -0.0040847205       -0.1981447123
       -0.0057155919       -0.1913648755
       -0.0070819654       -0.1829038112
       -0.0082385260       -0.1729574905
       -0.0092277162       -0.1615538112
       -0.0100877092       -0.1485665520
       -0.0108604505       -0.1336347267
       -0.0115973343       -0.1160443593
       -0.0122487322       -0.0980262722
       -0.0128190474       -0.0809612638
       -0.0133795429       -0.0634439881
       -0.0139162299       -0.0459540819
       -0.0144259343       -0.0282077480
       -0.0148959113       -0.0098134775
       -0.0152990008        0.0096468782
       -0.0155878287        0.0306990900
       -0.0156782478        0.0540581147
       -0.0154359379        0.0793039662
       -0.0149077541        0.1002113398
       -0.0140828333        0.1198147138
       -0.0130060239        0.1374171923
       -0.0116974906        0.1531592613
       -0.0101633696        0.1671449352
       -0.0084039080        0.1793315000
       -0.0064127050        0.1895412068
       -0.0041697932        0.1974270095
       -0.0016543553        0.2022754318
        0.0005873120        0.2030904007
        0.0026310806        0.2006476822
        0.0043485569        0.1957408061
        0.0057957183        0.1889780420
        0.0070329317        0.1806233961
        0.0081050542        0.1707510937
        0.0090510693        0.1592834481
        0.0099132860        0.1459318924
        0.0107452012        0.1300596110
        0.0115806856        0.1114214072
        0.0122550585        0.0949880744
        0.0129213544        0.0779525273
        0.0135613040        0.0608646561
        0.0141745743        0.0434585608
        0.0147521257        0.0253471319
        0.0152708381        0.0061183834
        0.0156890549       -0.0147418713
        0.0159327845       -0.0379609040
        0.0158707084       -0.0635931710
        0.0154919139       -0.0853558989
        0.0148037411       -0.1059816889
        0.0138511945       -0.1246251932
        0.0126584239       -0.1414575662
        0.0112335678       -0.1566327475
        0.0095777983       -0.1701517099
        0.0076856338       -0.1818845678
        0.0055388019       -0.1915586659
        0.0031091198       -0.1986052987
        0.0008265675       -0.2016886685
       -0.0012770773       -0.2013317253
       -0.0030508833       -0.1982512120
       -0.0045536086       -0.1931503834
       -0.0058497940       -0.1863581582
       -0.0069860320       -0.1779892319
       -0.0080019206       -0.1680029581
       -0.0089402243       -0.1561618845
       -0.0098559988       -0.1418997269
       -0.0107973969       -0.1246790686
       -0.0115759780       -0.1089936813
       -0.0123488124       -0.0925383145
       -0.0130916469       -0.0759580809
       -0.0138074831       -0.0590094511
       -0.0144916105       -0.0413104382
       -0.0151253384       -0.0224587926
       -0.0156729480       -0.0019609993
       -0.0160710981        0.0208948388
       -0.0161999746        0.0465814802
       -0.0159874299        0.0691975336
       -0.0154511577        0.0908645580
       -0.0146357437        0.1105287221
       -0.0135709850        0.1284009506
       -0.0122679644        0.1446992819
       -0.0107293219        0.1594754773
       -0.0089509938        0.1726492916
       -0.0069171838        0.1840189698
       -0.0045969467        0.1931592467
       -0.0021087881        0.1989344822
       -0.0001484258        0.2005420687
        0.0016366514        0.1994909142
        0.0031889125        0.1962455725
        0.0045439392        0.1911862459
        0.0057433548        0.1844864035
        0.0068259534        0.1761558114
        0.0078339078        0.1660217195
        0.0088217787        0.1536184581
        0.0098521688        0.1382255023
        0.0107403630        0.1233926119
        0.0116247626        0.1075966446
        0.0124720144        0.0916316340
        0.0132899917        0.0752786652
        0.0140799186        0.0581556473
        0.0148285268        0.0398715826
        0.0155066777        0.0199642547
        0.0160624477       -0.0022297134
        0.0163961060       -0.0274781654
        0.0163799566       -0.0510518375
        0.0160214272       -0.0739050413
        0.0153634627       -0.0946487157
        0.0144449906       -0.1135554075
        0.0132817890       -0.1309395020
        0.0118787805       -0.1469193310
        0.0102339602       -0.1614694300
        0.0083349288       -0.1744564703
        0.0061523321       -0.1855905191
        0.0037240532       -0.1939972931
        0.0017188656       -0.1979586608
       -0.0001274113       -0.1990896612
       -0.0017379519       -0.1978176966
       -0.0031498437       -0.1946040602
       -0.0044072992       -0.1896853762
       -0.0055497872       -0.1831240144
       -0.0066186981       -0.1748131705
       -0.0076666937       -0.1643954340
       -0.0087637158       -0.1511515812
       -0.0097680486       -0.1373044401
       -0.0107705431       -0.1222628922
       -0.0117239215       -0.1070168437
       -0.0126424815       -0.0913776125
       -0.0135350400       -0.0749568578
       -0.0143943666       -0.0573722852
       -0.0151976540       -0.0381937313
       -0.0159029853       -0.0168194626
       -0.0164314421        0.0076070538
       -0.0166298298        0.0342173116
       -0.0164618154        0.0563672266
       -0.0159823094        0.0776867445
       -0.0152249239        0.0974685524
       -0.0142131733        0.1158323517
       -0.0129567139        0.1329034411
       -0.0114565735        0.1486993959
       -0.0097041148        0.1631458138
       -0.0076744992        0.1760611060
       -0.0053582271        0.1868755354
       -0.0033132321        0.1933492741
       -0.0014081995        0.1968012393
        0.0002543668        0.1975899915
        0.0017143378        0.1962852932
        0.0030200496        0.1932027889
        0.0042122392        0.1884613619
        0.0053315750        0.1820160682
        0.0064283395        0.1736076938
        0.0075729833        0.1626247712
        0.0087938251        0.1487826225
        0.0098120221        0.1359385037
        0.0108432538        0.1219417420
        0.0118539226        0.1072486422
        0.0128442674        0.0916903146
        0.0138094861        0.0749532760
        0.0147321319        0.0566534927
        0.0155789319        0.0362595433
        0.0162893137        0.0129557592
        0.0167334494       -0.0135250131
        0.0167799418       -0.0364535125
        0.0164978354       -0.0587913517
        0.0159196761       -0.0795384982
        0.0150770788       -0.0988562984
        0.0139846386       -0.1169478262
        0.0126467463       -0.1338918768
        0.0110588747       -0.1496717958
        0.0092024696       -0.1641933447
        0.0070487221       -0.1771550122
        0.0049609014       -0.1864431133
        0.0029888527       -0.1924672055
        0.0012739164       -0.1954575894
       -0.0002287858       -0.1961493857
       -0.0015748939       -0.1949714558
       -0.0028077063       -0.1921108056
       -0.0039674505       -0.1875846898
       -0.0051017291       -0.1812241224
       -0.0062774551       -0.1725597439
       -0.0075620823       -0.1609225355
       -0.0086762920       -0.1493429829
       -0.0098093707       -0.1364135057
       -0.0109159922       -0.1227270181
       -0.0120013156       -0.1081573083
       -0.0130671774       -0.0924099276
       -0.0141023553       -0.0751338743
       -0.0150813158       -0.0558644692
       -0.0159581752       -0.0338856696
       -0.0166372845       -0.0083644564
       -0.0169237845        0.0153902286
       -0.0168605423        0.0388400385
       -0.0164750146        0.0605542851
       -0.0158111093        0.0807539062
       -0.0148906973        0.0997502643
       -0.0137223311        0.1176953032
       -0.0123055835        0.1346278691
       -0.0106281674        0.1505198624
       -0.0086610620        0.1652421893
       -0.0064569415        0.1779214888
       -0.0046141320        0.1858506908
       -0.0028918990        0.1911233464
       -0.0013552384        0.1939693203
        0.0000271418        0.1948322794
        0.0012951249        0.1939708238
        0.0024874869        0.1914718179
        0.0036485023        0.1872563718
        0.0048386984        0.1810072906
        0.0061414069        0.1720465060
        0.0073618194        0.1619400970
        0.0086073337        0.1502258284
        0.0098125241        0.1376899163
        0.0109898786        0.1242636689
        0.0121506443        0.1096666939
        0.0132908961        0.0935758466
        0.0143923905        0.0755880496
        0.0154208410        0.0551030530
        0.0163103926        0.0312014976
        0.0168996490        0.0044278328
        0.0170515263       -0.0181864311
        0.0168801141       -0.0403733872
        0.0164121686       -0.0613065526
        0.0156769847       -0.0811012481
        0.0146893652       -0.0999229222
        0.0134537225       -0.1178536881
        0.0119639492       -0.1349165575
        0.0101978919       -0.1510874687
        0.0081436375       -0.1660064254
        0.0062759708       -0.1766813853
        0.0045071676       -0.1845067476
        0.0029345398       -0.1895885196
        0.0015242441       -0.1925130348
        0.0002319074       -0.1936477172
       -0.0009820563       -0.1931546571
       -0.0021595885       -0.1910331953
       -0.0033553001       -0.1870891370
       -0.0046496042       -0.1808072124
       -0.0060853977       -0.1716643751
       -0.0073177911       -0.1622917147
       -0.0085855625       -0.1513767419
       -0.0098427259       -0.1393169848
       -0.0110899341       -0.1260187683
       -0.0123258996       -0.1112328760
       -0.0135380170       -0.0946199844
       -0.0147006072       -0.0756845590
       -0.0157675003       -0.0536241148
       -0.0166286819       -0.0277567518
       -0.0170434351       -0.0045115190
       -0.0171143218        0.0186184366
       -0.0168615444        0.0403812766
       -0.0163266831        0.0609318216
       -0.0155326726        0.0805282470
       -0.0144893049        0.0993170582
       -0.0131963814        0.1173691205
       -0.0116403235        0.1347241167
       -0.0097938439        0.1513203493
       -0.0077682216        0.1659120508
       -0.0060958455        0.1756020983
       -0.0045243343        0.1828878570
       -0.0030988007        0.1879214412
       -0.0017913067        0.1910854349
       -0.0005651329        0.1926115948
        0.0006191091        0.1925736213
        0.0018104955        0.1908813111
        0.0030803612        0.1871971814
        0.0045172782        0.1808425474
        0.0058321945        0.1732722864
        0.0071929906        0.1639305603
        0.0085345403        0.1533461260
        0.0098632716        0.1414950894
        0.0111862512        0.1281650196
        0.0124978381        0.1130645326
        0.0137797875        0.0957863634
        0.0149991339        0.0756832165
        0.0160885186        0.0517789063
        0.0168015079        0.0278157113
        0.0171437494        0.0035642303
        0.0171192878       -0.0190714261
        0.0167898742       -0.0403104054
        0.0161910757       -0.0605558984
        0.0153393452       -0.0800405590
        0.0142400079       -0.0988846933
        0.0128870278       -0.1171701040
        0.0112580667       -0.1349613786
        0.0093635823       -0.1518058760
        0.0076892246       -0.1640903045
        0.0060955965       -0.1738293474
        0.0046556563       -0.1810425072
        0.0033408851       -0.1862391268
        0.0021121780       -0.1897567462
        0.0009308854       -0.1917483039
       -0.0002478230       -0.1922113818
       -0.0014861594       -0.1909520270
       -0.0028767774       -0.1874505210
       -0.0042800262       -0.1819123010
       -0.0056203424       -0.1750084383
       -0.0070140539       -0.1663543968
       -0.0084111862       -0.1562435409
       -0.0098102247       -0.1446154404
       -0.0112093355       -0.1312580375
       -0.0125967019       -0.1158510858
       -0.0139490795       -0.0978989754
       -0.0152251122       -0.0765723972
       -0.0163144254       -0.0511776599
       -0.0169173146       -0.0283248732
       -0.0171751674       -0.0053264781
       -0.0170999984        0.0165503178
       -0.0167361784        0.0374245994
       -0.0161104653        0.0575474952
       -0.0152356141        0.0770843645
       -0.0141137254        0.0961496282
       -0.0127333463        0.1148598321
       -0.0110711591        0.1332546736
       -0.0092473115        0.1499428834
       -0.0077301606        0.1616715746
       -0.0062935973        0.1711831894
       -0.0049746121        0.1785624734
       -0.0037469233        0.1841784996
       -0.0025749069        0.1882688476
       -0.0014181194        0.1909211424
       -0.0002237734        0.1920689762
        0.0010872463        0.1914142788
        0.0026074705        0.1883021309
        0.0040076629        0.1834860234
        0.0054750046        0.1767141242
        0.0069405483        0.1683567974
        0.0084074685        0.1584318812
        0.0098814560        0.1467784624
        0.0113569980        0.1331346789
        0.0128174751        0.1171042599
        0.0142337891        0.0980318147
        0.0155442342        0.0749047013
        0.0164579087        0.0516076319
        0.0170008137        0.0277256706
        0.0171636378        0.0051801048
        0.0170119339       -0.0161895350
        0.0165865728       -0.0367635135
        0.0159079045       -0.0567818824
        0.0149841949       -0.0763960424
        0.0138120806       -0.0957471616
        0.0123725276       -0.1149977368
        0.0106831536       -0.1337192150
        0.0091874118       -0.1478516126
        0.0077530506       -0.1596703791
        0.0064423709       -0.1691040837
        0.0052297535       -0.1766413928
        0.0040784693       -0.1826258115
        0.0029498248       -0.1872250617
        0.0017965513       -0.1904603566
        0.0005507479       -0.1921774816
       -0.0008890619       -0.1919090488
       -0.0023497945       -0.1894238606
       -0.0038952516       -0.1847215456
       -0.0054272657       -0.1782298086
       -0.0069546358       -0.1700787980
       -0.0084928046       -0.1601686820
       -0.0100431255       -0.1482880820
       -0.0115945290       -0.1341136621
       -0.0131253515       -0.1171231891
       -0.0145966283       -0.0964224871
       -0.0158801195       -0.0715141226
       -0.0166234614       -0.0494031050
       -0.0170268484       -0.0269413919
       -0.0170969387       -0.0052994336
       -0.0168775503        0.0155960093
       -0.0163971887        0.0359653912
       -0.0156706325        0.0559798988
       -0.0147016633        0.0757945787
       -0.0134802066        0.0956063314
       -0.0119904030        0.1154992773
       -0.0105259321        0.1321608205
       -0.0090985006        0.1463994339
       -0.0078038287        0.1578791199
       -0.0066160466        0.1672575208
       -0.0054951944        0.1750212131
       -0.0044028269        0.1814268079
       -0.0032953974        0.1865709181
       -0.0021134802        0.1904029663
       -0.0007655353        0.1926445515
        0.0008279186        0.1926028697
        0.0022851676        0.1903758307
        0.0038299971        0.1860781675
        0.0053974318        0.1799083435
        0.0069860533        0.1718907976
        0.0085977025        0.1618923913
        0.0102251863        0.1496606330
        0.0118521741        0.1347825660
        0.0134516962        0.1165458956
        0.0149574615        0.0939119767
        0.0160002406        0.0717322119
        0.0166820033        0.0487742495
        0.0169874312        0.0267555243
        0.0169785453        0.0055950059
        0.0166969902       -0.0150154718
        0.0161651389       -0.0352970906
        0.0153932438       -0.0554236125
        0.0143796422       -0.0755985762
        0.0131083396       -0.0960741646
        0.0116247892       -0.1161537720
        0.0103352902       -0.1314304810
        0.0090933471       -0.1446940525
        0.0079430619       -0.1558514213
        0.0068610317       -0.1653360087
        0.0058127549       -0.1734670651
        0.0047584056       -0.1804104240
        0.0036457532       -0.1862001860
        0.0023962617       -0.1907062965
        0.0008999091       -0.1934532105
       -0.0005817504       -0.1936997215
       -0.0021712899       -0.1916831925
       -0.0037802029       -0.1875934799
       -0.0054103675       -0.1815574846
       -0.0070707944       -0.1735121544
       -0.0087597457       -0.1632643841
       -0.0104655566       -0.1504846392
       -0.0121681666       -0.1346122540
       -0.0138302915       -0.1146759319
       -0.0152892715       -0.0905553566
       -0.0161549786       -0.0693769792
       -0.0166882253       -0.0476631619
       -0.0168922589       -0.0264651950
       -0.0168094740       -0.0057505563
       -0.0164693661        0.0146699928
       -0.0158884601        0.0349736130
       -0.0150722839        0.0553603873
       -0.0140126684        0.0761151581
       -0.0127069553        0.0972766816
       -0.0114730687        0.1146548328
       -0.0102669144        0.1299773647
       -0.0091567199        0.1429159890
       -0.0081207134        0.1540319845
       -0.0071238443        0.1637624504
       -0.0061281864        0.1723524283
       -0.0050866902        0.1799080983
       -0.0039313866        0.1864047220
       -0.0025567557        0.1915846011
       -0.0009230656        0.1945737287
        0.0005739081        0.1948265563
        0.0021775293        0.1929267392
        0.0038295857        0.1889382409
        0.0055248755        0.1828717296
        0.0072614864        0.1745990812
        0.0090305612        0.1638588263
        0.0108162981        0.1502006503
        0.0125938937        0.1328239022
        0.0142795890        0.1107581836
        0.0154146131        0.0898923670
        0.0162023886        0.0681025706
        0.0166263251        0.0468453357
        0.0167424260        0.0261097742
        0.0165909979        0.0056626734
        0.0161954173       -0.0146962983
        0.0155675003       -0.0351670247
        0.0147071459       -0.0560272937
        0.0136036096       -0.0775946556
        0.0123449770       -0.0985450503
        0.0112693367       -0.1145936283
        0.0102300962       -0.1289401397
        0.0092532806       -0.1415154789
        0.0083161970       -0.1526974333
        0.0073850297       -0.1627759600
        0.0064170582       -0.1719148262
        0.0053522151       -0.1801662487
        0.0040965953       -0.1874249108
        0.0025493743       -0.1930794541
        0.0010613117       -0.1957122185
       -0.0005540484       -0.1960813447
       -0.0022231908       -0.1942061349
       -0.0039420878       -0.1901723073
       -0.0057130128       -0.1839139455
       -0.0075307181       -0.1752271452
       -0.0093828538       -0.1637459530
       -0.0112511030       -0.1488229389
       -0.0130931071       -0.1293801794
       -0.0145087799       -0.1089616160
       -0.0155612366       -0.0871561984
       -0.0162034650       -0.0659217085
       -0.0165105922       -0.0452728940
       -0.0165373739       -0.0249144237
       -0.0163149263       -0.0046138890
       -0.0158607098        0.0158328417
       -0.0151812380        0.0366907344
       -0.0142703636        0.0583451963
       -0.0131564567        0.0804246076
       -0.0121585013        0.0979915724
       -0.0111829716        0.1138851004
       -0.0102696924        0.1278667032
       -0.0093987377        0.1403894820
       -0.0085378617        0.1518226076
       -0.0076474657        0.1623907703
       -0.0066736046        0.1722097708
       -0.0055335188        0.1812818463
       -0.0041092470        0.1892773950
       -0.0026414289        0.1943567167
       -0.0010236180        0.1970643916
        0.0006526549        0.1973269088
        0.0023840523        0.1953215262
        0.0041772846        0.1910541609
        0.0060306363        0.1843738077
        0.0079346273        0.1749778983
        0.0098747811        0.1623312622
        0.0118265455        0.1454743596
        0.0136373806        0.1239798137
        0.0147996833        0.1045373518
        0.0156337598        0.0841139976
        0.0161290098        0.0638223663
        0.0163324190        0.0436964367
        0.0162800318        0.0235712239
        0.0159945280        0.0032593799
        0.0154881811       -0.0174849552
        0.0147616619       -0.0390463209
        0.0138188062       -0.0616174173
        0.0129084113       -0.0806544707
        0.0120046771       -0.0980571961
        0.0111621946       -0.1133600552
        0.0103639535       -0.1271071195
        0.0095789433       -0.1397612480
        0.0087700968       -0.1516105046
        0.0078883086       -0.1628262124
        0.0068599696       -0.1734896133
        0.0055704007       -0.1834796527
        0.0041356472       -0.1910220281
        0.0025258924       -0.1961009563
        0.0008522463       -0.1984905804
       -0.0008815065       -0.1984758149
       -0.0026864322       -0.1961469098
       -0.0045641788       -0.1914045039
       -0.0065077391       -0.1839951951
       -0.0085053057       -0.1734627554
       -0.0105406207       -0.1589784422
       -0.0125277439       -0.1395610120
       -0.0139035584       -0.1209073770
       -0.0149446446       -0.1009367274
       -0.0156218911       -0.0810128387
       -0.0159915333       -0.0612130654
       -0.0160978193       -0.0413663476
       -0.0159687957       -0.0212854145
       -0.0156215960       -0.0007376114
       -0.0150630266        0.0206437224
       -0.0142931121        0.0432806766
       -0.0134829485        0.0635930095
       -0.0126632899        0.0823418526
       -0.0119013400        0.0988017021
       -0.0111833004        0.1136075083
       -0.0104793749        0.1273190429
       -0.0097544777        0.1402850223
       -0.0089629163        0.1527241888
       -0.0080372944        0.1647768150
       -0.0068702811        0.1764550059
       -0.0053830308        0.1868676107
       -0.0039273234        0.1935159752
       -0.0023112826        0.1978900333
       -0.0005981037        0.1998488756
        0.0012040684        0.1994552466
        0.0030934990        0.1966454839
        0.0050639023        0.1912082684
        0.0071052982        0.1827498215
        0.0092061188        0.1705557897
        0.0113209325        0.1535011453
        0.0129064901        0.1358083443
        0.0141520624        0.1164360641
        0.0150052940        0.0970067580
        0.0155333306        0.0776493322
        0.0157898145        0.0581877508
        0.0158083165        0.0384351159
        0.0156103196        0.0181707985
        0.0152078683       -0.0029505433
        0.0146039961       -0.0254329753
        0.0138509141       -0.0483798391
        0.0131833538       -0.0666962549
        0.0125250724       -0.0837964851
        0.0118965234       -0.0994667059
        0.0112794337       -0.1141041179
        0.0106431021       -0.1280615148
        0.0099454395       -0.1415913652
        0.0091245241       -0.1548821460
        0.0080812699       -0.1680464733
        0.0067069024       -0.1805173533
        0.0053060903       -0.1892212000
        0.0037253584       -0.1956423117
        0.0020355472       -0.1995502790
        0.0002454814       -0.2010562048
       -0.0016446502       -0.2001431208
       -0.0036302689       -0.1966377695
       -0.0057031445       -0.1901953173
       -0.0078547628       -0.1801916595
       -0.0100618628       -0.1655353221
       -0.0118450871       -0.1489867905
       -0.0132855619       -0.1303815156
       -0.0143037983       -0.1115847317
       -0.0149788116       -0.0927878400
       -0.0153743736       -0.0738151147
       -0.0155295528       -0.0544823539
       -0.0154697101       -0.0345801986
       -0.0152112586       -0.0137823590
       -0.0147619484        0.0084372248
       -0.0141531356        0.0317589966
       -0.0135905162        0.0507755999
       -0.0130288086        0.0686820951
       -0.0124924954        0.0851421285
       -0.0119661946        0.1005838479
       -0.0114215733        0.1154036116
       -0.0108193149        0.1298914573
       -0.0101017497        0.1442779517
       -0.0091767361        0.1587517432
       -0.0079230443        0.1730035236
       -0.0065870790        0.1836438678
       -0.0050521239        0.1920163212
       -0.0033952224        0.1977846821
       -0.0016263673        0.2011055174
        0.0002552975        0.2020069810
        0.0022465786        0.2003488864
        0.0043407580        0.1958235403
        0.0065316240        0.1878725884
        0.0088079471        0.1754825300
        0.0107642542        0.1602563551
        0.0122471882        0.1443016600
        0.0134224157        0.1268212068
        0.0142635439        0.1088580261
        0.0148182109        0.0905469102
        0.0151275332        0.0717921320
        0.0152207559        0.0524221037
        0.0151188109        0.0321507817
        0.0148350749        0.0104788921
        0.0143870776       -0.0128539851
        0.0139337481       -0.0327015202
        0.0134704745       -0.0515396467
        0.0130287644       -0.0688249128
        0.0125973844       -0.0850392409
        0.0121512323       -0.1006464824
        0.0116549031       -0.1159838934
        0.0110567760       -0.1313228684
        0.0102752128       -0.1469173202
        0.0091860753       -0.1627657654
        0.0079396454       -0.1755983966
        0.0064706679       -0.1861876130
        0.0048673074       -0.1940242841
        0.0031415781       -0.1993446077
        0.0012908381       -0.2022519196
       -0.0006836754       -0.2026561374
       -0.0027768545       -0.2002991548
       -0.0049841061       -0.1947047644
       -0.0073029912       -0.1849958225
       -0.0096165987       -0.1702865056
       -0.0112377941       -0.1555610657
       -0.0125534317       -0.1390760351
       -0.0135254628       -0.1219472214
       -0.0142051887       -0.1043545220
       -0.0146378227       -0.0862248857
       -0.0148557217       -0.0674043263
       -0.0148830444       -0.0476264017
       -0.0147376160       -0.0264086411
       -0.0144367088       -0.0032955121
       -0.0140994104        0.0169639550
       -0.0137446576        0.0363500787
       -0.0134047988        0.0541777308
       -0.0130718469        0.0709530621
       -0.0127234162        0.0871802777
       -0.0123266230        0.1032285464
       -0.0118329509        0.1194013812
       -0.0111656491        0.1360013463
       -0.0102032230        0.1531655692
       -0.0090428852        0.1677042139
       -0.0076417479        0.1800641851
       -0.0060913159        0.1895952136
       -0.0044059990        0.1965756068
       -0.0025831366        0.2011556210
       -0.0006231449        0.2032750330
        0.0014700601        0.2027013977
        0.0036935976        0.1989969755
        0.0060495044        0.1913552991
        0.0084550602        0.1787375323
        0.0101958968        0.1653646241
        0.0116364588        0.1500079771
        0.0127267794        0.1338293402
        0.0135208810        0.1170559618
        0.0140674410        0.0996419241
        0.0144014718        0.0814525659
        0.0145498961        0.0622398199
        0.0145344836        0.0415381643
        0.0143751207        0.0187831243
        0.0141570159       -0.0017027676
        0.0139153355       -0.0214663604
        0.0136810450       -0.0396948096
        0.0134493831       -0.0569080591
        0.0132008439       -0.0736421992
        0.0129049832       -0.0902929783
        0.0125159802       -0.1071920379
        0.0119610545       -0.1246848322
        0.0111221373       -0.1430161014
        0.0100550258       -0.1590889394
        0.0087304036       -0.1730715845
        0.0072407561       -0.1841763708
        0.0056031908       -0.1927143180
        0.0038156202       -0.1988771895
        0.0018779800       -0.2026314428
       -0.0002068644       -0.2037666719
       -0.0024376926       -0.2018764464
       -0.0048202048       -0.1962128930
       -0.0072947670       -0.1856806251
       -0.0091359871       -0.1737518433
       -0.0106843706       -0.1596388707
       -0.0118792986       -0.1445156861
       -0.0127765251       -0.1286553418
       -0.0134273861       -0.1120423759
       -0.0138690381       -0.0945628471
       -0.0141307562       -0.0759858845
       -0.0142378296       -0.0558609685
       -0.0142139658       -0.0335620175
       -0.0141165561       -0.0130341986
       -0.0139910811        0.0069342992
       -0.0138650613        0.0254239941
       -0.0137368374        0.0429570364
       -0.0135899000        0.0600913044
       -0.0133961898        0.0772432564
       -0.0131122955        0.0947689305
       -0.0126687518        0.1130526406
       -0.0119508871        0.1324270557
       -0.0109827486        0.1498628416
       -0.0097420823        0.1653165604
       -0.0083202580        0.1778729408
       -0.0067372152        0.1878662287
       -0.0049919276        0.1955235925
       -0.0030841449        0.2008352749
       -0.0010158042        0.2036106445
        0.0012135034        0.2034704878
        0.0036127308        0.1997175962
        0.0061381696        0.1912488480
        0.0080615376        0.1808391402
        0.0097014187        0.1680699522
        0.0109880931        0.1540977745
        0.0119780521        0.1392387551
        0.0127244654        0.1235101961
        0.0132661432        0.1068200103
        0.0136343670        0.0889539364
        0.0138576252        0.0694750193
        0.0139639147        0.0477202040
        0.0139873305        0.0273162473
        0.0139797605        0.0073004597
        0.0139636793       -0.0113217688
        0.0139403664       -0.0290646044
        0.0138963914       -0.0464983737
        0.0138060717       -0.0640548019
        0.0136282767       -0.0821108350
        0.0132965379       -0.1010862471
        0.0126995150       -0.1213901060
        0.0117485456       -0.1415504822
        0.0106646786       -0.1570818347
        0.0093418275       -0.1706939751
        0.0078277719       -0.1820091671
        0.0061347794       -0.1910896009
        0.0042663287       -0.1979080118
        0.0022244664       -0.2022870032
        0.0000074611       -0.2038740265
       -0.0023964845       -0.2020227071
       -0.0049570472       -0.1956487294
       -0.0069511511       -0.1868431306
       -0.0086725394       -0.1755163389
       -0.0100428782       -0.1627913680
       -0.0111189156       -0.1490269283
       -0.0119552433       -0.1342749874
       -0.0125920325       -0.1184668865
       -0.0130623251       -0.1014065075
       -0.0133975588       -0.0826731399
       -0.0136301944       -0.0615802928
       -0.0137743132       -0.0414211748
       -0.0138855149       -0.0214732989
       -0.0139803009       -0.0028225376
       -0.0140629195        0.0150319947
       -0.0141232055        0.0326686664
       -0.0141380070        0.0505311177
       -0.0140686302        0.0690138620
       -0.0138518333        0.0885677256
       -0.0133802049        0.1096734642
       -0.0125525272        0.1309895934
       -0.0115628450        0.1476645523
       -0.0103226790        0.1625221544
       -0.0088792421        0.1751384646
       -0.0072457366        0.1855879288
       -0.0054257306        0.1938630539
       -0.0034205754        0.1998073999
       -0.0012271892        0.2030976488
        0.0011686908        0.2031405188
        0.0037485924        0.1988912702
        0.0058032934        0.1917709577
        0.0075973112        0.1819793371
        0.0090438917        0.1705938520
        0.0101997250        0.1580157620
        0.0111205411        0.1443332766
        0.0118476355        0.1295026021
        0.0124155811        0.1133475907
        0.0128585033        0.0954672922
        0.0132133577        0.0751636243
        0.0134777610        0.0553612090
        0.0137081787        0.0355875725
        0.0139143004        0.0170075032
        0.0141034208       -0.0008623094
        0.0142688564       -0.0186050149
        0.0143901676       -0.0366731821
        0.0144312931       -0.0554753030
        0.0143325303       -0.0754880069
        0.0139911631       -0.0972586487
        0.0132946043       -0.1196162286
        0.0124067840       -0.1373527073
        0.0112573949       -0.1533847633
        0.0098931008       -0.1672370359
        0.0083282777       -0.1789973567
        0.0065667637       -0.1886804267
        0.0046093828       -0.1961533635
        0.0024519523       -0.2011249557
        0.0000782656       -0.2030590458
       -0.0025043991       -0.2009700199
       -0.0046117881       -0.1956210640
       -0.0064716527       -0.1874574191
       -0.0079883538       -0.1775033199
       -0.0092184724       -0.1662043761
       -0.0102188190       -0.1536869081
       -0.0110316702       -0.1399336152
       -0.0116929172       -0.1247907185
       -0.0122390721       -0.1078818369
       -0.0127114747       -0.0885096929
       -0.0130958606       -0.0691660458
       -0.0134458693       -0.0496620801
       -0.0137635222       -0.0312463980
       -0.0140593467       -0.0134565124
       -0.0143304471        0.0042939617
       -0.0145593302        0.0224641547
       -0.0147128109        0.0414727082
       -0.0147351125        0.0618157174
       -0.0145291806        0.0841004433
       -0.0139726121        0.1073817396
       -0.0131950418        0.1261059655
       -0.0121450457        0.1432496199
       -0.0108688352        0.1582765819
       -0.0093822997        0.1712898861
       -0.0076897875        0.1823298384
       -0.0057918197        0.1912903225
       -0.0036834416        0.1979154995
       -0.0013471364        0.2017306800
        0.0012204622        0.2018293787
        0.0033739580        0.1983429685
        0.0052941932        0.1919014281
        0.0068755277        0.1834699961
        0.0081745975        0.1735426234
        0.0092494393        0.1622863561
        0.0101432490        0.1497122608
        0.0108930301        0.1356915623
        0.0115373256        0.1198777557
        0.0121215675        0.1015884661
        0.0126258460        0.0828045458
        0.0130566514        0.0652990803
        0.0134777044        0.0475376348
        0.0138801591        0.0300105046
        0.0142600286        0.0124091871
        0.0146030997       -0.0056674922
        0.0148810022       -0.0246263917
        0.0150454135       -0.0449557531
        0.0150121403       -0.0673058960
        0.0146505519       -0.0914075281
        0.0140272811       -0.1113576467
        0.0131156266       -0.1298862506
        0.0119643627       -0.1463015555
        0.0105930075       -0.1607486870
        0.0090071496       -0.1733264629
        0.0072076512       -0.1839792818
        0.0051901676       -0.1925088920
        0.0029386327       -0.1985368608
        0.0004325821       -0.2013223962
       -0.0018187685       -0.2002354177
       -0.0038530227       -0.1959014745
       -0.0055347104       -0.1892822770
       -0.0069264069       -0.1809842192
       -0.0080928158       -0.1712405978
       -0.0090800916       -0.1601064220
       -0.0099265154       -0.1474978294
       -0.0106716386       -0.1331332619
       -0.0113633948       -0.1164006649
       -0.0120386194       -0.0970096946
       -0.0125787141       -0.0800151687
       -0.0131097059       -0.0626126082
       -0.0136188278       -0.0453700874
       -0.0141050831       -0.0279928575
       -0.0145579822       -0.0100787567
       -0.0149531231        0.0087788312
       -0.0152476683        0.0290648577
       -0.0153668764        0.0514478259
       -0.0151825887        0.0760552973
       -0.0147048231        0.0969890786
       -0.0139252145        0.1166618542
       -0.0128929140        0.1342367149
       -0.0116311609        0.1498913442
       -0.0101472029        0.1637745057
       -0.0084424442        0.1758731812
       -0.0065129370        0.1860351748
       -0.0043435419        0.1939534010
       -0.0019079767        0.1990204988
        0.0003971362        0.2002090538
        0.0023367585        0.1982544388
        0.0040726485        0.1937625555
        0.0055501483        0.1873184304
        0.0068074405        0.1792695781
        0.0078871357        0.1697459396
        0.0088274834        0.1587221676
        0.0096681141        0.1459916081
        0.0104575328        0.1310493758
        0.0112474517        0.1132436233
        0.0119060905        0.0967890974
        0.0125546675        0.0797412207
        0.0131741412        0.0628591112
        0.0137691054        0.0458581424
        0.0143354081        0.0283210229
        0.0148548183        0.0098429945
        0.0152925194       -0.0100361736
        0.0155879264       -0.0319536872
        0.0156298717       -0.0565097318
        0.0153500923       -0.0787322767
        0.0147474467       -0.0999050949
        0.0138732578       -0.1188697101
        0.0127587402       -0.1358778340
        0.0114144913       -0.1511802251
        0.0098433313       -0.1648360251
        0.0080428644       -0.1767564072
        0.0060011485       -0.1867205065
        0.0036905016       -0.1942931882
        0.0011757016       -0.1984841090
       -0.0008247047       -0.1987313375
       -0.0026348078       -0.1962636346
       -0.0041850527       -0.1916486223
       -0.0055151180       -0.1852995098
       -0.0066698963       -0.1773977576
       -0.0076885714       -0.1679629783
       -0.0086109536       -0.1568459291
       -0.0094856932       -0.1436319115
       -0.0103726455       -0.1275933510
       -0.0111492294       -0.1118518809
       -0.0119159290       -0.0953143400
       -0.0126445604       -0.0789143388
       -0.0133450742       -0.0623840513
       -0.0140194775       -0.0452946929
       -0.0146548733       -0.0272430161
       -0.0152225669       -0.0077876755
       -0.0156720016        0.0136740610
       -0.0159095638        0.0379056188
       -0.0158195307        0.0611931571
       -0.0153872622        0.0836560903
       -0.0146625551        0.1037925472
       -0.0136858545        0.1219210387
       -0.0124721285        0.1383936254
       -0.0110259894        0.1533367048
       -0.0093463800        0.1667146380
       -0.0074235867        0.1783707236
       -0.0052320390        0.1879866213
       -0.0027836049        0.1947759129
       -0.0007300042        0.1973665685
        0.0011497373        0.1970540236
        0.0027660405        0.1943695230
        0.0041607180        0.1898090781
        0.0053818405        0.1836153504
        0.0064697713        0.1758556170
        0.0074642831        0.1664364556
        0.0084133618        0.1550317914
        0.0093806802        0.1409584678
        0.0102789107        0.1260754601
        0.0110955539        0.1114927356
        0.0119172932        0.0960712109
        0.0127196860        0.0802580225
        0.0135009729        0.0638342681
        0.0142524581        0.0464536998
        0.0149522400        0.0277152055
        0.0155607814        0.0070824253
        0.0160066705       -0.0162288832
        0.0161534532       -0.0421181275
        0.0159504774       -0.0640347608
        0.0154345319       -0.0850599770
        0.0146434835       -0.1043608721
        0.0136030332       -0.1220845373
        0.0123235343       -0.1383832324
        0.0108072139       -0.1532794466
        0.0090483965       -0.1666867885
        0.0070275739       -0.1784055161
        0.0047198178       -0.1879568459
        0.0025740631       -0.1935662750
        0.0005800006       -0.1959379942
       -0.0011295209       -0.1955458219
       -0.0026034688       -0.1930579704
       -0.0038986524       -0.1888267163
       -0.0050586370       -0.1829901807
       -0.0061230347       -0.1755273335
       -0.0071373700       -0.1662229022
       -0.0081633942       -0.1545404277
       -0.0092535611       -0.1399425855
       -0.0101736087       -0.1263254708
       -0.0111020779       -0.1116944848
       -0.0120066979       -0.0966252984
       -0.0128902687       -0.0809279175
       -0.0137499704       -0.0642660289
       -0.0145698514       -0.0462617625
       -0.0153183849       -0.0264292510
       -0.0159394664       -0.0040412519
       -0.0163203620        0.0215026217
       -0.0163311772        0.0443491255
       -0.0160101988        0.0665442716
       -0.0153941373        0.0869297118
       -0.0145175661        0.1057074096
       -0.0133957449        0.1231205070
       -0.0120337326        0.1392584628
       -0.0104289371        0.1540940082
       -0.0085669301        0.1675079359
       -0.0064180217        0.1792133445
       -0.0040795252        0.1881349142
       -0.0021966349        0.1925991067
       -0.0004638398        0.1944523990
        0.0010612940        0.1940474360
        0.0024118414        0.1917801273
        0.0036279494        0.1878561992
        0.0047481885        0.1823186610
        0.0058159276        0.1750383800
        0.0068892713        0.1656197411
        0.0080410125        0.1533514683
        0.0090715529        0.1408685664
        0.0101139729        0.1271487425
        0.0111223748        0.1129573607
        0.0121059300        0.0981411466
        0.0130697028        0.0823677196
        0.0140045233        0.0652798715
        0.0148865714        0.0464442523
        0.0156729712        0.0252261024
        0.0162805409        0.0007577691
        0.0165373963       -0.0231200228
        0.0164382089       -0.0466486210
        0.0160141312       -0.0681612631
        0.0153141302       -0.0879409251
        0.0143612672       -0.1063658753
        0.0131644624       -0.1236113006
        0.0117244728       -0.1397107889
        0.0100319672       -0.1546117787
        0.0080612476       -0.1681633451
        0.0058228034       -0.1797309619
        0.0038974176       -0.1868406462
        0.0021031497       -0.1911419016
        0.0005242690       -0.1929210723
       -0.0008745587       -0.1926871781
       -0.0021371442       -0.1907320679
       -0.0033027564       -0.1871649044
       -0.0044129743       -0.1819339855
       -0.0055215088       -0.1747706448
       -0.0067044254       -0.1650553314
       -0.0078532123       -0.1538910480
       -0.0089195252       -0.1423304944
       -0.0100089909       -0.1295169836
       -0.0110851369       -0.1158633347
       -0.0121474195       -0.1012230352
       -0.0131913284       -0.0853055782
       -0.0142004546       -0.0677423836
       -0.0151436246       -0.0480123915
       -0.0159643489       -0.0253015147
       -0.0165359643        0.0007404300
       -0.0166938673        0.0234480964
       -0.0165216697        0.0457171909
       -0.0160480832        0.0665072005
       -0.0153069671        0.0859694224
       -0.0143151902        0.1043138931
       -0.0130788466        0.1216356016
       -0.0115949539        0.1379443436
       -0.0098468876        0.1531898342
       -0.0078075949        0.1671456332
       -0.0058113694        0.1776341649
       -0.0039180107        0.1849776094
       -0.0022653211        0.1892997823
       -0.0008110926        0.1913366774
        0.0004983555        0.1915358378
        0.0017054739        0.1901005297
        0.0028504218        0.1870653007
        0.0039814553        0.1822874509
        0.0051673206        0.1753434341
        0.0064815181        0.1655650182
        0.0076407507        0.1554524260
        0.0088300343        0.1438850147
        0.0099994758        0.1314121525
        0.0111538963        0.1179367041
        0.0122960858        0.1031926060
        0.0134162969        0.0868507598
        0.0144913714        0.0684681112
        0.0154800004        0.0473543149
        0.0162959909        0.0226187745
        0.0167205468       -0.0009086915
        0.0167913941       -0.0243255136
        0.0165290871       -0.0460825581
        0.0159823478       -0.0663941428
        0.0151770364       -0.0855920376
        0.0141242828       -0.1038500572
        0.0128258312       -0.1212329252
        0.0112720476       -0.1377507208
        0.0094369847       -0.1533449228
        0.0073569893       -0.1672910478
        0.0055900673       -0.1765624073
        0.0039314081       -0.1832497918
        0.0024476618       -0.1875180024
        0.0011084650       -0.1898272590
       -0.0001256126       -0.1904596565
       -0.0012931036       -0.1895250246
       -0.0024382199       -0.1869749913
       -0.0036216736       -0.1825448039
       -0.0049300393       -0.1756214007
       -0.0061918784       -0.1672086070
       -0.0074922353       -0.1570638240
       -0.0087573197       -0.1459247895
       -0.0099996791       -0.1337662399
       -0.0112324617       -0.1203438530
       -0.0124536586       -0.1053608428
       -0.0136473761       -0.0884402891
       -0.0147833144       -0.0690178460
       -0.0158045608       -0.0461957813
       -0.0165620231       -0.0200537483
       -0.0168599217        0.0023576291
       -0.0168302950        0.0245303444
       -0.0164960658        0.0455281327
       -0.0158905540        0.0654630017
       -0.0150320409        0.0845210503
       -0.0139277296        0.1028090647
       -0.0125746327        0.1203819905
       -0.0109548623        0.1372699620
       -0.0090509237        0.1532666781
       -0.0072646407        0.1654129711
       -0.0055626966        0.1747740044
       -0.0040487003        0.1813476320
       -0.0026894820        0.1857607390
       -0.0014404223        0.1884229797
       -0.0002620255        0.1895275833
        0.0008873155        0.1891065484
        0.0020616076        0.1870160862
        0.0033411529        0.1828270123
        0.0047889875        0.1759203896
        0.0060606841        0.1682507893
        0.0073805425        0.1589274569
        0.0086965579        0.1483301281
        0.0100098378        0.1363978852
        0.0113210220        0.1229115584
        0.0126198607        0.1075614553
        0.0138841643        0.0898928336
        0.0150748968        0.0691622951
        0.0161015081        0.0444924981
        0.0166893153        0.0214879074
        0.0169264271       -0.0016393968
        0.0168246436       -0.0234385831
        0.0164326560       -0.0440636416
        0.0157789423       -0.0638073955
        0.0148769518       -0.0828455476
        0.0137298919       -0.1012770968
        0.0123287241       -0.1191807650
        0.0106493344       -0.1365917656
        0.0087576112       -0.1526001138
        0.0071632107       -0.1637793232
        0.0056568008       -0.1726127651
        0.0042894139       -0.1791836624
        0.0030338726       -0.1839094596
        0.0018535740       -0.1870604414
        0.0007096435       -0.1887469058
       -0.0004458418       -0.1889273355
       -0.0016821132       -0.1873486824
       -0.0030947150       -0.1834114050
       -0.0044429017       -0.1777977444
       -0.0058523508       -0.1702808013
       -0.0072473398       -0.1613596671
       -0.0086351621       -0.1510595453
       -0.0100258171       -0.1392062204
       -0.0114163462       -0.1255401140
       -0.0127915653       -0.1096931699
       -0.0141237037       -0.0910812537
       -0.0153592667       -0.0687565987
       -0.0163316521       -0.0430127766
       -0.0167992435       -0.0209589396
       -0.0169394243        0.0010877740
       -0.0167697633        0.0222106458
       -0.0163251645        0.0424949057
       -0.0156265785        0.0621218525
       -0.0146834319        0.0812212557
       -0.0134943894        0.0999009506
       -0.0120431131        0.1182814834
       -0.0103220379        0.1361885035
       -0.0087329092        0.1500765408
       -0.0072091546        0.1614694172
       -0.0058346050        0.1702616951
       -0.0045812191        0.1770248693
       -0.0034092252        0.1821563513
       -0.0022802142        0.1858533718
       -0.0011505229        0.1881601390
        0.0000395517        0.1889549386
        0.0013807808        0.1878401538
        0.0029220422        0.1841758155
        0.0042872786        0.1791101088
        0.0057197535        0.1722071528
        0.0071656072        0.1637172163
        0.0086231597        0.1536063158
        0.0100916083        0.1416910356
        0.0115607618        0.1276785325
        0.0130101603        0.1111092263
        0.0144045973        0.0912046363
        0.0156516278        0.0670932346
        0.0164156280        0.0447450771
        0.0168310229        0.0220208228
        0.0169009208        0.0003314476
        0.0166754260       -0.0204260585
        0.0161863657       -0.0405185709
        0.0154501034       -0.0601292549
        0.0144721903       -0.0793937002
        0.0132456778       -0.0984620791
        0.0117504051       -0.1174656776
        0.0100713069       -0.1353063278
        0.0086560924       -0.1482582178
        0.0073101861       -0.1590972412
        0.0060731615       -0.1678466341
        0.0049197902       -0.1748979342
        0.0038149856       -0.1805191597
        0.0027188040       -0.1848302428
        0.0015791852       -0.1878100532
        0.0003181398       -0.1892395011
       -0.0011651980       -0.1885395235
       -0.0025763056       -0.1857888630
       -0.0040718209       -0.1809922715
       -0.0055759271       -0.1744502046
       -0.0070912463       -0.1662196010
       -0.0086247111       -0.1561771645
       -0.0101723697       -0.1440909080
       -0.0117198048       -0.1295982810
       -0.0132421086       -0.1120962056
       -0.0146895676       -0.0905925200
       -0.0157826453       -0.0679500237
       -0.0164553017       -0.0464239390
       -0.0167992361       -0.0246147383
       -0.0168245771       -0.0035063279
       -0.0165698121        0.0169572352
       -0.0160601673        0.0369604273
       -0.0153087011        0.0566582137
       -0.0143176429        0.0762081538
       -0.0130749814        0.0958188947
       -0.0115764986        0.1154250852
       -0.0101800597        0.1311374722
       -0.0088293807        0.1445997960
       -0.0075991094        0.1555888367
       -0.0064646298        0.1646658767
       -0.0053888851        0.1722461306
       -0.0043338957        0.1785501920
       -0.0032543923        0.1836536453
       -0.0020865798        0.1874850069
       -0.0007321605        0.1897230393
        0.0008548262        0.1896312647
        0.0022872861        0.1874244211
        0.0038084560        0.1832164314
        0.0053617731        0.1771528617
        0.0069435778        0.1692263380
        0.0085524998        0.1592867327
        0.0101791160        0.1470620371
        0.0118055153        0.1321032566
        0.0134021900        0.1136293430
        0.0148831386        0.0907097167
        0.0158504742        0.0691921518
        0.0164697478        0.0469995369
        0.0167330468        0.0255804469
        0.0166941414        0.0048801144
        0.0163897345       -0.0153530869
        0.0158401297       -0.0353127032
        0.0150544077       -0.0551681894
        0.0140295636       -0.0751355952
        0.0127506302       -0.0954499434
        0.0113012599       -0.1149647429
        0.0100706357       -0.1296080693
        0.0088916313       -0.1423627874
        0.0077970460       -0.1531926948
        0.0067632168       -0.1624834474
        0.0057560004       -0.1705168255
        0.0047344308       -0.1774372839
        0.0036430340       -0.1832637381
        0.0023967997       -0.1878425850
        0.0008913392       -0.1906221965
       -0.0005559671       -0.1908757087
       -0.0021121843       -0.1889653578
       -0.0037010395       -0.1850274298
       -0.0053214793       -0.1791440244
       -0.0069782250       -0.1712321732
       -0.0086668678       -0.1610831877
       -0.0103742364       -0.1483430485
       -0.0120790853       -0.1324027554
       -0.0137377970       -0.1122406416
       -0.0150242574       -0.0908251111
       -0.0158787443       -0.0701386395
       -0.0164067534       -0.0489098278
       -0.0166118654       -0.0281306560
       -0.0165347490       -0.0077794222
       -0.0162040995        0.0123182338
       -0.0156363249        0.0323332431
       -0.0148371533        0.0524680729
       -0.0137990060        0.0730155135
       -0.0125253520        0.0939516212
       -0.0113420223        0.1109557832
       -0.0101893427        0.1260003840
       -0.0091285365        0.1387910878
       -0.0081382015        0.1498579933
       -0.0071842112        0.1596167856
       -0.0062287983        0.1683044528
       -0.0052243188        0.1760271800
       -0.0041012506        0.1827656207
       -0.0027522469        0.1882639457
       -0.0012947769        0.1914262040
        0.0002986058        0.1921974767
        0.0019171280        0.1906435533
        0.0035632235        0.1870025389
        0.0052514056        0.1812938051
        0.0069840996        0.1733787293
        0.0087530012        0.1629859607
        0.0105423346        0.1496513790
        0.0123269520        0.1325505047
        0.0140123201        0.1107996080
        0.0151297351        0.0904880201
        0.0159068066        0.0692685648
        0.0163290725        0.0484932492
        0.0164495582        0.0281642602
        0.0163069605        0.0080721333
        0.0159242280       -0.0119718472
        0.0153132827       -0.0321669225
        0.0144744407       -0.0527995587
        0.0133994758       -0.0741748217
        0.0122894433       -0.0931778347
        0.0111876464       -0.1102077073
        0.0101805932       -0.1246533561
        0.0092488459       -0.1371919248
        0.0083572459       -0.1483767645
        0.0074692411       -0.1585272112
        0.0065409932       -0.1678120265
        0.0055107780       -0.1762889417
        0.0042818269       -0.1838579947
        0.0027617438       -0.1898543771
        0.0013052844       -0.1927905337
       -0.0002818429       -0.1935209504
       -0.0019312074       -0.1920372884
       -0.0036376235       -0.1884065666
       -0.0054017385       -0.1825543596
       -0.0072173946       -0.1742703760
       -0.0090719786       -0.1631792414
       -0.0109473178       -0.1486153124
       -0.0127974842       -0.1295009247
       -0.0141944132       -0.1097202319
       -0.0152362043       -0.0885774849
       -0.0158792377       -0.0678913879
       -0.0161942760       -0.0476953095
       -0.0162336963       -0.0277283010
       -0.0160279814       -0.0077756609
       -0.0155947272        0.0123619651
       -0.0149410094        0.0329545150
       -0.0140621138        0.0543940140
       -0.0129947445        0.0761909594
       -0.0120493082        0.0934510486
       -0.0111282701        0.1091268363
       -0.0102667426        0.1230034048
       -0.0094449110        0.1355138773
       -0.0086309770        0.1470146051
       -0.0077852447        0.1577279224
       -0.0068529873        0.1677755315
       -0.0057496604        0.1771724316
       -0.0043581655        0.1855763659
       -0.0029301880        0.1910077363
       -0.0013482985        0.1941376013
        0.0003016964        0.1948625282
        0.0020151301        0.1933395178
        0.0037969088        0.1895670266
        0.0056443779        0.1833904772
        0.0075478299        0.1745034166
        0.0094931415        0.1623637549
        0.0114557564        0.1460034815
        0.0131344271        0.1269602517
        0.0143349890        0.1081105523
        0.0152105462        0.0882024999
        0.0157466192        0.0683729791
        0.0159909946        0.0486727038
        0.0159809450        0.0289459192
        0.0157403511        0.0090124949
        0.0152830312       -0.0113657844
        0.0146119955       -0.0325670376
        0.0137311179       -0.0548445502
        0.0128699817       -0.0738486826
        0.0120147754       -0.0912826216
        0.0112207570       -0.1066405235
        0.0104717195       -0.1204746726
        0.0097373994       -0.1332612725
        0.0089816098       -0.1453004824
        0.0081564979       -0.1567780831
        0.0071905746       -0.1677985431
        0.0059715350       -0.1782909738
        0.0045880519       -0.1865179074
        0.0030213493       -0.1923345351
        0.0013831662       -0.1954511183
       -0.0003214740       -0.1961659690
       -0.0021034544       -0.1945869448
       -0.0039646145       -0.1906267346
       -0.0058983211       -0.1840439435
       -0.0078933867       -0.1744020650
       -0.0099351720       -0.1609097683
       -0.0119489690       -0.1425433273
       -0.0133710842       -0.1245559089
       -0.0144610318       -0.1051639734
       -0.0151845104       -0.0857600863
       -0.0155993618       -0.0664402878
       -0.0157516109       -0.0470431909
       -0.0156706832       -0.0273897984
       -0.0153752349       -0.0072569971
       -0.0148743354        0.0137104502
       -0.0141699014        0.0359609479
       -0.0134128324        0.0562377456
       -0.0126449782        0.0750214113
       -0.0119344755        0.0915255148
       -0.0112685978        0.1063973272
       -0.0106184362        0.1202154446
       -0.0099499089        0.1333427163
       -0.0092186849        0.1460121834
       -0.0083595958        0.1583851117
       -0.0072685876        0.1705176104
       -0.0058560508        0.1816244845
       -0.0044517370        0.1889929070
       -0.0028793363        0.1941373594
       -0.0012027696        0.1968830616
        0.0005693595        0.1973019242
        0.0024354474        0.1953431818
        0.0043895969        0.1908090534
        0.0064224017        0.1833265451
        0.0085234860        0.1722217473
        0.0106560797        0.1563871464
        0.0122969799        0.1394631905
        0.0136005976        0.1207455051
        0.0145063717        0.1019022039
        0.0150842309        0.0830870787
        0.0153905019        0.0641342710
        0.0154604502        0.0448660030
        0.0153171109        0.0250729948
        0.0149746925        0.0044252796
        0.0144389194       -0.0175841368
        0.0137532694       -0.0403158054
        0.0131399711       -0.0585913971
        0.0125356004       -0.0757184838
        0.0119618071       -0.0914415680
        0.0114015441       -0.1061654044
        0.0108253978       -0.1202568775
        0.0101929815       -0.1339830936
        0.0094451143       -0.1475519686
        0.0084872327       -0.1611157621
        0.0072038423       -0.1742500647
        0.0058645140       -0.1837499918
        0.0043362889       -0.1910253229
        0.0026916991       -0.1957955719
        0.0009402514       -0.1981882767
       -0.0009181242       -0.1982061442
       -0.0028793560       -0.1956934413
       -0.0049357921       -0.1903288814
       -0.0070797949       -0.1815327878
       -0.0092944744       -0.1682701987
       -0.0111456146       -0.1526151826
       -0.0125414440       -0.1363539412
       -0.0136307623       -0.1187042570
       -0.0143931215       -0.1006551054
       -0.0148740698       -0.0823206446
       -0.0151124376       -0.0635999719
       -0.0151357938       -0.0443208932
       -0.0149635214       -0.0241995485
       -0.0146072034       -0.0027478367
       -0.0140862496        0.0201903891
       -0.0135787704        0.0394731452
       -0.0130683023        0.0576928327
       -0.0125859882        0.0743703337
       -0.0121191789        0.0899739573
       -0.0116418702        0.1049467482
       -0.0111181787        0.1196086478
       -0.0104962712        0.1342128749
       -0.0096944995        0.1489875356
       -0.0085898873        0.1638935984
       -0.0073411156        0.1757970682
       -0.0058777856        0.1854833722
       -0.0042864981        0.1924905214
       -0.0025785942        0.1970393718
       -0.0007515048        0.1992183065
        0.0011931391        0.1989301224
        0.0032495323        0.1959141428
        0.0054118076        0.1896933365
        0.0076748349        0.1793926141
        0.0099178335        0.1641783700
        0.0114786039        0.1491468866
        0.0127331012        0.1324552465
        0.0136466473        0.1152086348
        0.0142698117        0.0975716227
        0.0146466527        0.0794643397
        0.0148085112        0.0607333608
        0.0147785072        0.0411205873
        0.0145731641        0.0201635602
        0.0142088687       -0.0025713833
        0.0138169176       -0.0224692136
        0.0134124307       -0.0414275715
        0.0130301967       -0.0587844849
        0.0126612663       -0.0750489949
        0.0122825346       -0.0907200537
        0.0118611175       -0.1061574462
        0.0113492612       -0.1216498526
        0.0106721224       -0.1374764804
        0.0097107349       -0.1537712009
        0.0085513707       -0.1676204338
        0.0071561924       -0.1793023172
        0.0056187265       -0.1881817807
        0.0039529724       -0.1945424596
        0.0021556653       -0.1985365659
        0.0002271429       -0.2001066409
       -0.0018281618       -0.1990261742
       -0.0040060243       -0.1948694159
       -0.0063061241       -0.1868552771
       -0.0086548910       -0.1739391274
       -0.0103635699       -0.1602921711
       -0.0117693825       -0.1447138099
       -0.0128219072       -0.1284024387
       -0.0135762623       -0.1115780349
       -0.0140814662       -0.0941866654
       -0.0143722700       -0.0760952210
       -0.0144749798       -0.0570694353
       -0.0144104010       -0.0366747179
       -0.0141969667       -0.0143461454
       -0.0139260551        0.0059713541
       -0.0136341060        0.0254937663
       -0.0133569647        0.0433789278
       -0.0130895196        0.0601676090
       -0.0128117951        0.0764086828
       -0.0124937594        0.0924970598
       -0.0120910914        0.1087522167
       -0.0115343273        0.1254957193
       -0.0107101431        0.1429828626
       -0.0095463875        0.1598307121
       -0.0083111842        0.1722873728
       -0.0068645274        0.1826813121
       -0.0052573428        0.1907121735
       -0.0035007525        0.1964277204
       -0.0015984544        0.1997757352
        0.0004452728        0.2005546929
        0.0026274875        0.1983800579
        0.0049512226        0.1925494253
        0.0073739661        0.1819631715
        0.0092126681        0.1698306096
        0.0107543022        0.1555098220
        0.0119326346        0.1402598582
        0.0128067578        0.1243583974
        0.0134301949        0.1077822581
        0.0138406953        0.0904205805
        0.0140672835        0.0720617386
        0.0141344551        0.0522976551
        0.0140645096        0.0305057252
        0.0139184025        0.0099689794
        0.0137442061       -0.0099359321
        0.0135761719       -0.0281990051
        0.0134131121       -0.0453807422
        0.0132384559       -0.0620712682
        0.0130249857       -0.0786950363
        0.0127314116       -0.0955980230
        0.0122926959       -0.1131383450
        0.0116011233       -0.1316635487
        0.0105625898       -0.1500567772
        0.0094167902       -0.1640296844
        0.0080444715       -0.1760178075
        0.0064980575       -0.1856538156
        0.0047896967       -0.1930078050
        0.0029228331       -0.1980559266
        0.0009008306       -0.2006231647
       -0.0012747295       -0.2003610774
       -0.0036095430       -0.1966348283
       -0.0060819649       -0.1883645684
       -0.0080329294       -0.1778628667
       -0.0096949617       -0.1649337724
       -0.0109863739       -0.1508644902
       -0.0119695135       -0.1359921261
       -0.0127018483       -0.1203289705
       -0.0132237029       -0.1037885930
       -0.0135664212       -0.0861817397
       -0.0137577102       -0.0671255982
       -0.0138242420       -0.0459758762
       -0.0138226779       -0.0368629892
