        0.0174532925       -0.0003490481
        0.0174532222       -0.0071048635
        0.0174507133       -0.0193271408
        0.0174331096       -0.0330934523
        0.0173732568       -0.0473153393
        0.0172278138       -0.0619669528
        0.0169292770       -0.0772926336
        0.0163665022       -0.0936435285
        0.0153793964       -0.1109066693
        0.0141460535       -0.1250224818
        0.0125838691       -0.1375581245
        0.0107789456       -0.1479797727
        0.0087548573       -0.1564340387
        0.0065164315       -0.1630054452
        0.0040660319       -0.1676342387
        0.0014032245       -0.1701222430
       -0.0014816867       -0.1700836321
       -0.0045968584       -0.1667988440
       -0.0073719204       -0.1606229772
       -0.0098047778       -0.1519360162
       -0.0117359310       -0.1418991991
       -0.0132551029       -0.1309217367
       -0.0144464596       -0.1190834648
       -0.0153655975       -0.1063686254
       -0.0160544323       -0.0926832932
       -0.0165512858       -0.0777928175
       -0.0168961551       -0.0612115933
       -0.0171292517       -0.0427742395
       -0.0172693301       -0.0272207294
       -0.0173936171       -0.0118435224
       -0.0175106478        0.0028808968
       -0.0176157703        0.0172659949
       -0.0176899698        0.0316722045
       -0.0176990737        0.0464096914
       -0.0175887157        0.0617847594
       -0.0172708500        0.0781653934
       -0.0165992856        0.0958687419
       -0.0155886034        0.1118635306
       -0.0142098291        0.1263847056
       -0.0125667833        0.1385882846
       -0.0106918729        0.1487284301
       -0.0085901173        0.1570055680
       -0.0062629684        0.1634356887
       -0.0037103164        0.1678883932
       -0.0009246919        0.1700784509
        0.0021134860        0.1694605081
        0.0053010226        0.1652233436
        0.0077489272        0.1589673170
        0.0098774945        0.1506780714
        0.0116106661        0.1410865408
        0.0130053045        0.1304663034
        0.0141180844        0.1188841653
        0.0149936418        0.1063044616
        0.0156719871        0.0925722894
        0.0161950124        0.0773220402
        0.0166088812        0.0599893910
        0.0169021046        0.0440580759
        0.0171638216        0.0281821506
        0.0174053083        0.0131676066
        0.0176326062       -0.0013482598
        0.0178360115       -0.0158016739
        0.0179902125       -0.0305404592
        0.0180520042       -0.0458793286
        0.0179516697       -0.0621764787
        0.0175715749       -0.0798708596
        0.0167538873       -0.0985437048
        0.0156696187       -0.1136792249
        0.0142451078       -0.1273824718
        0.0125514458       -0.1391498187
        0.0106119907       -0.1490917747
        0.0084331005       -0.1572694188
        0.0060162917       -0.1636139999
        0.0033567817       -0.1679241901
        0.0004361722       -0.1698069646
       -0.0027437155       -0.1685236722
       -0.0054476148       -0.1644067127
       -0.0078455371       -0.1578599078
       -0.0098072896       -0.1497454867
       -0.0114034424       -0.1404535191
       -0.0127042624       -0.1301059878
       -0.0137603047       -0.1187121493
       -0.0146135762       -0.1061799990
       -0.0153066779       -0.0922509574
       -0.0158890010       -0.0763886618
       -0.0163975319       -0.0586825788
       -0.0167742506       -0.0438506103
       -0.0171388521       -0.0289670994
       -0.0174878726       -0.0144450499
       -0.0178167105       -0.0000128666
       -0.0181077891        0.0146644926
       -0.0183274022        0.0299030915
       -0.0184200646        0.0460481552
       -0.0182933608        0.0635452212
       -0.0177936442        0.0826615247
       -0.0169498779        0.0994234726
       -0.0157312660        0.1148867261
       -0.0142215461        0.1282713993
       -0.0124526577        0.1397736375
       -0.0104326627        0.1495545018
       -0.0081635632        0.1576166709
       -0.0056423808        0.1638288862
       -0.0028544810        0.1679084528
        0.0002255979        0.1693002073
        0.0033980057        0.1672177410
        0.0058059900        0.1628739214
        0.0079260432        0.1565142456
        0.0096985690        0.1486970036
        0.0111712978        0.1396772277
        0.0123942465        0.1295334479
        0.0134104238        0.1182311272
        0.0142625150        0.1055948813
        0.0150002924        0.0912042847
        0.0156772779        0.0745412448
        0.0162035766        0.0596669733
        0.0167078707        0.0446092381
        0.0171843206        0.0300349568
        0.0176378088        0.0156550788
        0.0180600895        0.0010912150
        0.0184265235       -0.0139906756
        0.0186932193       -0.0299287311
        0.0187872702       -0.0471458354
        0.0185822519       -0.0661412902
        0.0179260623       -0.0858908066
        0.0169775670       -0.1018167278
        0.0156817995       -0.1164466686
        0.0140968209       -0.1293366145
        0.0122446223       -0.1405668908
        0.0101317669       -0.1501761468
        0.0077576524       -0.1580883996
        0.0051113509       -0.1641020650
        0.0021646738       -0.1678151329
       -0.0010315618       -0.1684484502
       -0.0036184839       -0.1661771856
       -0.0059343502       -0.1616060428
       -0.0078828103       -0.1553490629
       -0.0095179914       -0.1477489136
       -0.0108971811       -0.1389379001
       -0.0120662484       -0.1289285787
       -0.0130681057       -0.1176114216
       -0.0139515965       -0.1046767556
       -0.0147773525       -0.0895247919
       -0.0154733184       -0.0746430119
       -0.0161340359       -0.0594033899
       -0.0167455127       -0.0447981939
       -0.0173243879       -0.0305111031
       -0.0178732827       -0.0161012915
       -0.0183763017       -0.0012070844
       -0.0187988866        0.0145095448
       -0.0190821223        0.0314497537
       -0.0191242626        0.0501505928
       -0.0187613005        0.0705278364
       -0.0180443578        0.0876974380
       -0.0169534372        0.1037161529
       -0.0155538085        0.1179375482
       -0.0138744025        0.1304961369
       -0.0119243071        0.1415021821
       -0.0097045379        0.1509381928
       -0.0072071453        0.1586683520
       -0.0044072674        0.1644041419
       -0.0012914679        0.1675356411
        0.0014517749        0.1674484443
        0.0039456237        0.1647682811
        0.0060486804        0.1601366762
        0.0078238634        0.1540035621
        0.0093382396        0.1465619994
        0.0106415698        0.1378670227
        0.0117773621        0.1278590818
        0.0127934625        0.1163109606
        0.0137514745        0.1027050336
        0.0146944817        0.0868348451
        0.0154365597        0.0731338696
        0.0161675975        0.0590302482
        0.0168693510        0.0450053825
        0.0175425487        0.0308324483
        0.0181770766        0.0161888161
        0.0187462470        0.0007487812
        0.0192024222       -0.0158659460
        0.0194639529       -0.0341732704
        0.0193853423       -0.0545912303
        0.0189092724       -0.0729618691
        0.0180307731       -0.0903418576
        0.0168206467       -0.1058147767
        0.0153174455       -0.1195816601
        0.0135339393       -0.1318398444
        0.0114729348       -0.1426333499
        0.0091289844       -0.1518831169
        0.0064814689       -0.1593852779
        0.0034971219       -0.1646976366
        0.0003905421       -0.1668998998
       -0.0020293930       -0.1661223070
       -0.0042102655       -0.1632294368
       -0.0060941968       -0.1586392539
       -0.0077230213       -0.1526199773
       -0.0091433768       -0.1452796187
       -0.0103982678       -0.1366041285
       -0.0115343971       -0.1264307664
       -0.0126121817       -0.1143415413
       -0.0136979100       -0.0997657523
       -0.0145872709       -0.0864374716
       -0.0154613095       -0.0725519702
       -0.0162928592       -0.0587702582
       -0.0170903575       -0.0448740312
       -0.0178521097       -0.0305245513
       -0.0185590898       -0.0153939698
       -0.0191727750        0.0008802727
       -0.0196264759        0.0187859807
       -0.0197992029        0.0389194463
       -0.0195211437        0.0600440941
       -0.0188781216        0.0773524532
       -0.0178682395        0.0936165112
       -0.0165411194        0.1083720715
       -0.0149205746        0.1217015206
       -0.0130142123        0.1336643487
       -0.0108194229        0.1442219993
       -0.0083192577        0.1532325061
       -0.0054771698        0.1603775046
       -0.0023901656        0.1648343794
        0.0001049639        0.1659272027
        0.0023812351        0.1647496650
        0.0043592822        0.1617101701
        0.0060827435        0.1571337347
        0.0076011747        0.1511704835
        0.0089583711        0.1438427052
        0.0102002982        0.1350367335
        0.0113857892        0.1244183344
        0.0125915600        0.1113536565
        0.0136348787        0.0985203718
        0.0146591646        0.0849506654
        0.0156236524        0.0714885222
        0.0165450008        0.0579278163
        0.0174303767        0.0439132210
        0.0182678117        0.0291132180
        0.0190260718        0.0131762439
        0.0196492895       -0.0043599652
        0.0200363571       -0.0241344993
        0.0200122657       -0.0457153588
        0.0195770540       -0.0638014794
        0.0187568002       -0.0809907703
        0.0176032438       -0.0966736999
        0.0161459564       -0.1109619354
        0.0143956772       -0.1239624281
        0.0123521039       -0.1356797580
        0.0100015305       -0.1460241766
        0.0073090730       -0.1547734212
        0.0043007766       -0.1612771499
        0.0017565427       -0.1642374943
       -0.0005910537       -0.1647913661
       -0.0026403426       -0.1633150493
       -0.0044370147       -0.1601940355
       -0.0060339388       -0.1556223450
       -0.0074759658       -0.1496551334
       -0.0088085925       -0.1422177559
       -0.0100892075       -0.1330420176
       -0.0113980987       -0.1215384502
       -0.0125981822       -0.1093488586
       -0.0136750634       -0.0973978832
       -0.0147515239       -0.0846962649
       -0.0157942254       -0.0716617511
       -0.0168037377       -0.0581268081
       -0.0177726467       -0.0438082442
       -0.0186771971       -0.0283811463
       -0.0194727438       -0.0114239726
       -0.0200795283        0.0076790024
       -0.0203435213        0.0292339802
       -0.0201593721        0.0481879224
       -0.0195665264        0.0664256568
       -0.0186182378        0.0830967488
       -0.0173535851        0.0983579934
       -0.0157883990        0.1123864533
       -0.0139258048        0.1252405077
       -0.0117566003        0.1368839909
       -0.0092514732        0.1471837265
       -0.0063874350        0.1557214584
       -0.0037838646        0.1608402944
       -0.0013498194        0.1633695315
        0.0007765532        0.1636304183
        0.0026455957        0.1621071314
        0.0043167377        0.1590600261
        0.0058371341        0.1545871302
        0.0072517575        0.1486580527
        0.0086153464        0.1410760590
        0.0100064304        0.1313534293
        0.0114808544        0.1190600195
        0.0126834390        0.1078270724
        0.0138879268        0.0957055942
        0.0150521917        0.0831821724
        0.0161808330        0.0701128799
        0.0172718147        0.0562240543
        0.0183066479        0.0412020985
        0.0192473092        0.0246444593
        0.0200255067        0.0059559867
        0.0205055349       -0.0154107331
        0.0205229914       -0.0349097516
        0.0201155803       -0.0538533378
        0.0193336344       -0.0712138656
        0.0182239368       -0.0871748157
        0.0168068547       -0.1019618976
        0.0150880811       -0.1156713010
        0.0130608349       -0.1283039259
        0.0106989250       -0.1397817584
        0.0079686569       -0.1498085140
        0.0053813774       -0.1566195577
        0.0029386866       -0.1607778509
        0.0007969573       -0.1625180463
       -0.0010949244       -0.1623817035
       -0.0027990392       -0.1606737205
       -0.0043636100       -0.1575184174
       -0.0058337710       -0.1529079123
       -0.0072640851       -0.1466781636
       -0.0087336725       -0.1383964754
       -0.0103190117       -0.1274849195
       -0.0116411365       -0.1170859016
       -0.0129698206       -0.1056531569
       -0.0142527563       -0.0937216071
       -0.0154976243       -0.0811750249
       -0.0167069797       -0.0677535874
       -0.0178666528       -0.0531555190
       -0.0189437587       -0.0369932172
       -0.0198784741       -0.0186887804
       -0.0205504344        0.0024223160
       -0.0207556561        0.0223014358
       -0.0205228733        0.0417851018
       -0.0198970865        0.0596897406
       -0.0189324368        0.0762161318
       -0.0176540129        0.0916298086
       -0.0160701104        0.1060586694
       -0.0141760448        0.1195350850
       -0.0119481171        0.1320266006
       -0.0093489897        0.1433287248
       -0.0068117871        0.1516376431
       -0.0043956046        0.1572843569
       -0.0022673974        0.1604056172
       -0.0003769942        0.1615834330
        0.0013386198        0.1611593625
        0.0029281517        0.1592790180
        0.0044370268        0.1559511938
        0.0059202909        0.1510346360
        0.0074585785        0.1441366512
        0.0091415211        0.1346262616
        0.0105737454        0.1251571666
        0.0120193385        0.1145146815
        0.0134159963        0.1032508137
        0.0147732900        0.0912787472
        0.0160972474        0.0783570360
        0.0173769820        0.0641965606
        0.0185834625        0.0484208610
        0.0196630215        0.0304620149
        0.0205064113        0.0095973059
        0.0208816666       -0.0104865208
        0.0208096035       -0.0303280596
        0.0203282070       -0.0486277541
        0.0194977868       -0.0655915033
        0.0183479125       -0.0815113803
        0.0168894026       -0.0965392819
        0.0151193924       -0.1107340554
        0.0130160675       -0.1241026761
        0.0105415022       -0.1365111905
        0.0078803232       -0.1467872272
        0.0056976176       -0.1531432677
        0.0036513926       -0.1574385106
        0.0017911733       -0.1598550303
        0.0000831604       -0.1606727356
       -0.0015149011       -0.1600407122
       -0.0030475388       -0.1579797744
       -0.0045704537       -0.1543668093
       -0.0061663566       -0.1488418506
       -0.0079348824       -0.1407588524
       -0.0094673783       -0.1323068154
       -0.0110220578       -0.1225484131
       -0.0125270308       -0.1120299684
       -0.0139928457       -0.1006950828
       -0.0154281751       -0.0883241872
       -0.0168247409       -0.0746421583
       -0.0181566502       -0.0592825685
       -0.0193752562       -0.0416843491
       -0.0203802477       -0.0210883618
       -0.0209164082       -0.0009296119
       -0.0209984184        0.0191372130
       -0.0206561969        0.0377219173
       -0.0199554826        0.0550271746
       -0.0189302345        0.0713626439
       -0.0175938587        0.0868991471
       -0.0159453373        0.1017189646
       -0.0139646791        0.1158654915
       -0.0116145991        0.1292664824
       -0.0090623283        0.1407616643
       -0.0069508822        0.1482473663
       -0.0049596725        0.1537123140
       -0.0031376786        0.1573038698
       -0.0014519760        0.1593075987
        0.0001394247        0.1598824498
        0.0016815286        0.1590590963
        0.0032313964        0.1567284792
        0.0048747205        0.1525563487
        0.0067188535        0.1458999341
        0.0083394633        0.1385323361
        0.0099929681        0.1297373547
        0.0115992255        0.1200320820
        0.0131686847        0.1093894987
        0.0147116088        0.0976143318
        0.0162215609        0.0844461175
        0.0176750907        0.0695267476
        0.0190275881        0.0522976523
        0.0201854478        0.0319748385
        0.0208708772        0.0118707254
        0.0210980626       -0.0082848690
        0.0208884324       -0.0270438691
        0.0203119900       -0.0445972971
        0.0194067043       -0.0612620173
        0.0181885140       -0.0772220901
        0.0166582365       -0.0925802407
        0.0147976350       -0.1074140003
        0.0125709483       -0.1217051281
        0.0101374879       -0.1342782149
        0.0081110427       -0.1427810045
        0.0061898672       -0.1493217131
        0.0044206765       -0.1540159533
        0.0027714138       -0.1571509774
        0.0012004116       -0.1588928033
       -0.0003379788       -0.1592801788
       -0.0019025981       -0.1582161394
       -0.0035828500       -0.1553887207
       -0.0054924035       -0.1501661123
       -0.0071887175       -0.1439353950
       -0.0089302258       -0.1361695193
       -0.0106300988       -0.1273390537
       -0.0122977993       -0.1174439196
       -0.0139442651       -0.1063139676
       -0.0155642730       -0.0937035275
       -0.0171363188       -0.0792616093
       -0.0186192232       -0.0624292527
       -0.0199246315       -0.0424029862
       -0.0207505487       -0.0224620856
       -0.0211162657       -0.0023321064
       -0.0210346569        0.0165064808
       -0.0205790196        0.0342268527
       -0.0197909728        0.0511449962
       -0.0186889507        0.0674536876
       -0.0172756734        0.0832737050
       -0.0155347694        0.0987151028
       -0.0134326523        0.1138088721
       -0.0111254636        0.1273448213
       -0.0091941578        0.1367699741
       -0.0073544037        0.1443050695
       -0.0056497193        0.1500376228
       -0.0040488547        0.1542545487
       -0.0025104428        0.1571275993
       -0.0009880535        0.1587032230
        0.0005792090        0.1588966170
        0.0022848869        0.1574181729
        0.0042480128        0.1536509799
        0.0060080397        0.1486011817
        0.0078268780        0.1419210513
        0.0096123903        0.1340242530
        0.0113724525        0.1249346763
        0.0131180174        0.1145068946
        0.0148446401        0.1025098505
        0.0165324599        0.0885992162
        0.0181434412        0.0722147642
        0.0195938080        0.0525365095
        0.0205554212        0.0328468957
        0.0210563004        0.0128332401
        0.0211007387       -0.0060063584
        0.0207647449       -0.0238232252
        0.0200933813       -0.0409272774
        0.0191076078       -0.0575168284
        0.0178122070       -0.0737287205
        0.0161929618       -0.0897040033
        0.0142189662       -0.1055205947
        0.0120438658       -0.1199286163
        0.0102149154       -0.1302006229
        0.0084649344       -0.1386633030
        0.0068340638       -0.1453790483
        0.0052917950       -0.1506343312
        0.0037970086       -0.1546068640
        0.0023024279       -0.1573517829
        0.0007450322       -0.1587982657
       -0.0009728702       -0.1586821295
       -0.0029751078       -0.1564048352
       -0.0047873133       -0.1525789004
       -0.0066731203       -0.1470385061
       -0.0085360177       -0.1401355884
       -0.0103819808       -0.1319154206
       -0.0122216068       -0.1222563904
       -0.0140509912       -0.1109419357
       -0.0158517815       -0.0976349173
       -0.0175890452       -0.0817753093
       -0.0191836948       -0.0625287424
       -0.0202807421       -0.0431624150
       -0.0209172537       -0.0233352613
       -0.0210886518       -0.0045596916
       -0.0208735494        0.0132914118
       -0.0203204861        0.0305194055
       -0.0194530802        0.0473261235
       -0.0182784301        0.0638625769
       -0.0167849174        0.0802987934
       -0.0149446774        0.0967596325
       -0.0129062359        0.1119703845
       -0.0111846781        0.1230312357
       -0.0095304977        0.1323685274
       -0.0079809037        0.1400207702
       -0.0065061122        0.1462755102
       -0.0050652250        0.1513180860
       -0.0036101690        0.1552144700
       -0.0020759855        0.1579109806
       -0.0003613186        0.1591741798
        0.0016624210        0.1584292058
        0.0035153657        0.1558752954
        0.0054578772        0.1515321328
        0.0073894350        0.1456885037
        0.0093140292        0.1384096172
        0.0112417996        0.1295970171
        0.0131693195        0.1190489701
        0.0150797372        0.1064372179
        0.0169413493        0.0912059254
        0.0186806359        0.0725085578
        0.0199176159        0.0535275043
        0.0206943869        0.0339416585
        0.0209966783        0.0152853229
        0.0209061101       -0.0025429733
        0.0204750347       -0.0198357187
        0.0197299834       -0.0367970972
        0.0186807061       -0.0535901673
        0.0173187436       -0.0704109088
        0.0156195136       -0.0874330691
        0.0137214391       -0.1033949166
        0.0121107693       -0.1152012813
        0.0105567185       -0.1253721346
        0.0090944921       -0.1339208146
        0.0076951035       -0.1411387086
        0.0063179202       -0.1472216681
        0.0049142721       -0.1522495224
        0.0034177345       -0.1561896992
        0.0017242982       -0.1588461248
       -0.0002999168       -0.1596772888
       -0.0021817201       -0.1584532165
       -0.0041703666       -0.1553729713
       -0.0061610740       -0.1506619076
       -0.0081559142       -0.1444053911
       -0.0101646913       -0.1365283437
       -0.0121845355       -0.1268449278
       -0.0142001669       -0.1150386518
       -0.0161833104       -0.1005642713
       -0.0180675362       -0.0825668994
       -0.0194536707       -0.0640297629
       -0.0203795707       -0.0447305290
       -0.0208196504       -0.0262428530
       -0.0208594727       -0.0084922358
       -0.0205558865        0.0088062508
       -0.0199387239        0.0258585160
       -0.0190207762        0.0428370904
       -0.0177973572        0.0599594928
       -0.0162474140        0.0774507492
       -0.0144931322        0.0941231365
       -0.0129958170        0.1066429744
       -0.0115450333        0.1176156498
       -0.0101752540        0.1270248793
       -0.0088584710        0.1351695570
       -0.0075544594        0.1422598898
       -0.0062143066        0.1483930935
       -0.0047708612        0.1535618407
       -0.0031189480        0.1576141381
       -0.0011187252        0.1600578927
        0.0007790718        0.1602328417
        0.0028025350        0.1584915691
        0.0048417549        0.1549946810
        0.0068970211        0.1498499288
        0.0089780937        0.1430071631
        0.0110828379        0.1342983451
        0.0131976444        0.1234225701
        0.0152978287        0.1098533646
        0.0173258247        0.0927353125
        0.0188745234        0.0747043889
        0.0199623104        0.0557339286
        0.0205495907        0.0374628021
        0.0207273488        0.0198455644
        0.0205580034        0.0026024642
        0.0200752044       -0.0144738380
        0.0192951851       -0.0315622825
        0.0182176100       -0.0488960551
        0.0168253937       -0.0667513569
        0.0152188232       -0.0840928783
        0.0138367360       -0.0973011142
        0.0124915946       -0.1090495711
        0.0112185945       -0.1192843662
        0.0099909928       -0.1283161115
        0.0087692100       -0.1363738532
        0.0075045692       -0.1435758142
        0.0061301126       -0.1499435081
        0.0045412885       -0.1553744182
        0.0025924185       -0.1594473529
        0.0006928857       -0.1610994528
       -0.0013529635       -0.1607818409
       -0.0034286846       -0.1585859149
       -0.0055329036       -0.1546461781
       -0.0076757328       -0.1489405268
       -0.0098560044       -0.1413213276
       -0.0120618569       -0.1315073976
       -0.0142722145       -0.1189996310
       -0.0164397208       -0.1029557312
       -0.0181670602       -0.0855042225
       -0.0193469334       -0.0684585322
       -0.0201180640       -0.0508425296
       -0.0204827949       -0.0334767343
       -0.0204931866       -0.0163531523
       -0.0201866539        0.0006743621
       -0.0195846562        0.0177713221
       -0.0186936438        0.0351654482
       -0.0175023636        0.0531815990
       -0.0160602339        0.0713072812
       -0.0147860308        0.0854533222
       -0.0135361588        0.0981979122
       -0.0123555301        0.1093949208
       -0.0112198466        0.1193943535
       -0.0100908014        0.1284701069
       -0.0089217932        0.1367782631
       -0.0076499245        0.1443824812
       -0.0061789535        0.1512485855
       -0.0043609337        0.1571078943
       -0.0024735347        0.1606261575
       -0.0004117722        0.1620864353
        0.0016877919        0.1614951149
        0.0038236259        0.1590538444
        0.0060099318        0.1547940090
        0.0082488003        0.1486054575
        0.0105312739        0.1402474346
        0.0128406128        0.1292855267
        0.0151446757        0.1149490453
        0.0172652024        0.0968881523
        0.0186323083        0.0803699607
        0.0195873022        0.0631059837
        0.0201224601        0.0460025597
        0.0202950487        0.0290740364
        0.0201477648        0.0121779013
        0.0197065868       -0.0048487450
        0.0189833948       -0.0222300829
        0.0179734704       -0.0403115430
        0.0167020271       -0.0589157510
        0.0155447173       -0.0738098610
        0.0144007643       -0.0873773787
        0.0133216126       -0.0993814670
        0.0122853844       -0.1102039823
        0.0112551264       -0.1201576864
        0.0101858783       -0.1294310801
        0.0090174885       -0.1381225178
        0.0076591814       -0.1462502042
        0.0059669413       -0.1536576990
        0.0041122346       -0.1589391650
        0.0020549074       -0.1621102718
       -0.0000527453       -0.1630627549
       -0.0022073459       -0.1620580198
       -0.0044255369       -0.1591787510
       -0.0067115669       -0.1543471855
       -0.0090584955       -0.1473523815
       -0.0114525945       -0.1378038887
       -0.0138705167       -0.1249949459
       -0.0161813777       -0.1082716199
       -0.0177538941       -0.0923940328
       -0.0189111230       -0.0755599418
       -0.0196305272       -0.0587933316
       -0.0199760162       -0.0421381076
       -0.0199967838       -0.0254563541
       -0.0197237807       -0.0085907216
       -0.0191743777        0.0086721717
       -0.0183510736        0.0266777361
       -0.0172633228        0.0455523708
       -0.0162250896        0.0612155178
       -0.0151879256        0.0756231519
       -0.0142122740        0.0884118202
       -0.0132792837        0.1000065812
       -0.0123536306        0.1107703813
       -0.0113924517        0.1209292161
       -0.0103390323        0.1306168629
       -0.0091091693        0.1399001265
       -0.0075674730        0.1487277610
       -0.0056205202        0.1563212341
       -0.0037636100        0.1607964147
       -0.0017226918        0.1633663970
        0.0004164871        0.1639544243
        0.0026430271        0.1626253850
        0.0049556074        0.1593337509
        0.0073476802        0.1539066089
        0.0098078843        0.1460091138
        0.0123202115        0.1350270757
        0.0148077915        0.1201067803
        0.0166307422        0.1049949524
        0.0180327282        0.0886524330
        0.0189671684        0.0722898435
        0.0195089702        0.0559896976
        0.0197170834        0.0396143866
        0.0196287164        0.0230128534
        0.0192670904        0.0059906027
        0.0186425112       -0.0117734414
        0.0177581847       -0.0306309002
        0.0168411354       -0.0471969846
        0.0159087234       -0.0625692914
        0.0150359379       -0.0761814039
        0.0142080009       -0.0885280744
        0.0133913852       -0.1000481762
        0.0125458517       -0.1110167238
        0.0116190560       -0.1216059463
        0.0105348704       -0.1319277709
        0.0091713824       -0.1420234578
        0.0073874891       -0.1514352478
        0.0055977207       -0.1577479611
        0.0035956915       -0.1621336776
        0.0014805964       -0.1644335547
       -0.0007355516       -0.1647625020
       -0.0030537318       -0.1631236432
       -0.0054697132       -0.1593866728
       -0.0079744658       -0.1532735467
       -0.0105569025       -0.1442696845
       -0.0131796627       -0.1315080213
       -0.0152858859       -0.1173148080
       -0.0169645797       -0.1015481479
       -0.0181327571       -0.0856702262
       -0.0188818015       -0.0698150035
       -0.0192845043       -0.0538395194
       -0.0193856397       -0.0375965783
       -0.0192141587       -0.0209121144
       -0.0187875304       -0.0035015682
       -0.0181122754        0.0150678477
       -0.0172548628        0.0340141693
       -0.0164960239        0.0490521367
       -0.0157456774        0.0631534041
       -0.0150284820        0.0761382808
       -0.0143241414        0.0883283104
       -0.0135979202        0.1000097750
       -0.0128025822        0.1113857857
       -0.0118701158        0.1226064074
       -0.0106932762        0.1337820902
       -0.0091157518        0.1447500915
       -0.0074146735        0.1529883199
       -0.0054697471        0.1592854524
       -0.0033973076        0.1633582562
       -0.0012112535        0.1653890820
        0.0010921620        0.1654432557
        0.0035112588        0.1634366873
        0.0060390788        0.1591440372
        0.0086675414        0.1521401910
        0.0113806239        0.1416545795
        0.0139693458        0.1273415067
        0.0157350659        0.1136584484
        0.0171124031        0.0988029290
        0.0180762196        0.0836009185
        0.0186833719        0.0681493652
        0.0189818544        0.0523699887
        0.0190056468        0.0361247733
        0.0187785121        0.0191752243
        0.0183140664        0.0011018587
        0.0176417412       -0.0180928798
        0.0170025638       -0.0338711052
        0.0163598419       -0.0487762039
        0.0157502212       -0.0624550737
        0.0151586315       -0.0752790077
        0.0145543147       -0.0875950324
        0.0138952811       -0.0996496378
        0.0131220462       -0.1116295130
        0.0121430744       -0.1236961675
        0.0108118829       -0.1359065182
        0.0092242428       -0.1462483216
        0.0073545593       -0.1546400234
        0.0053435567       -0.1605933482
        0.0032088894       -0.1643932936
        0.0009429831       -0.1661965385
       -0.0014557640       -0.1659760587
       -0.0039825389       -0.1635594200
       -0.0066311847       -0.1586029711
       -0.0093960016       -0.1504690684
       -0.0121799536       -0.1383600315
       -0.0142197570       -0.1257984253
       -0.0158682178       -0.1117529914
       -0.0170710542       -0.0972367472
       -0.0178957932       -0.0824033946
       -0.0184004607       -0.0671918159
       -0.0186253145       -0.0514879236
       -0.0185997723       -0.0350984821
       -0.0183448253       -0.0176635766
       -0.0178788508        0.0012234987
       -0.0173670346        0.0178312229
       -0.0168349115        0.0336308938
       -0.0163337779        0.0480114996
       -0.0158549713        0.0614179631
       -0.0153719681        0.0742825425
       -0.0148479579        0.0869042411
       -0.0142312893        0.0995053756
       -0.0134442906        0.1122839367
       -0.0123610497        0.1254153034
       -0.0108406322        0.1384038248
       -0.0092304698        0.1479967990
       -0.0073607252        0.1557776799
       -0.0053199735        0.1614525013
       -0.0031249289        0.1651263478
       -0.0007782733        0.1668164432
        0.0017156474        0.1664062816
        0.0043515777        0.1636323937
        0.0071276741        0.1580011819
        0.0100186952        0.1486655062
        0.0123864409        0.1374753401
        0.0143590245        0.1243794699
        0.0158326858        0.1106668503
        0.0168941841        0.0965728338
        0.0176182144        0.0820485399
        0.0180535509        0.0669992436
        0.0182351515        0.0512748314
        0.0181903442        0.0345910087
        0.0179406085        0.0164613509
        0.0175366011       -0.0025749424
        0.0171565382       -0.0179577312
        0.0167756400       -0.0327257488
        0.0164116576       -0.0466166823
        0.0160493225       -0.0599486727
        0.0156587571       -0.0730363648
        0.0151961844       -0.0861304996
        0.0145965236       -0.0994557602
        0.0137560756       -0.1132458784
        0.0125175103       -0.1275037291
        0.0110639040       -0.1391532205
        0.0093137391       -0.1490248710
        0.0073756574       -0.1566319564
        0.0052703950       -0.1621687567
        0.0029982658       -0.1657397937
        0.0005612839       -0.1672919161
       -0.0020364783       -0.1666305158
       -0.0047940450       -0.1633774427
       -0.0077113409       -0.1568327251
       -0.0106073209       -0.1464128735
       -0.0126794237       -0.1355473391
       -0.0143870335       -0.1231507018
       -0.0156859835       -0.1100193853
       -0.0166335154       -0.0963214523
       -0.0172818380       -0.0820359747
       -0.0176704717       -0.0670633637
       -0.0178316137       -0.0511920573
       -0.0177928114       -0.0340047070
       -0.0175849887       -0.0151980680
       -0.0173346301        0.0008493869
       -0.0170694500        0.0163548836
       -0.0168188382        0.0308037515
       -0.0165752769        0.0445703310
       -0.0163152873        0.0580417774
       -0.0160026902        0.0715129083
       -0.0155837966        0.0852340123
       -0.0149751317        0.0994653807
       -0.0140398710        0.1144479854
       -0.0126608156        0.1292574663
       -0.0111644621        0.1403687218
       -0.0093894101        0.1497783255
       -0.0074087902        0.1571791483
       -0.0052402857        0.1626399037
       -0.0028889517        0.1661552095
       -0.0003588758        0.1675930866
        0.0023485748        0.1666714556
        0.0052394092        0.1628610941
        0.0082676213        0.1553168774
        0.0106500359        0.1460816979
        0.0126690806        0.1349187112
        0.0142356445        0.1228367512
        0.0154212433        0.1100919234
        0.0162914056        0.0966957270
        0.0168925617        0.0825849813
        0.0172613138        0.0676113472
        0.0174301967        0.0514601633
        0.0174305524        0.0336073199
        0.0173280258        0.0167485826
        0.0171886114        0.0003375760
        0.0170547249       -0.0147195623
        0.0169289593       -0.0288896364
        0.0167949694       -0.0426737233
        0.0166237970       -0.0564276086
        0.0163713025       -0.0704306217
        0.0159697454       -0.0849579203
        0.0153086620       -0.1003243329
        0.0142295378       -0.1164252356
        0.0129271146       -0.1294794685
        0.0113102015       -0.1409075568
        0.0094687203       -0.1502091480
        0.0074251447       -0.1575325375
        0.0051835403       -0.1629577054
        0.0027467808       -0.1664205725
        0.0001164115       -0.1677189016
       -0.0027132164       -0.1664621811
       -0.0057459837       -0.1619285952
       -0.0084539463       -0.1545901872
       -0.0106269841       -0.1457108378
       -0.0124608146       -0.1351578782
       -0.0139085790       -0.1236264493
       -0.0150229165       -0.1113108509
       -0.0158545146       -0.0982239487
       -0.0164440505       -0.0842851273
       -0.0168276269       -0.0692858462
       -0.0170407698       -0.0527905740
       -0.0171218108       -0.0344796645
       -0.0171288111       -0.0188008966
       -0.0171204167       -0.0034237241
       -0.0171137774        0.0111211355
       -0.0171044948        0.0251757763
       -0.0170731682        0.0391191842
       -0.0169863395        0.0532590613
       -0.0167920239        0.0678791122
       -0.0164076759        0.0833017176
       -0.0156961752        0.0998488907
       -0.0145372097        0.1164258387
       -0.0132042998        0.1292139419
       -0.0115693959        0.1404256380
       -0.0096983468        0.1497165471
       -0.0076099080        0.1571495283
       -0.0053098289        0.1627238253
       -0.0028007528        0.1663163335
       -0.0000797938        0.1676590588
        0.0028668306        0.1662448266
        0.0059855557        0.1612540396
        0.0084422144        0.1542398742
        0.0105649881        0.1451783327
        0.0122641001        0.1349247626
        0.0136039610        0.1237663119
        0.0146466832        0.1117605424
        0.0154385037        0.0988723687
        0.0160184166        0.0849656575
        0.0164247776        0.0697222262
        0.0166989187        0.0525907998
        0.0168636194        0.0363266698
        0.0169929077        0.0202448474
        0.0171104153        0.0052659708
        0.0172230980       -0.0090259530
        0.0173205992       -0.0231109479
        0.0173779185       -0.0373482382
        0.0173535582       -0.0520398082
        0.0171818551       -0.0675071441
        0.0167539199       -0.0841439383
        0.0159102699       -0.1018455888
        0.0148006887       -0.1164217687
        0.0133545478       -0.1295308906
        0.0116520506       -0.1406182994
        0.0097179114       -0.1498222360
        0.0075581974       -0.1572284326
        0.0051754082       -0.1627837041
        0.0025681297       -0.1663018326
       -0.0002755657       -0.1674177671
       -0.0033652161       -0.1654442680
       -0.0061131269       -0.1605770372
       -0.0085391824       -0.1532037535
       -0.0104878264       -0.1443598068
       -0.0120425572       -0.1344652195
       -0.0132835804       -0.1236286841
       -0.0142650578       -0.1118538776
       -0.0150290597       -0.0990595117
       -0.0156156515       -0.0850211599
       -0.0160689904       -0.0692609054
       -0.0164321276       -0.0515823210
       -0.0166880120       -0.0365853716
       -0.0169319628       -0.0216493227
       -0.0171672922       -0.0072534391
       -0.0173905652        0.0068978063
       -0.0175848519        0.0211565589
       -0.0177179933        0.0358344106
       -0.0177378630        0.0512486672
       -0.0175594200        0.0677918500
       -0.0170395998        0.0858203814
       -0.0161708756        0.1022215473
       -0.0149264012        0.1172823907
       -0.0134020895        0.1301214800
       -0.0116325252        0.1409826585
       -0.0096249373        0.1500696837
       -0.0073815194        0.1574070794
       -0.0049017131        0.1628777185
       -0.0021764951        0.1662181490
        0.0008161991        0.1669195812
        0.0039689118        0.1641858074
        0.0064049168        0.1592217731
        0.0085396667        0.1522071668
        0.0102981087        0.1438024939
        0.0117340039        0.1342881756
        0.0129021317        0.1237475656
        0.0138466920        0.1121580710
        0.0146086695        0.0993758023
        0.0152329742        0.0850462775
        0.0157711523        0.0686013239
        0.0161854193        0.0533620688
        0.0165733759        0.0380485895
        0.0169380016        0.0234621698
        0.0172867599        0.0092674960
        0.0176126132       -0.0049558484
        0.0178925700       -0.0195516833
        0.0180857359       -0.0348402268
        0.0181253287       -0.0511964946
        0.0178976719       -0.0690937371
        0.0172429455       -0.0881377507
        0.0162953975       -0.1037088210
        0.0149999731       -0.1179672700
        0.0134233496       -0.1303867134
        0.0115901199       -0.1410750010
        0.0095076771       -0.1500998824
        0.0071775336       -0.1574048190
        0.0045938638       -0.1628081583
        0.0017361251       -0.1659499247
       -0.0013936056       -0.1661328273
       -0.0040603311       -0.1634006032
       -0.0064422753       -0.1582474431
       -0.0084126671       -0.1514310669
       -0.0100371250       -0.1433474202
       -0.0113826162       -0.1341395640
       -0.0124984584       -0.1238320134
       -0.0134269439       -0.1123439633
       -0.0142127230       -0.0994277162
       -0.0149100244       -0.0845556078
       -0.0155565567       -0.0677642595
       -0.0160536151       -0.0535938114
       -0.0165430807       -0.0392506866
       -0.0170163723       -0.0251486232
       -0.0174699802       -0.0110350374
       -0.0178884179        0.0034151717
       -0.0182401928        0.0185182005
       -0.0184724992        0.0346298307
       -0.0184966578        0.0522213334
       -0.0181617651        0.0715964396
       -0.0174664407        0.0886872235
       -0.0163897413        0.1046155624
       -0.0150086081        0.1185727925
       -0.0133569108        0.1307469740
       -0.0114446385        0.1413037226
       -0.0092744117        0.1502568096
       -0.0068427245        0.1574929217
       -0.0041332976        0.1627588763
       -0.0011191501        0.1655446459
        0.0019896214        0.1650383419
        0.0043675166        0.1620447420
        0.0064767668        0.1570350700
        0.0082602385        0.1505042475
        0.0097629366        0.1427083673
        0.0110330683        0.1337369074
        0.0121133397        0.1235647759
        0.0130477801        0.1120251967
        0.0138900435        0.0987065232
        0.0146988396        0.0830841548
        0.0153476449        0.0690323218
        0.0159809601        0.0546644505
        0.0165851781        0.0406290436
        0.0171659553        0.0266659997
        0.0177172203        0.0124164468
        0.0182164711       -0.0024473615
        0.0186221677       -0.0182686615
        0.0188645251       -0.0354893278
        0.0188207680       -0.0546428838
        0.0183324592       -0.0746710837
        0.0175237871       -0.0909357304
        0.0163619128       -0.1060269137
        0.0149010257       -0.1194899141
        0.0131640986       -0.1314032662
        0.0111585477       -0.1418128894
        0.0088836291       -0.1506579049
        0.0063271384       -0.1577622289
        0.0034589222       -0.1627645074
        0.0003403757       -0.1649043692
       -0.0021853653       -0.1640051099
       -0.0044614348       -0.1608415473
       -0.0063976472       -0.1559386753
       -0.0080438193       -0.1496340397
       -0.0094540291       -0.1420705467
       -0.0106730620       -0.1332693525
       -0.0117445711       -0.1231271736
       -0.0127204871       -0.1113396780
       -0.0136675552       -0.0973103335
       -0.0144859129       -0.0834505946
       -0.0152787424       -0.0690899577
       -0.0160210763       -0.0551653564
       -0.0167296991       -0.0414043955
       -0.0174094164       -0.0274007896
       -0.0180463865       -0.0128076895
       -0.0186081307        0.0027125034
       -0.0190383443        0.0195746355
       -0.0192385917        0.0383466981
       -0.0190438091        0.0589203090
       -0.0184720308        0.0762979572
       -0.0175220937        0.0926580215
       -0.0162534483        0.1073478277
       -0.0146962322        0.1204932693
       -0.0128609896        0.1322070114
       -0.0107491121        0.1424837064
       -0.0083518269        0.1512100766
       -0.0056423346        0.1581345925
       -0.0026125518        0.1626816750
        0.0000363199        0.1639642352
        0.0024587498        0.1627336025
        0.0045250261        0.1595142737
        0.0062915505        0.1547419024
        0.0078202442        0.1486197227
        0.0091588564        0.1412112762
        0.0103510871        0.1324622090
        0.0114472431        0.1221489970
        0.0125147662        0.1097562053
        0.0135953411        0.0950954992
        0.0144587398        0.0823309816
        0.0153188765        0.0690328060
        0.0161513375        0.0556507800
        0.0169567788        0.0419840779
        0.0177264000        0.0277297763
        0.0184351671        0.0125677844
        0.0190375523       -0.0038890887
        0.0194546386       -0.0221859984
        0.0195416359       -0.0427407096
        0.0192149427       -0.0611685214
        0.0184839276       -0.0787496442
        0.0174110461       -0.0945750152
        0.0160360659       -0.1088267691
        0.0143738702       -0.1216965456
        0.0124282199       -0.1332363286
        0.0101933396       -0.1433867675
        0.0076469844       -0.1519780564
        0.0047573352       -0.1586087469
        0.0020177221       -0.1621039143
       -0.0005236474       -0.1628531851
       -0.0026925654       -0.1613367891
       -0.0045526450       -0.1581049412
       -0.0061750855       -0.1534302453
       -0.0076112698       -0.1474170004
       -0.0089053653       -0.1400494077
       -0.0101065284       -0.1311622761
       -0.0112810029       -0.1203313206
       -0.0124978282       -0.1070160693
       -0.0135029311       -0.0948057004
       -0.0145037069       -0.0819054315
       -0.0154657140       -0.0689044015
       -0.0163960465       -0.0556196404
       -0.0172934917       -0.0417441675
       -0.0181400313       -0.0269627043
       -0.0188985438       -0.0109075012
       -0.0195041008        0.0069351637
       -0.0198357587        0.0271778988
       -0.0197461556        0.0465011837
       -0.0192274515        0.0651615016
       -0.0183410150        0.0819657501
       -0.0171380107        0.0971507229
       -0.0156387950        0.1109902102
       -0.0138497032        0.1235909915
       -0.0117673530        0.1349388322
       -0.0093731288        0.1449236636
       -0.0066302069        0.1532667974
       -0.0036734117        0.1590810861
       -0.0012921559        0.1614345109
        0.0008914521        0.1616160162
        0.0028103096        0.1599563164
        0.0045041252        0.1567580758
        0.0060191137        0.1521676076
        0.0073984176        0.1462053543
        0.0086899633        0.1387537374
        0.0099581570        0.1294695668
        0.0112862486        0.1177261741
        0.0124371083        0.1061993791
        0.0135835577        0.0938061095
        0.0146769789        0.0812745661
        0.0157313035        0.0684441866
        0.0167533426        0.0550050135
        0.0177316763        0.0406461054
        0.0186361680        0.0250159213
        0.0194125271        0.0076307007
        0.0199601469       -0.0121795346
        0.0200955112       -0.0337486760
        0.0197950571       -0.0517914959
        0.0191099308       -0.0690671107
        0.0180862092       -0.0849960348
        0.0167537153       -0.0996767297
        0.0151242784       -0.1132126684
        0.0131978337       -0.1256205848
        0.0109595183       -0.1368390035
        0.0083732243       -0.1466866178
        0.0054965578       -0.1544604595
        0.0030958947       -0.1585969736
        0.0008710292       -0.1604672603
       -0.0010937266       -0.1603625141
       -0.0028389267       -0.1586346892
       -0.0044128345       -0.1554691111
       -0.0058590958       -0.1509168798
       -0.0072249398       -0.1448980834
       -0.0085731575       -0.1371346133
       -0.0099927831       -0.1270291247
       -0.0112889586       -0.1163346270
       -0.0125829430       -0.1045795456
       -0.0138079035       -0.0926162809
       -0.0149845979       -0.0803147271
       -0.0161280672       -0.0673666994
       -0.0172330138       -0.0534669681
       -0.0182750796       -0.0382778030
       -0.0192080411       -0.0213398456
       -0.0199466844       -0.0019771858
       -0.0203178052        0.0197059108
       -0.0202173257        0.0382551110
       -0.0197178814        0.0561905476
       -0.0188643297        0.0727999261
       -0.0176923298        0.0882001899
       -0.0162174754        0.1025326550
       -0.0144423761        0.1158491179
       -0.0123553242        0.1281297333
       -0.0099228747        0.1392679466
       -0.0071599588        0.1487359934
       -0.0047699852        0.1545515097
       -0.0025335378        0.1580405552
       -0.0005496972        0.1594367068
        0.0012225410        0.1591374302
        0.0028331842        0.1573651887
        0.0043264392        0.1541976141
        0.0057492439        0.1495838472
        0.0071634997        0.1432942447
        0.0086606230        0.1347894482
        0.0100939083        0.1250854240
        0.0113991952        0.1151711041
        0.0127209139        0.1042430715
        0.0140126603        0.0926996585
        0.0152760741        0.0804229400
        0.0165078595        0.0671668952
        0.0176894137        0.0526262848
        0.0187833670        0.0363840965
        0.0197218145        0.0178040167
        0.0203607066       -0.0035600780
        0.0205075349       -0.0226813781
        0.0202356682       -0.0413822559
        0.0195869305       -0.0587230133
        0.0186067773       -0.0748506793
        0.0173169034       -0.0899643518
        0.0157240362       -0.1041601262
        0.0138212537       -0.1174608229
        0.0115810028       -0.1298306905
        0.0089817309       -0.1409725017
        0.0065936073       -0.1487333474
        0.0043325504       -0.1540685578
        0.0023248936       -0.1571253058
        0.0005274792       -0.1583825487
       -0.0011138934       -0.1581239562
       -0.0026448118       -0.1564663857
       -0.0041115069       -0.1533971276
       -0.0055732443       -0.1487465304
       -0.0071189882       -0.1420724523
       -0.0088155194       -0.1328653299
       -0.0102318616       -0.1239186802
       -0.0116712055       -0.1138228091
       -0.0130777944       -0.1030059486
       -0.0144558177       -0.0913785601
       -0.0158061364       -0.0787126924
       -0.0171143150       -0.0647192518
       -0.0183482720       -0.0490016710
       -0.0194494220       -0.0309464454
       -0.0202917203       -0.0099319925
       -0.0206350859        0.0094666531
       -0.0205475325        0.0286128641
       -0.0200649192        0.0464170509
       -0.0192400099        0.0630381675
       -0.0180995687        0.0787105052
       -0.0166534590        0.0935598114
       -0.0148976453        0.1076398866
       -0.0128081178        0.1209627785
       -0.0103556578        0.1333458763
       -0.0080279241        0.1425823683
       -0.0058048093        0.1493938337
       -0.0038233933        0.1538351725
       -0.0020411445        0.1564267024
       -0.0004028234        0.1574896745
        0.0011376762        0.1571643476
        0.0026267829        0.1554583490
        0.0041238602        0.1522316618
        0.0057187192        0.1470948336
        0.0074984305        0.1394547790
        0.0090157802        0.1315796226
        0.0105653279        0.1224189258
        0.0120812253        0.1124128294
        0.0135692938        0.1015026331
        0.0150338114        0.0894816864
        0.0164637711        0.0760775960
        0.0178313699        0.0609116888
        0.0190853740        0.0433908296
        0.0201148328        0.0227989566
        0.0206457195        0.0032607117
        0.0207357389       -0.0161937601
        0.0204129489       -0.0343409262
        0.0197371786       -0.0513441167
        0.0187404340       -0.0674657540
        0.0174358049       -0.0828564017
        0.0158220334       -0.0975966440
        0.0138784365       -0.1117396614
        0.0115732342       -0.1251944712
        0.0093278483       -0.1357471338
        0.0071662568       -0.1439096751
        0.0052318654       -0.1496410539
        0.0034836023       -0.1534931260
        0.0018660829       -0.1558200083
        0.0003329537       -0.1567826996
       -0.0011625581       -0.1564063313
       -0.0026803870       -0.1545755238
       -0.0043117537       -0.1509456256
       -0.0061579546       -0.1448998873
       -0.0077647805       -0.1381787863
       -0.0094149976       -0.1300441306
       -0.0110331150       -0.1209263324
       -0.0126257189       -0.1107976441
       -0.0141996753       -0.0994751557
       -0.0157466781       -0.0867035878
       -0.0172423670       -0.0721199457
       -0.0186414034       -0.0551476683
       -0.0198449907       -0.0350190983
       -0.0205534283       -0.0154771410
       -0.0208135186        0.0041478662
       -0.0206441765        0.0225211311
       -0.0201116937        0.0398021709
       -0.0192532780        0.0562730462
       -0.0180852799        0.0721038450
       -0.0166091609        0.0873981223
       -0.0148074085        0.1022453906
       -0.0126483431        0.1166304358
       -0.0105029492        0.1283408581
       -0.0084225875        0.1377249804
       -0.0065529054        0.1446479164
       -0.0048549349        0.1496832595
       -0.0032739563        0.1532127945
       -0.0017636328        0.1554158648
       -0.0002767495        0.1563333087
        0.0012475620        0.1558715627
        0.0029024462        0.1537257646
        0.0047997655        0.1492854474
        0.0064831268        0.1437872443
        0.0082229437        0.1367587635
        0.0099349771        0.1286018550
        0.0116257581        0.1193187801
        0.0133039319        0.1087519827
        0.0149632579        0.0966636186
        0.0165821855        0.0827049419
        0.0181203007        0.0663131401
        0.0194888629        0.0466902739
        0.0203667301        0.0272677655
        0.0207909551        0.0075973120
        0.0207703580       -0.0108963847
        0.0203770504       -0.0283617156
        0.0196533379       -0.0450924532
        0.0186188663       -0.0612733277
        0.0172778454       -0.0770274700
        0.0156159410       -0.0924769848
        0.0136030086       -0.1076726572
        0.0113979833       -0.1213857373
        0.0095546506       -0.1310452034
        0.0077991716       -0.1388990706
        0.0061717995       -0.1450238088
        0.0046417534       -0.1497021960
        0.0031680624       -0.1531080079
        0.0017041051       -0.1552943243
        0.0001882471       -0.1561892504
       -0.0014744252       -0.1555281043
       -0.0034048232       -0.1527246436
       -0.0051519578       -0.1485207570
       -0.0069704013       -0.1426796679
       -0.0087675772       -0.1355629199
       -0.0105494750       -0.1272025004
       -0.0123260857       -0.1174675038
       -0.0140929012       -0.1061384145
       -0.0158308682       -0.0928814655
       -0.0175040903       -0.0771490636
       -0.0190334584       -0.0581242477
       -0.0200809008       -0.0389166817
       -0.0206704379       -0.0192909526
       -0.0207995164       -0.0007579201
       -0.0205461560        0.0168148899
       -0.0199580395        0.0337291478
       -0.0190583304        0.0501813113
       -0.0178542165        0.0663112139
       -0.0163348751        0.0822698578
       -0.0144725147        0.0981702741
       -0.0124031837        0.1128664693
       -0.0106596499        0.1234769864
       -0.0089905908        0.1323514364
       -0.0074364970        0.1395320560
       -0.0059674848        0.1453114680
       -0.0045428174        0.1498785829
       -0.0031155271        0.1533028693
       -0.0016231642        0.1555356991
        0.0000306210        0.1563542222
        0.0019745857        0.1552110349
        0.0037718798        0.1523676439
        0.0056570631        0.1477907193
        0.0075295454        0.1417916679
        0.0093943871        0.1344320112
        0.0112625990        0.1256085542
        0.0131311544        0.1151209703
        0.0149832595        0.1026515598
        0.0167872373        0.0876703451
        0.0184734872        0.0693511325
        0.0196927423        0.0504495701
        0.0204506093        0.0309516607
        0.0207316008        0.0124554107
        0.0206199595       -0.0051512538
        0.0201691513       -0.0221750438
        0.0194061159       -0.0388215845
        0.0183412589       -0.0552444066
        0.0169676211       -0.0716192002
        0.0152605051       -0.0881173992
        0.0133332963       -0.1037057925
        0.0116960415       -0.1151992734
        0.0101208686       -0.1250328711
        0.0086487964       -0.1332121018
        0.0072509633       -0.1400407118
        0.0058869776       -0.1457245579
        0.0045096943       -0.1503513241
        0.0030561667       -0.1538976084
        0.0014293115       -0.1561850603
       -0.0005063548       -0.1567195451
       -0.0023395491       -0.1553033128
       -0.0042789597       -0.1520674893
       -0.0062159313       -0.1472651007
       -0.0081543405       -0.1409879391
       -0.0101060721       -0.1331618675
       -0.0120694516       -0.1236068683
       -0.0140297883       -0.1120230017
       -0.0159594134       -0.0979016394
       -0.0177983941       -0.0804178346
       -0.0191950174       -0.0619096413
       -0.0201272180       -0.0426140735
       -0.0205643737       -0.0242249586
       -0.0205976813       -0.0066550480
       -0.0202870642        0.0104060140
       -0.0196635799        0.0271710657
       -0.0187411107        0.0438042170
       -0.0175169214        0.0605009284
       -0.0159701487        0.0774862342
       -0.0141910240        0.0938799341
       -0.0126650133        0.1061973454
       -0.0111895461        0.1169352852
       -0.0098067861        0.1260577768
       -0.0084890787        0.1338818347
       -0.0071965361        0.1406328875
       -0.0058820974        0.1464190915
       -0.0044827927        0.1512444075
       -0.0029017708        0.1549776059
       -0.0009982900        0.1571925413
        0.0008556853        0.1572708436
        0.0028360312        0.1554536410
        0.0048255789        0.1519270682
        0.0068268348        0.1468152222
        0.0088525574        0.1400750496
        0.0109023849        0.1315482628
        0.0129636151        0.1209546572
        0.0150123723        0.1078112480
        0.0169984719        0.0913065681
        0.0185803053        0.0732819192
        0.0196193928        0.0559010692
        0.0202482587        0.0380838747
        0.0204735895        0.0206674784
        0.0203467762        0.0036258836
        0.0199032319       -0.0131946079
        0.0191621708       -0.0299501694
        0.0181275447       -0.0468385604
        0.0167846015       -0.0641337467
        0.0151736209       -0.0814164067
        0.0137504310       -0.0948076834
        0.0123632482       -0.1066689099
        0.0110648591       -0.1168728103
        0.0098296112       -0.1257789053
        0.0086183152       -0.1336585960
        0.0073854037       -0.1406577922
        0.0060711471       -0.1468221153
        0.0045856149       -0.1520874191
        0.0027883027       -0.1561614259
        0.0009229246       -0.1580911087
       -0.0010956902       -0.1580113676
       -0.0031283769       -0.1560359496
       -0.0051781460       -0.1523588852
       -0.0072625670       -0.1469896141
       -0.0093849532       -0.1398057314
       -0.0115358390       -0.1305645861
       -0.0136960465       -0.1188414415
       -0.0158293788       -0.1038915718
       -0.0177733299       -0.0853049671
       -0.0190045951       -0.0683575630
       -0.0198211611       -0.0507971454
       -0.0202199507       -0.0335534028
       -0.0202579632       -0.0166191665
       -0.0199760683        0.0001603823
       -0.0193980207        0.0169438313
       -0.0185330889        0.0339320112
       -0.0173729926        0.0514241849
       -0.0159358787        0.0692846387
       -0.0146278567        0.0835328908
       -0.0133433167        0.0963222608
       -0.0121418549        0.1074364106
       -0.0109998964        0.1172681204
       -0.0098791664        0.1261277455
       -0.0087352398        0.1341930042
       -0.0075104064        0.1415433500
       -0.0061189386        0.1481656849
       -0.0044241108        0.1538690088
       -0.0025710034        0.1575695931
       -0.0007139089        0.1591337169
        0.0012894394        0.1588709399
        0.0033563441        0.1568050389
        0.0054786618        0.1529782089
        0.0076556791        0.1473138573
        0.0098794734        0.1396147913
        0.0121346542        0.1295221314
        0.0143958932        0.1163920419
        0.0165650221        0.0994424359
        0.0180724711        0.0830128632
        0.0191548217        0.0656908509
        0.0197875829        0.0486326514
        0.0200399065        0.0318585103
        0.0199629668        0.0152008536
        0.0195874856       -0.0015017261
        0.0189297790       -0.0184390138
        0.0179906894       -0.0359037812
        0.0167679687       -0.0541102765
        0.0155685853       -0.0695500991
        0.0143737113       -0.0835664336
        0.0132622933       -0.0957526126
        0.0122138332       -0.1065812865
        0.0111906857       -0.1164435348
        0.0101505147       -0.1255706361
        0.0090400481       -0.1340870139
        0.0077825402       -0.1420372757
        0.0062551896       -0.1493506139
        0.0043353890       -0.1554538459
        0.0025023518       -0.1587607844
        0.0004991227       -0.1601882901
       -0.0015807331       -0.1597058999
       -0.0037287066       -0.1573965745
       -0.0059463298       -0.1532229012
       -0.0082280861       -0.1470237211
       -0.0105615416       -0.1384894414
       -0.0129279039       -0.1270592248
       -0.0152669123       -0.1118674060
       -0.0170325575       -0.0961007025
       -0.0183655747       -0.0791561817
       -0.0192156761       -0.0624037292
       -0.0196649500       -0.0458975215
       -0.0197754719       -0.0294602263
       -0.0195845606       -0.0129284692
       -0.0191143030        0.0038780197
       -0.0183731271        0.0212371005
       -0.0173581052        0.0394975025
       -0.0162804290        0.0559326382
       -0.0151888219        0.0710059925
       -0.0141781013        0.0841017579
       -0.0132312877        0.0957679228
       -0.0123115772        0.1064754447
       -0.0113783259        0.1165054109
       -0.0103813742        0.1260203931
       -0.0092498462        0.1351090207
       -0.0078717203        0.1437800493
       -0.0060988612        0.1516833679
       -0.0043118905        0.1568180048
       -0.0023272150        0.1600314148
       -0.0002524476        0.1612113830
        0.0019029467        0.1604919629
        0.0041430136        0.1578829436
        0.0064647015        0.1532614648
        0.0088581299        0.1463652490
        0.0113091575        0.1367141273
        0.0137832690        0.1234784617
        0.0158218905        0.1085216508
        0.0173083999        0.0934364720
        0.0184004657        0.0774631598
        0.0190867871        0.0614032410
        0.0194211544        0.0453063738
        0.0194463838        0.0290657197
        0.0191909887        0.0125298895
        0.0186715514       -0.0045398477
        0.0178914654       -0.0225294849
        0.0168894828       -0.0411671118
        0.0159853835       -0.0561059322
        0.0150924322       -0.0699616492
        0.0142493778       -0.0824934148
        0.0134364882       -0.0940573659
        0.0126192841       -0.1049627227
        0.0117532845       -0.1154145593
        0.0107768958       -0.1255474214
        0.0095956497       -0.1354431775
        0.0080612682       -0.1450204265
        0.0063500471       -0.1524225355
        0.0044030037       -0.1578388995
        0.0023569137       -0.1610001926
        0.0002226478       -0.1621467771
       -0.0020095350       -0.1613760492
       -0.0043409858       -0.1586241541
       -0.0067649187       -0.1536907818
       -0.0092707471       -0.1461969316
       -0.0118421517       -0.1354507108
       -0.0143460596       -0.1207998847
       -0.0160913541       -0.1065622686
       -0.0174366018       -0.0911717514
       -0.0183495362       -0.0755960087
       -0.0188931941       -0.0599254848
       -0.0191190146       -0.0440622734
       -0.0190615946       -0.0278704321
       -0.0187438721       -0.0111427909
       -0.0181773173        0.0064803654
       -0.0173770108        0.0252253991
       -0.0165931545        0.0410479369
       -0.0158055066        0.0558452228
       -0.0150671741        0.0691833469
       -0.0143631169        0.0814818191
       -0.0136617411        0.0931213378
       -0.0129225741        0.1043555302
       -0.0120906254        0.1153585767
       -0.0110836951        0.1262618539
       -0.0097691855        0.1371232290
       -0.0080347669        0.1472294360
       -0.0063067290        0.1540418047
       -0.0043597565        0.1590154751
       -0.0022781087        0.1619776347
       -0.0000754994        0.1630022690
        0.0022455036        0.1620666682
        0.0046789859        0.1590212690
        0.0072163652        0.1535632575
        0.0098485255        0.1451331374
        0.0125208159        0.1328688084
        0.0145732380        0.1196797160
        0.0162190216        0.1049806978
        0.0173897474        0.0899900875
        0.0181638359        0.0748558147
        0.0186060709        0.0594839073
        0.0187587027        0.0437517233
        0.0186508371        0.0274866990
        0.0183018091        0.0103844798
        0.0177235126       -0.0079897176
        0.0170680037       -0.0248415469
        0.0163873960       -0.0407273359
        0.0157543372       -0.0549077765
        0.0151599326       -0.0679000649
        0.0145755585       -0.0801915454
        0.0139648010       -0.0920983211
        0.0132790767       -0.1038356098
        0.0124475111       -0.1155746236
        0.0113569943       -0.1274594609
        0.0098540563       -0.1392539663
        0.0082400660       -0.1480881829
        0.0063737357       -0.1550866641
        0.0043568995       -0.1599479027
        0.0022054338       -0.1628158271
       -0.0000807667       -0.1637355091
       -0.0024983230       -0.1626121966
       -0.0050405421       -0.1592108445
       -0.0077015265       -0.1530905671
       -0.0104646121       -0.1434628465
       -0.0128473617       -0.1315317697
       -0.0146702290       -0.1188754630
       -0.0161168461       -0.1049659059
       -0.0171583152       -0.0905925357
       -0.0178499418       -0.0758722139
       -0.0182398724       -0.0607473241
       -0.0183633988       -0.0450938035
       -0.0182469971       -0.0286821537
       -0.0179091759       -0.0110939283
       -0.0173811474        0.0077307440
       -0.0168694296        0.0233109479
       -0.0163550108        0.0381361729
       -0.0158708994        0.0518283102
       -0.0154037993        0.0647516712
       -0.0149250242        0.0772577687
       -0.0143943154        0.0896046536
       -0.0137539594        0.1019988211
       -0.0129148922        0.1146355936
       -0.0117336119        0.1276308676
       -0.0102746320        0.1389429319
       -0.0085164985        0.1484149958
       -0.0065940021        0.1554697482
       -0.0045283049        0.1603913298
       -0.0023142843        0.1633509638
        0.0000489011        0.1643339030
        0.0025568339        0.1631803758
        0.0052048564        0.1595664903
        0.0079908638        0.1528902650
        0.0108299554        0.1423434024
        0.0129491508        0.1309804366
        0.0146888634        0.1180250283
        0.0159869159        0.1044644736
        0.0169106472        0.0904809442
        0.0175193194        0.0760386418
        0.0178547663        0.0610425255
        0.0179488485        0.0453168259
        0.0178269092        0.0285197954
        0.0175118917        0.0102003564
        0.0171336573       -0.0062346349
        0.0167340291       -0.0219842462
        0.0163613216       -0.0363674120
        0.0160097956       -0.0498303896
        0.0156559225       -0.0628205024
        0.0152654859       -0.0756519594
        0.0147896128       -0.0885652489
        0.0141545957       -0.1017854607
        0.0132407865       -0.1155396252
        0.0118989956       -0.1294737524
        0.0104182974       -0.1401389496
        0.0086600554       -0.1490839361
        0.0067120864       -0.1559500224
        0.0045929674       -0.1608523129
        0.0023060287       -0.1638265231
       -0.0001446861       -0.1647742655
       -0.0027549582       -0.1634565168
       -0.0055252409       -0.1594234183
       -0.0084414087       -0.1518780765
       -0.0109070805       -0.1421093479
       -0.0129916529       -0.1302808651
       -0.0145745156       -0.1176691699
       -0.0157447151       -0.1045553886
       -0.0165804286       -0.0909221132
       -0.0171326638       -0.0766970708
       -0.0174385582       -0.0617514910
       -0.0175289003       -0.0458275578
       -0.0174307551       -0.0284510701
       -0.0171872647       -0.0098411091
       -0.0169386133        0.0053914850
       -0.0166883941        0.0201215022
       -0.0164540527        0.0340218006
       -0.0162233241        0.0474132889
       -0.0159695323        0.0606258480
       -0.0156523797        0.0739270052
       -0.0152115357        0.0875625193
       -0.0145511739        0.1018019777
       -0.0135192878        0.1167759839
       -0.0122227759        0.1295650974
       -0.0106085964        0.1406878518
       -0.0087861395        0.1495413342
       -0.0067797034        0.1563444763
       -0.0045905967        0.1612362770
       -0.0022206236        0.1641894118
        0.0003269121        0.1650362071
        0.0030524032        0.1634413989
        0.0059612505        0.1587793345
        0.0089200813        0.1503323755
        0.0111002384        0.1408872772
        0.0129281076        0.1297634569
        0.0143469316        0.1177670587
        0.0154154251        0.1051016116
        0.0161883308        0.0917731648
        0.0167072609        0.0777069269
        0.0170070862        0.0627225049
        0.0171200039        0.0464430669
        0.0170797991        0.0284246115
        0.0169698966        0.0125232332
        0.0168420562       -0.0029583163
        0.0167248973       -0.0173887711
        0.0166151454       -0.0311537055
        0.0164934698       -0.0446666698
        0.0163277409       -0.0582423318
        0.0160692436       -0.0721487445
        0.0156422900       -0.0866695452
        0.0149219605       -0.1021140404
        0.0137652252       -0.1179098657
        0.0124327844       -0.1301856492
        0.0108012968       -0.1408697790
        0.0089460798       -0.1495745017
        0.0068870971       -0.1563906077
        0.0046297527       -0.1613439529
        0.0021776883       -0.1643331938
       -0.0004684458       -0.1651182283
       -0.0033166310       -0.1632453180
       -0.0063485338       -0.1579212711
       -0.0088532396       -0.1503611226
       -0.0110097323       -0.1406775978
       -0.0127058247       -0.1298991165
       -0.0140175086       -0.1183367006
       -0.0150154950       -0.1060352615
       -0.0157490270       -0.0929581679
       -0.0162569134       -0.0789881051
       -0.0165749888       -0.0638560693
       -0.0167399857       -0.0470535775
       -0.0167950667       -0.0289244455
       -0.0168034530       -0.0140372767
       -0.0168095957        0.0005820360
       -0.0168207464        0.0146102710
       -0.0168266010        0.0283413556
       -0.0168032006        0.0420988917
       -0.0167117581        0.0561674317
       -0.0164921505        0.0708355985
       -0.0160468229        0.0864498336
       -0.0152212090        0.1031548002
       -0.0141113355        0.1174223610
       -0.0126633741        0.1301941665
       -0.0109707146        0.1408248222
       -0.0090602609        0.1495014086
       -0.0069370274        0.1563533567
       -0.0046036374        0.1613544866
       -0.0020611995        0.1643430102
        0.0006964287        0.1649933592
        0.0036820311        0.1626916479
        0.0067167836        0.1567611463
        0.0089631306        0.1494051578
        0.0108849167        0.1402663925
        0.0124276421        0.1300177864
        0.0136439338        0.1188806587
        0.0145854614        0.1068935980
        0.0152940647        0.0939995460
        0.0158078974        0.0800183995
        0.0161666627        0.0645508616
        0.0164134447        0.0471520736
        0.0165665161        0.0318530266
        0.0167038243        0.0167190233
        0.0168383224        0.0023635974
        0.0169693681       -0.0115509829
        0.0170817840       -0.0254150247
        0.0171461146       -0.0395474102
        0.0171150870       -0.0542445443
        0.0169132943       -0.0698488819
        0.0164140399       -0.0867492679
        0.0154751185       -0.1041542790
        0.0143133359       -0.1179029335
        0.0128326865       -0.1302012065
        0.0110989965       -0.1406392098
        0.0091331697       -0.1492949236
        0.0069416635       -0.1561930540
        0.0045268994       -0.1612379708
        0.0018852776       -0.1642006251
       -0.0009990901       -0.1646430385
       -0.0040975873       -0.1617927621
       -0.0066213517       -0.1565223351
       -0.0088308429       -0.1490743397
       -0.0106219759       -0.1402704945
       -0.0120598338       -0.1304387412
       -0.0132084571       -0.1196697361
       -0.0141152995       -0.1079541628
       -0.0148207322       -0.0951835214
       -0.0153658283       -0.0810787054
       -0.0157974356       -0.0651014960
       -0.0161217232       -0.0493146423
       -0.0163854632       -0.0348669514
       -0.0166456997       -0.0204490450
       -0.0169015630       -0.0064296831
       -0.0171460530        0.0074620104
       -0.0173594231        0.0215497977
       -0.0175065470        0.0361353349
       -0.0175309989        0.0515439518
       -0.0173397148        0.0681898491
       -0.0167800437        0.0862987122
       -0.0158959875        0.1020488404
       -0.0146508469        0.1164889553
       -0.0131283509        0.1288886455
       -0.0113590487        0.1394316785
       -0.0093507532        0.1482636829
       -0.0071062541        0.1553776634
       -0.0046244118        0.1606359613
       -0.0018939969        0.1637500824
        0.0011052854        0.1641622989
        0.0041810010        0.1611418061
        0.0064979914        0.1561247900
        0.0085199521        0.1492008918
        0.0101902494        0.1409454617
        0.0115573832        0.1316013192
        0.0126712470        0.1212375340
        0.0135742001        0.1098174867
        0.0143075355        0.0971725820
        0.0149182978        0.0829038033
        0.0154583616        0.0665203542
        0.0158735706        0.0519198648
        0.0162740699        0.0372301237
        0.0166589782        0.0230895841
        0.0170312219        0.0091999141
        0.0173806695       -0.0048146343
        0.0176818071       -0.0192785122
        0.0178907814       -0.0345124973
        0.0179358814       -0.0509096901
        0.0176940094       -0.0689394800
        0.0170140269       -0.0877408605
        0.0160560601       -0.1028636441
        0.0147595654       -0.1166971374
        0.0131840420       -0.1287957993
        0.0113518738       -0.1392380449
        0.0092703343       -0.1480613781
        0.0069405266       -0.1551897370
        0.0043549117       -0.1604237150
        0.0014905928       -0.1633716112
       -0.0016165230       -0.1632928160
       -0.0041515554       -0.1604694539
       -0.0064074674       -0.1554053429
       -0.0082840570       -0.1487594920
       -0.0098385073       -0.1408753649
       -0.0111300549       -0.1318798926
       -0.0122048906       -0.1217868326
       -0.0131049729       -0.1104984930
       -0.0138766216       -0.0977352065
       -0.0145769674       -0.0829394929
       -0.0151687574       -0.0681991640
       -0.0156831695       -0.0544536908
       -0.0161954734       -0.0405032202
       -0.0166952743       -0.0267248585
       -0.0171777869       -0.0128774682
       -0.0176267700        0.0013524178
       -0.0180101659        0.0162770097
       -0.0182744645        0.0322559995
       -0.0183294675        0.0497710795
       -0.0180221975        0.0690667591
       -0.0173570854        0.0858913305
       -0.0163152597        0.1015972808
       -0.0149688671        0.1154207745
       -0.0133508317        0.1275298663
       -0.0114716041        0.1380730877
       -0.0093341478        0.1470572439
       -0.0069348281        0.1543679428
       -0.0042567017        0.1597533704
       -0.0012751742        0.1627013379
        0.0015174556        0.1625684719
        0.0040555257        0.1597247489
        0.0061606767        0.1549230206
        0.0079086616        0.1486823588
        0.0093780371        0.1412142443
        0.0106228077        0.1325866353
        0.0116865672        0.1227648693
        0.0126142460        0.1115731559
        0.0134615538        0.0985862261
        0.0142866410        0.0833382867
        0.0149501935        0.0697766167
        0.0156052233        0.0558752029
        0.0162363633        0.0422167327
        0.0168473443        0.0285567283
        0.0174309436        0.0145550486
        0.0179639392       -0.0001078216
        0.0184041281       -0.0157762945
        0.0186805776       -0.0329027330
        0.0186677292       -0.0520125599
        0.0182649403       -0.0702495801
        0.0174506758       -0.0875471518
        0.0163034361       -0.1027785450
        0.0148691443       -0.1162015137
        0.0131626650       -0.1280797504
        0.0111885318       -0.1384934262
        0.0089450441       -0.1473868622
        0.0064190704       -0.1545860547
        0.0035803515       -0.1597283243
        0.0005170015       -0.1620374510
       -0.0019342103       -0.1613518889
       -0.0041416860       -0.1584868077
       -0.0060253171       -0.1539246465
       -0.0076320819       -0.1479820651
       -0.0090133731       -0.1407949782
       -0.0102130179       -0.1323803442
       -0.0112750360       -0.1226291880
       -0.0122530883       -0.1112268222
       -0.0132160654       -0.0975802388
       -0.0140458410       -0.0842854508
       -0.0148587589       -0.0704701615
       -0.0156281652       -0.0569820527
       -0.0163682628       -0.0435704358
       -0.0170824170       -0.0298559001
       -0.0177561068       -0.0155045814
       -0.0183564903       -0.0001814715
       -0.0188268734        0.0165345187
       -0.0190675908        0.0352202992
       -0.0189117984        0.0556472753
       -0.0183766439        0.0728023349
       -0.0174667975        0.0889851560
       -0.0162383744        0.1035742564
       -0.0147209593        0.1166828584
       -0.0129254355        0.1284135800
       -0.0108534066        0.1387587936
       -0.0084958783        0.1476086411
       -0.0058256126        0.1547183053
       -0.0028438690        0.1595064718
       -0.0002711907        0.1610437458
        0.0020810887        0.1601574767
        0.0040942597        0.1573282014
        0.0058213294        0.1529692387
        0.0073210164        0.1472778124
        0.0086398002        0.1403154450
        0.0098214120        0.1320259688
        0.0109173273        0.1221829436
        0.0119974651        0.1102687764
        0.0130086863        0.0973835980
        0.0138995608        0.0850962342
        0.0147923886        0.0722316320
        0.0156602442        0.0592485950
        0.0165042285        0.0459564333
        0.0173167190        0.0320592765
        0.0180742110        0.0172433629
        0.0187334536        0.0011291237
        0.0192196000       -0.0168204001
        0.0193937579       -0.0370766434
        0.0191502763       -0.0554593327
        0.0184998207       -0.0730706056
        0.0175027018       -0.0889548351
        0.0162010417       -0.1032974583
        0.0146114008       -0.1163017513
        0.0127386853       -0.1280308493
        0.0105783347       -0.1384388315
        0.0081098791       -0.1473776531
        0.0053011532       -0.1544895870
        0.0026004224       -0.1585777189
        0.0000884948       -0.1599358291
       -0.0020557183       -0.1590050052
       -0.0038957644       -0.1563510412
       -0.0055033834       -0.1522608342
       -0.0069300861       -0.1468483018
       -0.0082199812       -0.1401075275
       -0.0094221440       -0.1318891212
       -0.0106029802       -0.1217975600
       -0.0118367790       -0.1092694949
       -0.0128717132       -0.0975901730
       -0.0139076809       -0.0851763588
       -0.0149068286       -0.0726252101
       -0.0158769991       -0.0597642469
       -0.0168184912       -0.0462939321
       -0.0177149622       -0.0319061642
       -0.0185315474       -0.0162422305
       -0.0192071867        0.0011992915
       -0.0196280561        0.0210516432
       -0.0196320651        0.0403191307
       -0.0192034578        0.0590124929
       -0.0184000321        0.0758689340
       -0.0172765057        0.0911296510
       -0.0158556455        0.1050847407
       -0.0141452598        0.1178540825
       -0.0121433670        0.1294368617
       -0.0098333298        0.1397429830
       -0.0071796910        0.1485338135
       -0.0042930421        0.1549829141
       -0.0019485270        0.1579455343
        0.0002064078        0.1587528832
        0.0021017387        0.1577166136
        0.0037770186        0.1551492441
        0.0052785839        0.1512078427
        0.0066495079        0.1459239361
        0.0079374714        0.1391965239
        0.0092065107        0.1307132499
        0.0105428948        0.1198652385
        0.0117258182        0.1089417924
        0.0129104505        0.0970974014
        0.0140428854        0.0850738037
        0.0151381995        0.0727235557
        0.0162052551        0.0597446714
        0.0172345619        0.0458341750
        0.0181982850        0.0306509311
        0.0190458526        0.0137266073
        0.0196839962       -0.0056076660
        0.0199324228       -0.0269371601
        0.0197302502       -0.0449317084
        0.0191402429       -0.0622426448
        0.0182073665       -0.0782422303
        0.0169638793       -0.0930319482
        0.0154235669       -0.1067275603
        0.0135881697       -0.1193596365
        0.0114452867       -0.1308859698
        0.0089615147       -0.1411635538
        0.0061725560       -0.1495852371
        0.0038098329       -0.1544077138
        0.0016138106       -0.1569747365
       -0.0003255823       -0.1575516998
       -0.0020491050       -0.1565081797
       -0.0036056397       -0.1540456455
       -0.0050389080       -0.1502292209
       -0.0063957391       -0.1449975655
       -0.0077379803       -0.1381061449
       -0.0091554015       -0.1290015880
       -0.0104868351       -0.1189950587
       -0.0117077358       -0.1088578144
       -0.0129462431       -0.0977960364
       -0.0141610064       -0.0861768318
       -0.0153519104       -0.0738686113
       -0.0165132530       -0.0606205746
       -0.0176242648       -0.0461252998
       -0.0186451481       -0.0299645794
       -0.0195041489       -0.0115061685
       -0.0200515834        0.0096038422
       -0.0201184699        0.0282969589
       -0.0197749115        0.0465100167
       -0.0190642018        0.0633653119
       -0.0180290423        0.0790001767
       -0.0166895439        0.0935953281
       -0.0150518818        0.1072311331
       -0.0131091770        0.1199138776
       -0.0108345000        0.1315844075
       -0.0082099697        0.1419134143
       -0.0058210569        0.1488837290
       -0.0035711061        0.1534554549
       -0.0015839245        0.1558146554
        0.0001845844        0.1564277550
        0.0017887593        0.1555663160
        0.0032740310        0.1533412789
        0.0046861422        0.1497375875
        0.0060832107        0.1445847515
        0.0075516035        0.1374423246
        0.0091556898        0.1278385920
        0.0104945681        0.1186554511
        0.0118569209        0.1084048367
        0.0131911042        0.0975076848
        0.0145005629        0.0858621008
        0.0157848873        0.0732341234
        0.0170285566        0.0593343544
        0.0181984262        0.0437719983
        0.0192346807        0.0259485921
        0.0200113410        0.0052569597
        0.0203020048       -0.0138520629
        0.0201660298       -0.0326668149
        0.0196410791       -0.0501117068
        0.0187789411       -0.0663455725
        0.0176055991       -0.0815972740
        0.0161308144       -0.0959842024
        0.0143512160       -0.1095478995
        0.0122444179       -0.1222823281
        0.0097807005       -0.1340007952
        0.0074291092       -0.1426804010
        0.0051911331       -0.1489178773
        0.0032099311       -0.1527977755
        0.0014407298       -0.1548503438
       -0.0001735591       -0.1553986169
       -0.0016794455       -0.1545845454
       -0.0031226435       -0.1524197648
       -0.0045604636       -0.1487723341
       -0.0060784244       -0.1432698241
       -0.0077665259       -0.1353263267
       -0.0092153038       -0.1272218833
       -0.0106960513       -0.1179007111
       -0.0121450549       -0.1078204178
       -0.0135685753       -0.0969128305
       -0.0149709504       -0.0849644303
       -0.0163411433       -0.0717040941
       -0.0176513576       -0.0567647897
       -0.0188508724       -0.0395803461
       -0.0198336639       -0.0194302379
       -0.0203400830       -0.0000532699
       -0.0204057391        0.0192211280
       -0.0200597233        0.0371243199
       -0.0193633187        0.0538295044
       -0.0183489492        0.0696088107
       -0.0170301370        0.0846123253
       -0.0154067924        0.0989117413
       -0.0134606770        0.1125441413
       -0.0111588402        0.1254285349
       -0.0086809792        0.1363999085
       -0.0066459666        0.1435101688
       -0.0047359186        0.1486928294
       -0.0029957854        0.1520978368
       -0.0013927965        0.1540008083
        0.0001145232        0.1545568035
        0.0015708768        0.1537989073
        0.0030330242        0.1516269334
        0.0045859271        0.1477262716
        0.0063356665        0.1414936612
        0.0078840764        0.1345776996
        0.0094752701        0.1262987261
        0.0110327427        0.1171281108
        0.0125648369        0.1070340383
        0.0140800230        0.0958271548
        0.0155710480        0.0832554098
        0.0170144599        0.0689730141
        0.0183666615        0.0524422300
        0.0195375650        0.0328968320
        0.0202512467        0.0134018357
        0.0205124516       -0.0061866923
        0.0203390912       -0.0244211609
        0.0198019432       -0.0414799297
        0.0189402620       -0.0576712223
        0.0177714944       -0.0731728158
        0.0162987338       -0.0880821066
        0.0145075832       -0.1024725418
        0.0123655989       -0.1163455954
        0.0100052865       -0.1286924800
        0.0080396697       -0.1370868227
        0.0061817226       -0.1435795584
        0.0044810753       -0.1482778125
        0.0029057604       -0.1514778513
        0.0014142513       -0.1533573261
       -0.0000382314       -0.1539701421
       -0.0015083771       -0.1532439807
       -0.0030809626       -0.1509146304
       -0.0048724298       -0.1464074711
       -0.0065078142       -0.1407796418
       -0.0081992249       -0.1336494834
       -0.0098571578       -0.1254793006
       -0.0114912528       -0.1162758282
       -0.0131134670       -0.1058775359
       -0.0147197162       -0.0940526002
       -0.0162901383       -0.0804751241
       -0.0177869371       -0.0646327585
       -0.0191329716       -0.0457451407
       -0.0195905351       -0.0372346990
