    -8653.4529172153
    -8930.6424938457
    -9014.7028479291
    -9058.4227079635
    -9086.6835443931
    -9107.0669791128
    -9122.7354275174
    -9135.2761517500
    -9145.6416245053
    -9156.0070972606
    -9165.0916630985
    -9173.2684853804
    -9180.7877177534
    -9187.7918882866
    -9194.3571238264
    -9200.5163823061
    -9206.2718687481
    -9211.6032485271
    -9216.4770210253
    -9221.3507935235
    -9225.8143813021
    -9229.9171446477
    -9233.7329518311
    -9237.3225531974
    -9240.7350556203
    -9244.0138641964
    -9247.2016767897
    -9250.3466600483
    -9253.5155709817
    -9256.8262494966
    -9260.1369280115
    -9263.7369286805
    -9268.1591438742
    -9272.2299607539
    -9275.4837290149
    -9278.3326349555
    -9280.9152682154
    -9283.3051217186
    -9285.5497841863
    -9287.6855052304
    -9289.8212262745
    -9291.8899001691
    -9293.9172562643
    -9295.9203720664
    -9297.9069235444
    -9299.8774317609
    -9301.8261765404
    -9303.7415531026
    -9305.6066737528
    -9307.4006201266
    -9309.1045471982
    -9310.8084742698
    -9312.4356654620
    -9313.9931248538
    -9315.4936374809
    -9316.9503638862
    -9318.3765806515
    -9319.7866745849
    -9321.1979369898
    -9322.6344595740
    -9324.1370801253
    -9325.6397006766
    -9327.2559387894
    -9329.0922440962
    -9331.7040563094
    -9333.6128515309
    -9335.2252518586
    -9336.6765483179
    -9338.0212265433
    -9339.2906416889
    -9340.5069420750
    -9341.6899299665
    -9342.8729178579
    -9344.0418768937
    -9345.2058891437
    -9346.3697405457
    -9347.5342206925
    -9348.6965520529
    -9349.8505081758
    -9350.9866533899
    -9352.0929650610
    -9353.1564646833
    -9354.2199643055
    -9355.2410128836
    -9356.2218784869
    -9357.1697368851
    -9358.0922488851
    -9358.9971180020
    -9359.8926033788
    -9360.7883799446
    -9361.6972054566
    -9362.6389721313
    -9363.6476409925
    -9364.6563098538
    -9365.7618282301
    -9367.0576242178
    -9368.7874344713
    -9369.9997932811
    -9371.0573592234
    -9372.0251255231
    -9372.9332460445
    -9373.8005743175
    -9374.6419460012
    -9375.4833176849
    -9376.3134569699
    -9377.1404687815
    -9377.9688526794
    -9378.7998911766
    -9379.6322181646
    -9380.4619677508
    -9381.2829204409
    -9382.0869120494
    -9382.8646344631
    -9383.6094463975
    -9384.3542583318
    -9385.0719436136
    -9385.7655699919
    -9386.4401465254
    -9387.1010137931
    -9387.7538312434
    -9388.4050187107
    -9389.0626146977
    -9389.7382096034
    -9390.4512818115
    -9391.1643540196
    -9391.9319203450
    -9392.7911833916
    -9393.8438553186
    -9394.9418554776
    -9395.8180369379
    -9396.5998723153
    -9397.3246472879
    -9398.0117861231
    -9398.6746130706
    -9399.3249110046
    -9399.9752089385
    -9400.6222174364
    -9401.2700438350
    -9401.9203253037
    -9402.5724869255
    -9403.2239232340
    -9403.8701257265
    -9404.5049933729
    -9405.1213993197
    -9405.7128242975
    -9406.3042492753
    -9406.8733741033
    -9407.4222274200
    -9407.9548053491
    -9408.4753084831
    -9408.9880406764
    -9409.4977052620
    -9410.0099166981
    -9410.5322343243
    -9411.0766045221
    -9411.6209747199
    -9412.2000569020
    -9412.8346303892
    -9413.5604879734
    -9414.5412759026
    -9415.3413230739
    -9416.0198066344
    -9416.6369760912
    -9417.2160949396
    -9417.7707962293
    -9418.3117253685
    -9418.8526545076
    -9419.3890298370
    -9419.9252046506
    -9420.4631723539
    -9421.0028749063
    -9421.5424747341
    -9422.0784941793
    -9422.6060768582
    -9423.1194588341
    -9423.6128420141
    -9424.1062251941
    -9424.5799799700
    -9425.0355090234
    -9425.4762996429
    -9425.9059318977
    -9426.3279284661
    -9426.7459974764
    -9427.1643870235
    -9427.5885127444
    -9428.0263761409
    -9428.4906983367
    -9428.9550205325
    -9429.4538804518
    -9430.0065742750
    -9430.6553234941
    -9431.5821300456
    -9432.2106523178
    -9432.7630098410
    -9433.2733854387
    -9433.7576873339
    -9434.2265215918
    -9434.6953558496
    -9435.1579999626
    -9435.6192806848
    -9436.0815918897
    -9436.5452660215
    -9437.0089736498
    -9437.4698995781
    -9437.9239859109
    -9438.3663593204
    -9438.7919531332
    -9439.1979465104
    -9439.6039398876
    -9439.9943443953
    -9440.3712608686
    -9440.7376234763
    -9441.0964172663
    -9441.4507153221
    -9441.8039159915
    -9442.1601564448
    -9442.5251884763
    -9442.9081350466
    -9443.2910816169
    -9443.6983832607
    -9444.1421566581
    -9444.6417543504
    -9445.2562207277
    -9445.8937854615
    -9446.4098377307
    -9446.8753499205
    -9447.3116947010
    -9447.7306130702
    -9448.1411487901
    -9448.5516845100
    -9448.9600863688
    -9449.3687962558
    -9449.7784182232
    -9450.1879497483
    -9450.5949851253
    -9450.9959679294
    -9451.3866090805
    -9451.7624308161
    -9452.1202848673
    -9452.4781389185
    -9452.8212179965
    -9453.1513803132
    -9453.4713339798
    -9453.7837560504
    -9454.0913078424
    -9454.3968316431
    -9454.7036523150
    -9455.0161596212
    -9455.3410771327
    -9455.6659946443
    -9456.0090046333
    -9456.3787785959
    -9456.7865006982
    -9457.2556195122
    -9457.9156153314
    -9458.4216107979
    -9458.8588375012
    -9459.2618782424
    -9459.6451507453
    -9460.0182302805
    -9460.3913098156
    -9460.7611973709
    -9461.1306765222
    -9461.5006161753
    -9461.8702508157
    -9462.2374411352
    -9462.5989517962
    -9462.9508828745
    -9463.2891957715
    -9463.6107194586
    -9463.9322431457
    -9464.2394371245
    -9464.5340302020
    -9464.8186229166
    -9465.0957031304
    -9465.3676552895
    -9465.6369416429
    -9465.9063417824
    -9466.1793674519
    -9466.4611637950
    -9466.7429601380
    -9467.0386922840
    -9467.3344244301
    -9467.6487239716
    -9467.9894387770
    -9468.3684474896
    -9468.8147968500
    -9469.4225671786
    -9469.8543744988
    -9470.2389687139
    -9470.5988667426
    -9470.9455156521
    -9471.2921645617
    -9471.6339062702
    -9471.9742711845
    -9472.3146173746
    -9472.6545113001
    -9472.9920950998
    -9473.3244024159
    -9473.6478134294
    -9473.9585960887
    -9474.2535732862
    -9474.5485504837
    -9474.8291137903
    -9475.0969023139
    -9475.3545524592
    -9475.6044836560
    -9475.8489053199
    -9476.0900052828
    -9476.3301533975
    -9476.5722001483
    -9476.8200877596
    -9477.0796600458
    -9477.3392323320
    -9477.6133948105
    -9477.9079637722
    -9478.2304554076
    -9478.5951170622
    -9479.0498539335
    -9479.4984404098
    -9479.8726717487
    -9480.2159538682
    -9480.5432461357
    -9480.8705384033
    -9481.1915249181
    -9481.5103653668
    -9481.8287225894
    -9482.1462730775
    -9482.4611932370
    -9482.7705536692
    -9483.0708482445
    -9483.3585812614
    -9483.6308376670
    -9483.9030940726
    -9484.1609342788
    -9484.4060660468
    -9484.6411721120
    -9484.8686210672
    -9485.0904980589
    -9485.3088062659
    -9485.5256565635
    -9485.7435137778
    -9485.9656702204
    -9486.1969990232
    -9486.4283278261
    -9486.6714530378
    -9486.9309461377
    -9487.2120333323
    -9487.5231657391
    -9487.8835634291
    -9488.4505885485
    -9488.8277150730
    -9489.1618659473
    -9489.4761767747
    -9489.7904876020
    -9490.0968638432
    -9490.4003014176
    -9490.7027879231
    -9491.0040325408
    -9491.3021138515
    -9491.5939984809
    -9491.8761940027
    -9492.1454031932
    -9492.3990273423
    -9492.6526514915
    -9492.8917237521
    -9493.1181107871
    -9493.3345741632
    -9493.5434594579
    -9493.7467636796
    -9493.9463534829
    -9494.1441488684
    -9494.3423373604
    -9494.5437610114
    -9494.7525763146
    -9494.9613916179
    -9495.1799847866
    -9495.4120904546
    -9495.6615882505
    -9495.9340728418
    -9496.2399381079
    -9496.6089729495
    -9497.0205422894
    -9497.3542505211
    -9497.6616861240
    -9497.9691217269
    -9498.2665185354
    -9498.5600949983
    -9498.8522143916
    -9499.1425186671
    -9499.4288154140
    -9499.7078066563
    -9499.9759433199
    -9500.2301540741
    -9500.4682522928
    -9500.6904019224
    -9500.9125515519
    -9501.1230300087
    -9501.3238864704
    -9501.5172698550
    -9501.7050794990
    -9501.8890734119
    -9502.0710244709
    -9502.2529090695
    -9502.4372341336
    -9502.6276102492
    -9502.8179863649
    -9503.0165938395
    -9503.2265604905
    -9503.4508874145
    -9503.6935169437
    -9503.9608266391
    -9504.2660283953
    -9504.6647188174
    -9505.0151152405
    -9505.3236453532
    -9505.6321754660
    -9505.9270312500
    -9506.2167883546
    -9506.5044284775
    -9506.7894209264
    -9507.0690583811
    -9507.3395883825
    -9507.5973964661
    -9507.8397701992
    -9508.0650999942
    -9508.2740873141
    -9508.4830746341
    -9508.6803190753
    -9508.8679817584
    -9509.0482272700
    -9509.2229140464
    -9509.3937219939
    -9509.5623104341
    -9509.7304932042
    -9509.9005251070
    -9510.0756015639
    -9510.2506780208
    -9510.4327839229
    -9510.6245844118
    -9510.8284766143
    -9511.0473693933
    -9511.2854904153
    -9511.5500367825
    -9511.8574221150
    -9512.4220803740
    -9512.7470725034
    -9513.0720646328
    -9513.3743475711
    -9513.6690296804
    -9513.9604501884
    -9514.2476660422
    -9514.5269391712
    -9514.7938234713
    -9515.0448606183
    -9515.2781162473
    -9515.4929092724
    -9515.6907555953
    -9515.8886019183
    -9516.0745605265
    -9516.2509424997
    -9516.4199478608
    -9516.5834112576
    -9516.7429536002
    -9516.9001446895
    -9517.0566697941
    -9517.2145872913
    -9517.3767676921
    -9517.5389480930
    -9517.7071965252
    -9517.8838120464
    -9518.0707547783
    -9518.2702408683
    -9518.4852092036
    -9518.7199764298
    -9518.9818372874
    -9519.2871395945
    -9519.8531508794
    -9520.4191621643
    -9520.7589392712
    -9521.0804573133
    -9521.3948893030
    -9521.7001781548
    -9521.9902262512
    -9522.2602930362
    -9522.5086266272
    -9522.7354183290
    -9522.9416783545
    -9523.1301309724
    -9523.3185835904
    -9523.4949107718
    -9523.6616160457
    -9523.8209571012
    -9523.9747614104
    -9524.1246070272
    -9524.2719927120
    -9524.4184995095
    -9524.5660268603
    -9524.7171812164
    -9524.8683355724
    -9525.0247654479
    -9525.1884743282
    -9525.3610937662
    -9525.5443510236
    -9525.7403511920
    -9525.9518156694
    -9526.1824219783
    -9526.4372984317
    -9526.7228978504
    -9527.0084972691
    -9527.3223833502
    -9527.6555859967
    -9528.0025898700
    -9528.3930831501
    -9528.7419446197
    -9529.0302845409
    -9529.2818254881
    -9529.5051032070
    -9529.7047690657
    -9529.8854149240
    -9530.0660607823
    -9530.2342160780
    -9530.3926323650
    -9530.5436538208
    -9530.6891193005
    -9530.8305792222
    -9530.9694765633
    -9531.1073062611
    -9531.2458343135
    -9531.3874441834
    -9531.5290540534
    -9531.6752662577
    -9531.8278440726
    -9531.9881656187
    -9532.1576003503
    -9532.3376856389
    -9532.5301792818
    -9532.7370018232
    -9532.9598560547
    -9533.1987383270
    -9533.4376205993
    -9533.6866048230
    -9533.9399975932
    -9534.1956954442
    -9534.4567879298
    -9534.7339688689
    -9535.0920416560
    -9535.3596864168
    -9535.5833793785
    -9535.7785091561
    -9535.9528685241
    -9536.1272278920
    -9536.2885492955
    -9536.4399141331
    -9536.5837934630
    -9536.7220604264
    -9536.8562538187
    -9536.9877746255
    -9537.1180459850
    -9537.2487181982
    -9537.3819801618
    -9537.5152421254
    -9537.6525177033
    -9537.7953759109
    -9537.9449968334
    -9538.1024820110
    -9538.2689696323
    -9538.4456041521
    -9538.6333589240
    -9538.8325660237
    -9539.0418519006
    -9539.2511377775
    -9539.4657742438
    -9539.6822242499
    -9539.8994700547
    -9540.1192258703
    -9540.3461561974
    -9540.5918933442
    -9540.9674719981
    -9541.1984513143
    -9541.3915069203
    -9541.5611305683
    -9541.7307542163
    -9541.8865212689
    -9542.0319739285
    -9542.1697695477
    -9542.3018458219
    -9542.4297484702
    -9542.5548503099
    -9542.6785150375
    -9542.8022903564
    -9542.9281911683
    -9543.0540919803
    -9543.1834771683
    -9543.3177612712
    -9543.4579695999
    -9543.6050010076
    -9543.7597082561
    -9543.9228341447
    -9544.0948132824
    -9544.2753691464
    -9544.4628321691
    -9544.6502951918
    -9544.8409682415
    -9545.0323733986
    -9545.2239299877
    -9545.4168512802
    -9545.6140530487
    -9545.8214721117
    -9546.0560064103
    -9546.3151846240
    -9546.5096209433
    -9546.6762149322
    -9546.8428089210
    -9546.9943041111
    -9547.1349285915
    -9547.2676169548
    -9547.3944134224
    -9547.5168937829
    -9547.6364180062
    -9547.7543023620
    -9547.8720029619
    -9547.9913765029
    -9548.1107500440
    -9548.2331201956
    -9548.3597825936
    -9548.4916432756
    -9548.6294479658
    -9548.7738445627
    -9548.9253102050
    -9549.0839671650
    -9549.2492659950
    -9549.4195520608
    -9549.5898381266
    -9549.7621554674
    -9549.9346077269
    -9550.1068220212
    -9550.2797380644
    -9550.4554350490
    -9550.6377206842
    -9550.8349162405
    -9551.0854080976
    -9551.2873916816
    -9551.4530124635
    -9551.6186332454
    -9551.7672071580
    -9551.9040667020
    -9552.0325684640
    -9552.1549233563
    -9552.2727675421
    -9552.3874664730
    -9552.5003021491
    -9552.6126502715
    -9552.7262226303
    -9552.8397949891
    -9552.9559052305
    -9553.0757624785
    -9553.2001836731
    -9553.3298002188
    -9553.4651139128
    -9553.6064269122
    -9553.7536819967
    -9553.9062189673
    -9554.0624941816
    -9554.2187693958
    -9554.3763535829
    -9554.5339377700
    -9554.6913205957
    -9554.8481698188
    -9555.0051335507
    -9555.1636935215
    -9555.3263898485
    -9555.4979383616
    -9555.6905010006
    -9555.9405684506
    -9556.1117719554
    -9556.2829754602
    -9556.4322108182
    -9556.5677195839
    -9556.6938634381
    -9556.8132502274
    -9556.9276816046
    -9557.0385802885
    -9557.1472163608
    -9557.2548819926
    -9557.3631123139
    -9557.4713426352
    -9557.5815317808
    -9557.6948848890
    -9557.8121796758
    -9557.9339758894
    -9558.0606890556
    -9558.1925365888
    -9558.3294093230
    -9558.4706880018
    -9558.6150509683
    -9558.7604768137
    -9558.9059026591
    -9559.0508994242
    -9559.1951408690
    -9559.3391342401
    -9559.4840376186
    -9559.6317459380
    -9559.7854726115
    -9559.9519427277
    -9560.1574790594
    -9560.3393207193
    -9560.5211623793
    -9560.6721412223
    -9560.8067697333
    -9560.9309046572
    -9561.0476677058
    -9561.1590668519
    -9561.2666051450
    -9561.3715639833
    -9561.4751886600
    -9561.5788926325
    -9561.6825966050
    -9561.7877927961
    -9561.8956787586
    -9562.0070040850
    -9562.1222745936
    -9562.2418396397
    -9562.3658503423
    -9562.4941526688
    -9562.6261432345
    -9562.7606322878
    -9562.8958580365
    -9563.0310837852
    -9563.1657193947
    -9563.2994125750
    -9563.4325579107
    -9563.5660842939
    -9563.7014603026
    -9563.8410148240
    -9563.9890195553
    -9564.1566019744
    -9564.3799399809
    -9564.6032779875
    -9564.7598710173
    -9564.8952944855
    -9565.0184926429
    -9565.1334580788
    -9565.2425274656
    -9565.3473393038
    -9565.4492177846
    -9565.5493853737
    -9565.6491570347
    -9565.7500817588
    -9565.8510064829
    -9565.9540024588
    -9566.0598910597
    -9566.1692008375
    -9566.2822626206
    -9566.3992038422
    -9566.5198708303
    -9566.6437164816
    -9566.7696967641
    -9566.8962714601
    -9567.0228461561
    -9567.1487479995
    -9567.2735422556
    -9567.3975107578
    -9567.5214004839
    -9567.6463672483
    -9567.7741463845
    -9567.9076170478
    -9568.0527919135
    -9568.2322430862
    -9568.4116942589
    -9568.5846229062
    -9568.7237910022
    -9568.8476285086
    -9568.9618863011
    -9569.0694828647
    -9569.1722931546
    -9569.2717348751
    -9569.3690395247
    -9569.4654487791
    -9569.5624068962
    -9569.6593650133
    -9569.7579216744
    -9569.8589194304
    -9569.9628860518
    -9570.0701398611
    -9570.1808031591
    -9570.2947429538
    -9570.4114803965
    -9570.5301078084
    -9570.6492774615
    -9570.7684471146
    -9570.8869083600
    -9571.0041175485
    -9571.1202596933
    -9571.2359484608
    -9571.3521199489
    -9571.4701190594
    -9571.5920144996
    -9571.7215576305
    -9571.8682606873
    -9572.1224849307
    -9572.3767091741
    -9572.5235714152
    -9572.6497674810
    -9572.7643762484
    -9572.8712807807
    -9572.9727353653
    -9573.0703188776
    -9573.1653137041
    -9573.2589260915
    -9573.3524931215
    -9573.4460601514
    -9573.5407521098
    -9573.6374613548
    -9573.7367350713
    -9573.8388925300
    -9573.9440614349
    -9574.0521353303
    -9574.1626995128
    -9574.2749620640
    -9574.3877374499
    -9574.4996806959
    -9574.6116239419
    -9574.7223006695
    -9574.8317332631
    -9574.9403974935
    -9575.0490606549
    -9575.1587944775
    -9575.2711506854
    -9575.3886649941
    -9575.5165538617
    -9575.6717019887
    -9575.8268501158
    -9575.9981939874
    -9576.1303960171
    -9576.2471202173
    -9576.3544761411
    -9576.4554354031
    -9576.5518692164
    -9576.6451772400
    -9576.7365758713
    -9576.8273131523
    -9576.9180504332
    -9577.0093902334
    -9577.1023218990
    -9577.1974419200
    -9577.2950855360
    -9577.3953964002
    -9577.4983016715
    -9577.6034512782
    -9577.7101586647
    -9577.8173812641
    -9577.9238417951
    -9578.0303023261
    -9578.1354262790
    -9578.2391161222
    -9578.3417526712
    -9578.4439802534
    -9578.5466750863
    -9578.6510427669
    -9578.7588980802
    -9578.8734772892
    -9579.0024893043
    -9579.1315013194
    -9579.2982750422
    -9579.4438467251
    -9579.5649416688
    -9579.6739409728
    -9579.7752160473
    -9579.8711431296
    -9579.9633326395
    -9580.0530700933
    -9580.1415630791
    -9580.2301341905
    -9580.3187053018
    -9580.4083382680
    -9580.4997309656
    -9580.5932901410
    -9580.6892044899
    -9580.7874526302
    -9580.8877614269
    -9580.9895553674
    -9581.0919331949
    -9581.1937221286
    -9581.2955110624
    -9581.3959362926
    -9581.4947439347
    -9581.5922286884
    -9581.6889421387
    -9581.7856168700
    -9581.8832162211
    -9581.9830939796
    -9582.0874119793
    -9582.2004466120
    -9582.3332392325
    -9582.4660318530
    -9582.6901386292
    -9582.8202675073
    -9582.9328404684
    -9583.0355760820
    -9583.1318151356
    -9583.2235481171
    -9583.3122148318
    -9583.3990441275
    -9583.4852902337
    -9583.5715363400
    -9583.6583479040
    -9583.7465294511
    -9583.8365527710
    -9583.9286483529
    -9584.0228422445
    -9584.1189291567
    -9584.2164286351
    -9584.3145597157
    -9584.4122678101
    -9584.5084737603
    -9584.6046797106
    -9584.6992683155
    -9584.7923373638
    -9584.8843296887
    -9584.9758679063
    -9585.0677478388
    -9585.1610273532
    -9585.2572567305
    -9585.3591139204
    -9585.4723736968
    -9585.5856334733
    -9585.7207586806
    -9585.8779828414
    -9585.9978398178
    -9586.1037760714
    -9586.2014188543
    -9586.2935010718
    -9586.3817639466
    -9586.4675426972
    -9586.5520621567
    -9586.6366134558
    -9586.7211647548
    -9586.8066255504
    -9586.8935728713
    -9586.9823131635
    -9587.0729326808
    -9587.1652960613
    -9587.2590137178
    -9587.3534162256
    -9587.4475669750
    -9587.5403774029
    -9587.6331878309
    -9587.7242871370
    -9587.8136400925
    -9587.9016230923
    -9587.9887837669
    -9588.0757989857
    -9588.1635244031
    -9588.2531270095
    -9588.3464145971
    -9588.4467808764
    -9588.5471471558
    -9588.6597945393
    -9588.8030993505
    -9588.9387815147
    -9589.0502706956
    -9589.1504804718
    -9589.2436718534
    -9589.3321302608
    -9589.4174106040
    -9589.5007876815
    -9589.5835264925
    -9589.6662653034
    -9589.7494499193
    -9589.8337736781
    -9589.9196215318
    -9590.0071393857
    -9590.0962576530
    -9590.1866691380
    -9590.2778039132
    -9590.3688331830
    -9590.4587314633
    -9590.5486297436
    -9590.6367462339
    -9590.7248627243
    -9590.8111723509
    -9590.8958520717
    -9590.9793552314
    -9591.0622635239
    -9591.1452848889
    -9591.2293247769
    -9591.3156585868
    -9591.4063779442
    -9591.5055489657
    -9591.6047199872
    -9591.7173720745
    -9591.8688431158
    -9591.9948328971
    -9592.1010640739
    -9592.1973440962
    -9592.2873419579
    -9592.3731305569
    -9592.4561797909
    -9592.5377607984
    -9592.6191550920
    -9592.7005493857
    -9592.7826229817
    -9592.8658946091
    -9592.9506125151
    -9593.0367965033
    -9593.1242382700
    -9593.2124810660
    -9593.3008152926
    -9593.3883150682
    -9593.4739897448
    -9593.5596644215
    -9593.6433884570
    -9593.7252334093
    -9593.8056104095
    -9593.8850494538
    -9593.9641701703
    -9594.0437254278
    -9594.1247052364
    -9594.2085805865
    -9594.2979472580
    -9594.3873139295
    -9594.4854666743
    -9594.6002588406
    -9594.8195787373
    -9594.9351551475
    -9595.0355434315
    -9595.1275885804
    -9595.2142744667
    -9595.2974211724
    -9595.3784120470
    -9595.4585448417
    -9595.5386776364
    -9595.6190478964
    -9595.7003041691
    -9595.7827850704
    -9595.8665798576
    -9595.9515517012
    -9596.0373246601
    -9596.1232764292
    -9596.2085648937
    -9596.2922134247
    -9596.3758619558
    -9596.4574292628
    -9596.5368677022
    -9596.6145693885
    -9596.6910418822
    -9596.7668512103
    -9596.8426528065
    -9596.9192615866
    -9596.9977994931
    -9597.0800606874
    -9597.1692714373
    -9597.2584821872
    -9597.3576496270
    -9597.4768312781
    -9597.6185312847
    -9597.7262106897
    -9597.8217255788
    -9597.9101790412
    -9597.9940745644
    -9598.0750552239
    -9598.1544757837
    -9598.2338963436
    -9598.3130315625
    -9598.3927079728
    -9598.4733793371
    -9598.5552064916
    -9598.6381160060
    -9598.7217994359
    -9598.8057062329
    -9598.8890644534
    -9598.9709451412
    -9599.0504981784
    -9599.1300512155
    -9599.2074672163
    -9599.2829381800
    -9599.3569111281
    -9599.4299092573
    -9599.5025197702
    -9599.5754375925
    -9599.6495586547
    -9599.7261923176
    -9599.8075784460
    -9599.8889645745
    -9599.9773521838
    -9600.0775351393
    -9600.2036797541
    -9600.3273064673
    -9600.4286241630
    -9600.5199895973
    -9600.6053781193
    -9600.6869435468
    -9600.7662161323
    -9600.8445692351
    -9600.9229223378
    -9601.0014271682
    -9601.0806532824
    -9601.1608608824
    -9601.2420508907
    -9601.3239839629
    -9601.4061787447
    -9601.4879288338
    -9601.5683580123
    -9601.6465501688
    -9601.7247423254
    -9601.8006045458
    -9601.8742513366
    -9601.9461277152
    -9602.0167446495
    -9602.0866483470
    -9602.1564542001
    -9602.2269117886
    -9602.2990368753
    -9602.3744277862
    -9602.4557239779
    -9602.5370201696
    -9602.6261297879
    -9602.7286572861
    -9602.8708545059
    -9602.9831588579
    -9603.0791852142
    -9603.1670036169
    -9603.2498060877
    -9603.3294939925
    -9603.4075553202
    -9603.4856166478
    -9603.5633613896
    -9603.6415306119
    -9603.7204972863
    -9603.8003357603
    -9603.8808687033
    -9603.9616734264
    -9604.0420973265
    -9604.1213089957
    -9604.1983939493
    -9604.2727280457
    -9604.3470621420
    -9604.4191238848
    -9604.4892066245
    -9604.5577839134
    -9604.6253735444
    -9604.6925396420
    -9604.7599376696
    -9604.8284033337
    -9604.8991519840
    -9604.9741986764
    -9605.0492453689
    -9605.1301262484
    -9605.2201113891
    -9605.3260978948
    -9605.4823031672
    -9605.5863812046
    -9605.6779822244
    -9605.7628121065
    -9605.8435099464
    -9605.9218173895
    -9605.9992211288
    -9606.0766248682
    -9606.1541442519
    -9606.2322538969
    -9606.3111106726
    -9606.3905957260
    -9606.4703339576
    -9606.5497127816
    -9606.6279330186
    -9606.7040970920
    -9606.7774351056
    -9606.8507731193
    -9606.9216140418
    -9606.9902197918
    -9607.0570735128
    -9607.1226875767
    -9607.1875956406
    -9607.2523899723
    -9607.3177866071
    -9607.3847573934
    -9607.4548332448
    -9607.5249090962
    -9607.5995712704
    -9607.6811758893
    -9607.7732400804
    -9607.8859808212
    -9608.0075919548
    -9608.1049381560
    -9608.1926700750
    -9608.2749452985
    -9608.3539942375
    -9608.4314922917
    -9608.5089903459
    -9608.5862393644
    -9608.6638557510
    -9608.7420873131
    -9608.8208718938
    -9608.8998746776
    -9608.9785123346
    -9609.0560061442
    -9609.1314719491
    -9609.2040746140
    -9609.2766772788
    -9609.3465388181
    -9609.4138977152
    -9609.4792666777
    -9609.5431698503
    -9609.6061273243
    -9609.6686914846
    -9609.7315002089
    -9609.7953715828
    -9609.8615151386
    -9609.9317958233
    -9610.0020765081
    -9610.0775023983
    -9610.1605201133
    -9610.2555866394
    -9610.3814566516
    -9610.4897056609
    -9610.5819694647
    -9610.6666860768
    -9610.7470857458
    -9610.8251799409
    -9610.9032741360
    -9610.9806711750
    -9611.0581780471
    -9611.1361562173
    -9611.2146031796
    -9611.2932176041
    -9611.3714334299
    -9611.4484787482
    -9611.5234731063
    -9611.5955576486
    -9611.6676421908
    -9611.7367150420
    -9611.8030026520
    -9611.8670684586
    -9611.9294644353
    -9611.9907105933
    -9612.0513359984
    -9612.1119274040
    -9612.1732032170
    -9612.2361671762
    -9612.3023853780
    -9612.3686035798
    -9612.4390231445
    -9612.5154767285
    -9612.6005854114
    -9612.7005055903
    -9612.8522277484
    -9612.9517023489
    -9613.0398897126
    -9613.1222647251
    -9613.2014704947
    -9613.2806762642
    -9613.3586655917
    -9613.4364846173
    -9613.5146245629
    -9613.5931361011
    -9613.6717334761
    -9613.7498446609
    -9613.8266823602
    -9613.9013554594
    -9613.9729989711
    -9614.0411259881
    -9614.1092530052
    -9614.1745883680
    -9614.2375348894
    -9614.2986249008
    -9614.3583770450
    -9614.4173063635
    -9614.4759642086
    -9614.5349983667
    -9614.5952690695
    -9614.6580878609
    -9614.7209066522
    -9614.7872327367
    -9614.8585602086
    -9614.9366674752
    -9615.0247868859
    -9615.1327849510
    -9615.2475356934
    -9615.3410019451
    -9615.4262276794
    -9615.5071582783
    -9615.5861581863
    -9615.6651580943
    -9615.7437451809
    -9615.8224881933
    -9615.9014989256
    -9615.9805035048
    -9616.0589093949
    -9616.1358959393
    -9616.2105475903
    -9616.2819940431
    -9616.3496777440
    -9616.4173614450
    -9616.4819903421
    -9616.5439962932
    -9616.6039511086
    -9616.6623909826
    -9616.7198277837
    -9616.7767899635
    -9616.8338755743
    -9616.8918443183
    -9616.9518117545
    -9617.0117791908
    -9617.0747247092
    -9617.1419406697
    -9617.2147505578
    -9617.2951952328
    -9617.3876747821
    -9617.5139510718
    -9617.6164688744
    -9617.7058263386
    -9617.7892432807
    -9617.8699104777
    -9617.9505776748
    -9618.0304836187
    -9618.1103664322
    -9618.1904057541
    -9618.2703227604
    -9618.3494765560
    -9618.4269852385
    -9618.5018926061
    -9618.5733261056
    -9618.6407093945
    -9618.7080926835
    -9618.7721334625
    -9618.8333119417
    -9618.8922522687
    -9618.9495166665
    -9619.0056214869
    -9619.0610819924
    -9619.1164622972
    -9619.1724527182
    -9619.2300289139
    -9619.2876051097
    -9619.3477479513
    -9619.4078907930
    -9619.4713664514
    -9619.5393609221
    -9619.6132987788
    -9619.6955543947
    -9619.7917680670
    -9619.9437070259
    -9620.0413532262
    -9620.1291262025
    -9620.2125700526
    -9620.2960139027
    -9620.3780474565
    -9620.4597718247
    -9620.5415304346
    -9620.6230758633
    -9620.7037199464
    -9620.7824999824
    -9620.8583959754
    -9620.9305198464
    -9620.9982665391
    -9621.0660132317
    -9621.1299988701
    -9621.1907720138
    -9621.2490456290
    -9621.3054303338
    -9621.3604588923
    -9621.4146401627
    -9621.4685087203
    -9621.5226893920
    -9621.5780206555
    -9621.6357042316
    -9621.6933878077
    -9621.7539663992
    -9621.8184494238
    -9621.8879205343
    -9621.9639602990
    -9622.0495034435
    -9622.1529628155
    -9622.2680256688
    -9622.3621633562
    -9622.4495878508
    -9622.5370123454
    -9622.6222405034
    -9622.7068516306
    -9622.7913456854
    -9622.8754358005
    -9622.9582880974
    -9623.0387817237
    -9623.1158159028
    -9623.1885278906
    -9623.2563945712
    -9623.3242612517
    -9623.3879694191
    -9623.4481752968
    -9623.5056824673
    -9623.5611486496
    -9623.6151255740
    -9623.6681232579
    -9623.7206620834
    -9623.7733325471
    -9623.8269016837
    -9623.8824655925
    -9623.9380295014
    -9623.9961338383
    -9624.0576636194
    -9624.1234837671
    -9624.1947299739
    -9624.2732059895
    -9624.3625050282
    -9624.4756065705
    -9624.5829379186
    -9624.6769866053
    -9624.7710352921
    -9624.8613989697
    -9624.9506623034
    -9625.0395986390
    -9625.1278170845
    -9625.2141994143
    -9625.2973689060
    -9625.3761543396
    -9625.4498030622
    -9625.5179744722
    -9625.5861458822
    -9625.6496954758
    -9625.7094299930
    -9625.7662622206
    -9625.8209052367
    -9625.8739348717
    -9625.9258669509
    -9625.9772134770
    -9626.0285400088
    -9626.0805603539
    -9626.1342827450
    -9626.1880051361
    -9626.2439760992
    -9626.3029870018
    -9626.3657530021
    -9626.4331335476
    -9626.5063435593
    -9626.5873476119
    -9626.6801425317
    -9626.8010712126
    -9626.9099835677
    -9627.0188959227
    -9627.1191102600
    -9627.2170552749
    -9627.3142471631
    -9627.4099866383
    -9627.5024890125
    -9627.5899932612
    -9627.6714515809
    -9627.7465024648
    -9627.8152016151
    -9627.8839007654
    -9627.9474243763
    -9628.0067880742
    -9628.0630367264
    -9628.1169480473
    -9628.1691271413
    -9628.2200997543
    -9628.2703740837
    -9628.3204975395
    -9628.3711432623
    -9628.4232471802
    -9628.4753510981
    -9628.5294570442
    -9628.5862823241
    -9628.6464338992
    -9628.7105860230
    -9628.7796035418
    -9628.8546861276
    -9628.9376540192
    -9629.0316860196
    -9629.1439447048
    -9629.2562033900
    -9629.4182107034
    -9629.5505644842
    -9629.6769644461
    -9629.7951052549
    -9629.9018928844
    -9629.9975200792
    -9630.0832875792
    -9630.1604408538
    -9630.2299769264
    -9630.2932106998
    -9630.3564444733
    -9630.4154944609
    -9630.4712696219
    -9630.5245612157
    -9630.5759992799
    -9630.6261223394
    -9630.6754384471
    -9630.7244813365
    -9630.7738905548
    -9630.8245394578
    -9630.8751883607
    -9630.9276201040
    -9630.9824926883
    -9631.0403314709
    -9631.1016785752
    -9631.1671706110
    -9631.2375817500
    -9631.3138477662
    -9631.3969960368
    -9631.4875701504
    -9631.5781442639
    -9631.6737899248
    -9631.7715591579
    -9631.8701430611
    -9631.9709979213
    -9632.0800582921
    -9632.2066944219
    -9632.3007298020
    -9632.3812529133
    -9632.4521455929
    -9632.5157659529
    -9632.5793863128
    -9632.6383847005
    -9632.6938396450
    -9632.7466340220
    -9632.7974428832
    -9632.8468246663
    -9632.8952914954
    -9632.9433673891
    -9632.9916637511
    -9633.0409989321
    -9633.0903341131
    -9633.1412532935
    -9633.1943670105
    -9633.2501381405
    -9633.3090117525
    -9633.3714682685
    -9633.4380232038
    -9633.5091742010
    -9633.5852258919
    -9633.6658140650
    -9633.7464022381
    -9633.8295623791
    -9633.9135625780
    -9633.9977889425
    -9634.0828889099
    -9634.1707955540
    -9634.2665616800
    -9634.3970117258
    -9634.4834867745
    -9634.5565178439
    -9634.6208739936
    -9634.6852301433
    -9634.7443993786
    -9634.7996983893
    -9634.8521310694
    -9634.9024309254
    -9634.9511834376
    -9634.9989093584
    -9635.0461267104
    -9635.0934229685
    -9635.1415669423
    -9635.1897109161
    -9635.2392538528
    -9635.2907692978
    -9635.3446722003
    -9635.4013349894
    -9635.4611276762
    -9635.5243994266
    -9635.5914062077
    -9635.6621466515
    -9635.7360489289
    -9635.8099512064
    -9635.8854675251
    -9635.9613735707
    -9636.0372850003
    -9636.1136338833
    -9636.1915681062
    -9636.2734437473
    -9636.3659919151
    -9636.4672155732
    -9636.5437298700
    -9636.6093100008
    -9636.6748901316
    -9636.7345129010
    -9636.7898510954
    -9636.8420751681
    -9636.8919964889
    -9636.9402372134
    -9636.9873323609
    -9637.0337979877
    -9637.0802014735
    -9637.1272664031
    -9637.1743313328
    -9637.2226193071
    -9637.2726766430
    -9637.3248821358
    -9637.3795535117
    -9637.4369813293
    -9637.4974041433
    -9637.5609363107
    -9637.6274331243
    -9637.6962858892
    -9637.7651386542
    -9637.8350921334
    -9637.9050456127
    -9637.9751492116
    -9638.0451170772
    -9638.1152168593
    -9638.1861989489
    -9638.2594489604
    -9638.3378373066
    -9638.4317245017
    -9638.5177430627
    -9638.5865528603
    -9638.6553626580
    -9638.7165906004
    -9638.7727268917
    -9638.8252922482
    -9638.8752538904
    -9638.9233067775
    -9638.9700173392
    -9639.0159055973
    -9639.0615141909
    -9639.1075031225
    -9639.1534920542
    -9639.2004713001
    -9639.2489926717
    -9639.2994172295
    -9639.3520242289
    -9639.4070511491
    -9639.4646718599
    -9639.5249349654
    -9639.5876608988
    -9639.6523058237
    -9639.7178779820
    -9639.7834501403
    -9639.8490372795
    -9639.9143827835
    -9639.9796854185
    -9640.0455097886
    -9640.1128381544
    -9640.1834488402
    -9640.2616061338
    -9640.4178389376
    -9640.4910417174
    -9640.5642444971
    -9640.6273386960
    -9640.6843445303
    -9640.7372796148
    -9640.7873080512
    -9640.8352133594
    -9640.8816025806
    -9640.9270088504
    -9640.9719644316
    -9641.0170884749
    -9641.0622125183
    -9641.1081351193
    -9641.1540577204
    -9641.2012014183
    -9641.2499761649
    -9641.3006670519
    -9641.3534880145
    -9641.4085790603
    -9641.4659609136
    -9641.5254572705
    -9641.5865988088
    -9641.6485627460
    -9641.7105266833
    -9641.7724743549
    -9641.8340957708
    -9641.8954984369
    -9641.9570957600
    -9642.0195917937
    -9642.0841453809
    -9642.1529817657
    -9642.2326360271
    -9642.3194000764
    -9642.4061641256
    -9642.4735799286
    -9642.5326733221
    -9642.5867478808
    -9642.6373910889
    -9642.6855617784
    -9642.7319471116
    -9642.7771125345
    -9642.8215875467
    -9642.8659467206
    -9642.9108906847
    -9642.9558346488
    -9643.0018007246
    -9643.0491986224
    -9643.0983008279
    -9643.1492992417
    -9643.2023086691
    -9643.2573300082
    -9643.3141880976
    -9643.3724598121
    -9643.4314318056
    -9643.4904037992
    -9643.5493122470
    -9643.6078189783
    -9643.6659829643
    -9643.7241326930
    -9643.7828194368
    -9643.8428990690
    -9643.9058351089
    -9643.9748537339
    -9644.0658265529
    -9644.1567993718
    -9644.2308433307
    -9644.2924648009
    -9644.3478120881
    -9644.3991290754
    -9644.4476119164
    -9644.4940519219
    -9644.5390612499
    -9644.5831817879
    -9644.6269676676
    -9644.6710769128
    -9644.7151861579
    -9644.7601179639
    -9644.8062937754
    -9644.8539834898
    -9644.9033665348
    -9644.9545433903
    -9645.0075065702
    -9645.0620900440
    -9645.1179129625
    -9645.1743476543
    -9645.2307823461
    -9645.2871186503
    -9645.3434549545
    -9645.3993625320
    -9645.4548163775
    -9645.5100539904
    -9645.5655026800
    -9645.6218014690
    -9645.6799476851
    -9645.7417684046
    -9645.8120379062
    -9645.9084579311
    -9646.0048779561
    -9646.0718678397
    -9646.1299022013
    -9646.1827786754
    -9646.2321938362
    -9646.2791488636
    -9646.3243521190
    -9646.3683828005
    -9646.4117860972
    -9646.4551653204
    -9646.4985445435
    -9646.5424804132
    -9646.5874438219
    -9646.6337248009
    -9646.6815053586
    -9646.7308882542
    -9646.7818780229
    -9646.8343403419
    -9646.8879557233
    -9646.9421897302
    -9646.9963443370
    -9647.0504989437
    -9647.1041825124
    -9647.1573168274
    -9647.2100864053
    -9647.2628431498
    -9647.3160990380
    -9647.3706062437
    -9647.4276014404
    -9647.4896485726
    -9647.5657956379
    -9647.6419427032
    -9647.7196767167
    -9647.7813741922
    -9647.8361590792
    -9647.8866859974
    -9647.9342829400
    -9647.9797987223
    -9648.0238748740
    -9648.0670720464
    -9648.1099645264
    -9648.1532103808
    -9648.1964562351
    -9648.2404736666
    -9648.2856037026
    -9648.3320548095
    -9648.3799404427
    -9648.4292769626
    -9648.4799541670
    -9648.5316972786
    -9648.5840404280
    -9648.6363476256
    -9648.6886548231
    -9648.7404721309
    -9648.7916492851
    -9648.8423202507
    -9648.8927777392
    -9648.9434402592
    -9648.9948928213
    -9649.0480189788
    -9649.1043893351
    -9649.1677945716
    -9649.2311998082
    -9649.3162990201
    -9649.3848371586
    -9649.4425751232
    -9649.4947615568
    -9649.5433574579
    -9649.5894516061
    -9649.6337918261
    -9649.6769803024
    -9649.7195837273
    -9649.7622300389
    -9649.8048763504
    -9649.8480736364
    -9649.8922015936
    -9649.9374890825
    -9649.9840608729
    -9650.0319475552
    -9650.0810637988
    -9650.1311761295
    -9650.1818784705
    -9650.2325988637
    -9650.2833192568
    -9650.3335442364
    -9650.3837692161
    -9650.4333318406
    -9650.4822621206
    -9650.5307833883
    -9650.5792361028
    -9650.6280806415
    -9650.6779638145
    -9650.7299028176
    -9650.7858585783
    -9650.8510978886
    -9650.9163371988
    -9651.0331806296
    -9651.0972777108
    -9651.1526687494
    -9651.2031980074
    -9651.2505138588
    -9651.2955924368
    -9651.3391354276
    -9651.3817347183
    -9651.4239829163
    -9651.4662311143
    -9651.5087261875
    -9651.5519322597
    -9651.5961257532
    -9651.6414562242
    -9651.6879791624
    -9651.7356445584
    -9651.7842698284
    -9651.8335157529
    -9651.8828834892
    -9651.9317780528
    -9651.9806726164
    -9652.0288557896
    -9652.0762936860
    -9652.1231699951
    -9652.1697783478
    -9652.2165046095
    -9652.2638634854
    -9652.3126015940
    -9652.3639793344
    -9652.4207065308
    -9652.4774337272
    -9652.5450625892
    -9652.6232619012
    -9652.6830561939
    -9652.7359378577
    -9652.7846889181
    -9652.8306603608
    -9652.8747119981
    -9652.9175002921
    -9652.9596193540
    -9653.0017043950
    -9653.0437894360
    -9653.0863309672
    -9653.1296681868
    -9653.1739950485
    -9653.2193961510
    -9653.2658520514
    -9653.3132206164
    -9653.3612152429
    -9653.4093977946
    -9653.4572078549
    -9653.5050179151
    -9653.5520877801
    -9653.5982991149
    -9653.6438006123
    -9653.6888530957
    -9653.7337897124
    -9653.7790346474
    -9653.8251635326
    -9653.8730534363
    -9653.9243162239
    -9653.9825637787
    -9654.0408113334
    -9654.1144399937
    -9654.1832836965
    -9654.2399219130
    -9654.2908223213
    -9654.3381411148
    -9654.3830340701
    -9654.4262841829
    -9654.4685263445
    -9654.5103806871
    -9654.5522350297
    -9654.5942876885
    -9654.6369508054
    -9654.6804629652
    -9654.7249363919
    -9654.7703792785
    -9654.8166845086
    -9654.8636100653
    -9654.9107695957
    -9654.9576486768
    -9655.0037141725
    -9655.0497796682
    -9655.0949753384
    -9655.1393449002
    -9655.1831021729
    -9655.2265388760
    -9655.2700160248
    -9655.3139972849
    -9655.3591334534
    -9655.4064810587
    -9655.4581282373
    -9655.5097754159
    -9655.5686838267
    -9655.6514917477
    -9655.7152433755
    -9655.7695065076
    -9655.8188316190
    -9655.8650025643
    -9655.9090459057
    -9655.9516964094
    -9655.9935895193
    -9656.0353776092
    -9656.0771656990
    -9656.1193285906
    -9656.1621711051
    -9656.2058538652
    -9656.2504214784
    -9656.2958051621
    -9656.3418083566
    -9656.3880959813
    -9656.4342032702
    -9656.4795873463
    -9656.5249714224
    -9656.5694180744
    -9656.6128991238
    -9656.6556045238
    -9656.6978017236
    -9656.7398091491
    -9656.7820154339
    -9656.8249299967
    -9656.8693012972
    -9656.9164345937
    -9656.9688502398
    -9657.0212658859
    -9657.0823877288
    -9657.1756164870
    -9657.2355259157
    -9657.2877753264
    -9657.3357435080
    -9657.3809391938
    -9657.4242907033
    -9657.4665035029
    -9657.5082351510
    -9657.5499667991
    -9657.5918149819
    -9657.6341661644
    -9657.6772341434
    -9657.7210999697
    -9657.7657305872
    -9657.8109701986
    -9657.8565291422
    -9657.9019879838
    -9657.9468291604
    -9657.9905895534
    -9658.0343499464
    -9658.0771097494
    -9658.1189637105
    -9658.1601443091
    -9658.2009393862
    -9658.2416884072
    -9658.2828123321
    -9658.3248830946
    -9658.3687945745
    -9658.4161902505
    -9658.4635859265
    -9658.5162324929
    -9658.5795953497
    -9658.6545158623
    -9658.7115905425
    -9658.7622173017
    -9658.8090838524
    -9658.8535086875
    -9658.8963532720
    -9658.9383171391
    -9658.9800839172
    -9659.0218506953
    -9659.0639060946
    -9659.1065311432
    -9659.1498577004
    -9659.1938922623
    -9659.2385185067
    -9659.2834888469
    -9659.3284255611
    -9659.3728442969
    -9659.4162292961
    -9659.4596142952
    -9659.5018958286
    -9659.5431152431
    -9659.5834935445
    -9659.6233036908
    -9659.6628534048
    -9659.7025047570
    -9659.7427179776
    -9659.7841485930
    -9659.8278931722
    -9659.8716377514
    -9659.9190888964
    -9659.9665400414
    -9660.0196553933
    -9660.0848878794
    -9660.1543008852
    -9660.2096729369
    -9660.2592628922
    -9660.3054252337
    -9660.3493812140
    -9660.3919654073
    -9660.4338970161
    -9660.4758286248
    -9660.5177516832
    -9660.5600562993
    -9660.6029480866
    -9660.6464862300
    -9660.6906041406
    -9660.7351056142
    -9660.7796627484
    -9660.8238324491
    -9660.8671001570
    -9660.9090596582
    -9660.9510191594
    -9660.9918467548
    -9661.0316720343
    -9661.0707414559
    -9661.1093392117
    -9661.1477857120
    -9661.1864638274
    -9661.2258749413
    -9661.2667696857
    -9661.3104453403
    -9661.3541209949
    -9661.4017230670
    -9661.4559795329
    -9661.5262206010
    -9661.5899800771
    -9661.6432702796
    -9661.6916245863
    -9661.7369930770
    -9661.7804739853
    -9661.8228766213
    -9661.8649425167
    -9661.9070084122
    -9661.9492591995
    -9661.9919680030
    -9662.0352461547
    -9662.0790660884
    -9662.1232667685
    -9662.1675530913
    -9662.2115098647
    -9662.2546391038
    -9662.2964569091
    -9662.3382747144
    -9662.3788301808
    -9662.4182179867
    -9662.4566851948
    -9662.4945105785
    -9662.5319936662
    -9662.5694744643
    -9662.6073716381
    -9662.6462623995
    -9662.6870740861
    -9662.7278857728
    -9662.7716612337
    -9662.8154366946
    -9662.8634209165
    -9662.9185798068
    -9662.9943449380
    -9663.0552188063
    -9663.1072358483
    -9663.1548348501
    -9663.1997592403
    -9663.2430502136
    -9663.2855304804
    -9663.3280107471
    -9663.3703851672
    -9663.4130441316
    -9663.4561780513
    -9663.4998144208
    -9663.5438398262
    -9663.5880023472
    -9663.6319220284
    -9663.6751234620
    -9663.7170953936
    -9663.7590673251
    -9663.7996272584
    -9663.8388141927
    -9663.8768907948
    -9663.9141457458
    -9663.9508698762
    -9663.9873748743
    -9664.0240223277
    -9664.0612746251
    -9664.0998083123
    -9664.1407375919
    -9664.1816668715
    -9664.2257845304
    -9664.2748372381
    -9664.3324820948
    -9664.4215976575
    -9664.4788212842
    -9664.5291576914
    -9664.5758024283
    -9664.6202244452
    -9664.6633986209
    -9664.7065727966
    -9664.7493379702
    -9664.7922126932
    -9664.8354648750
    -9664.8791627769
    -9664.9232195064
    -9664.9674024594
    -9665.0113448881
    -9665.0545791964
    -9665.0965926892
    -9665.1369762594
    -9665.1773598296
    -9665.2163425099
    -9665.2540850746
    -9665.2908605953
    -9665.3269555933
    -9665.3626677541
    -9665.3983272529
    -9665.4343338046
    -9665.4712321703
    -9665.5098824789
    -9665.5485327875
    -9665.5897092376
    -9665.6346723640
    -9665.6852898217
    -9665.7467744245
    -9665.8156408922
    -9665.8700438829
    -9665.9190062810
    -9665.9649341877
    -9666.0091049436
    -9666.0524787753
    -9666.0958526071
    -9666.1391473059
    -9666.1826975075
    -9666.2266282080
    -9666.2708866012
    -9666.3152609549
    -9666.3593957064
    -9666.4028268031
    -9666.4450393489
    -9666.4855667809
    -9666.5260942129
    -9666.5650531571
    -9666.6025948827
    -9666.6390138470
    -9666.6746073441
    -9666.7096690434
    -9666.7445098355
    -9666.7794880144
    -9666.8150630054
    -9666.8519146562
    -9666.8887663070
    -9666.9276878479
    -9666.9666093889
    -9667.0082832048
    -9667.0539712324
    -9667.1058173345
    -9667.1710090532
    -9667.2346664771
    -9667.2875776307
    -9667.3358639733
    -9667.3815779598
    -9667.4259364278
    -9667.4702948957
    -9667.5142519622
    -9667.5582929979
    -9667.6026349817
    -9667.6472766941
    -9667.6920377731
    -9667.7365789541
    -9667.7804391970
    -9667.8230977873
    -9667.8640532222
    -9667.9050086570
    -9667.9441852927
    -9667.9817198422
    -9668.0179474517
    -9668.0531908580
    -9668.0877491406
    -9668.1219225008
    -9668.1560399472
    -9668.1904994490
    -9668.2258492986
    -9668.2629396715
    -9668.3000300443
    -9668.3393912306
    -9668.3819930804
    -9668.4291439095
    -9668.4836350496
    -9668.5618837643
    -9668.6205733834
    -9668.6717629086
    -9668.7193324204
    -9668.7649725654
    -9668.8106127104
    -9668.8555181483
    -9668.9003388736
    -9668.9453789932
    -9668.9906706877
    -9669.0360393085
    -9669.0811340742
    -9669.1254740172
    -9669.1685212768
    -9669.2097632105
    -9669.2489052757
    -9669.2880473408
    -9669.3255177905
    -9669.3615590195
    -9669.3964881215
    -9669.4306090352
    -9669.4642189223
    -9669.4976314442
    -9669.5312099549
    -9669.5654292355
    -9669.6010039311
    -9669.6365786268
    -9669.6740626830
    -9669.7142668639
    -9669.7581029137
    -9669.8071192145
    -9669.8653246755
    -9669.9397044188
    -9669.9952907416
    -9670.0453750100
    -9670.0927273496
    -9670.1388683265
    -9670.1850093034
    -9670.2309056943
    -9670.2769250687
    -9670.3231448352
    -9670.3693972945
    -9670.4153120271
    -9670.4603760056
    -9670.5040240901
    -9670.5457312364
    -9670.5851557869
    -9670.6245803374
    -9670.6621364382
    -9670.6980905286
    -9670.7327925499
    -9670.7665640263
    -9670.7997058410
    -9670.8325232159
    -9670.8653557378
    -9670.8986265954
    -9670.9329454122
    -9670.9672642291
    -9671.0032099689
    -9671.0391557086
    -9671.0772135151
    -9671.1181525267
    -9671.1629611523
    -9671.2134422577
    -9671.2749233838
    -9671.3416757884
    -9671.3961290679
    -9671.4461401574
    -9671.4941230995
    -9671.5421060416
    -9671.5894939362
    -9671.6368528150
    -9671.6843589109
    -9671.7318738830
    -9671.7790117308
    -9671.8252178365
    -9671.8698845576
    -9671.9124635205
    -9671.9525655280
    -9671.9926675356
    -9672.0306227762
    -9672.0667328669
    -9672.1014042751
    -9672.1349910040
    -9672.1678059007
    -9672.2001509883
    -9672.2323466587
    -9672.2647710727
    -9672.2979368616
    -9672.3325833290
    -9672.3672297963
    -9672.4036924177
    -9672.4426153509
    -9672.4847199212
    -9672.5311168896
    -9672.5840736356
    -9672.6525758355
    -9672.7143856339
    -9672.7680404753
    -9672.8185178395
    -9672.8689952037
    -9672.9184490341
    -9672.9677071496
    -9673.0170477594
    -9673.0663300982
    -9673.1151023694
    -9673.1627218853
    -9673.2085183870
    -9673.2519327142
    -9673.2925946545
    -9673.3332565947
    -9673.3714912274
    -9673.4076620578
    -9673.4422393051
    -9673.4756123954
    -9673.5081097982
    -9673.5400365939
    -9673.5717053961
    -9673.6034721320
    -9673.6358000212
    -9673.6693580063
    -9673.7029159915
    -9673.7380545544
    -9673.7753370075
    -9673.8153259381
    -9673.8587861431
    -9673.9070001189
    -9673.9628242724
    -9674.0460509418
    -9674.1060656625
    -9674.1603031352
    -9674.2145406079
    -9674.2670090809
    -9674.3190382668
    -9674.3710734018
    -9674.4229500391
    -9674.4740839567
    -9674.5236797555
    -9674.5709850435
    -9674.6154567525
    -9674.6567951058
    -9674.6951589796
    -9674.7335228534
    -9674.7697689421
    -9674.8042987211
    -9674.8375106507
    -9674.8697472978
    -9674.9013197026
    -9674.9325370280
    -9674.9637399437
    -9674.9953558389
    -9675.0279931334
    -9675.0606304279
    -9675.0946552041
    -9675.1305747290
    -9675.1688490724
    -9675.2100431627
    -9675.2549859320
    -9675.3051046659
    -9675.3637370509
    -9675.4533850862
    -9675.5145534505
    -9675.5757218148
    -9675.6331968945
    -9675.6897515278
    -9675.7462037439
    -9675.8023077273
    -9675.8571703868
    -9675.9097138158
    -9675.9591201581
    -9676.0049689710
    -9676.0471407735
    -9676.0859334011
    -9676.1247260288
    -9676.1611615396
    -9676.1957097830
    -9676.2288154982
    -9676.2608457204
    -9676.2921219452
    -9676.3229536303
    -9676.3536712661
    -9676.3846756780
    -9676.4165251027
    -9676.4483745274
    -9676.4814477313
    -9676.5162110638
    -9676.5530542163
    -9676.5924149291
    -9676.6348718965
    -9676.6812668997
    -9676.7329900012
    -9676.7929771521
    -9676.8767379394
    -9676.9557119090
