        0.0282244549       -0.1410719814
        0.0553304988       -0.2761578548
        0.0862505601       -0.4288732808
        0.1105878873       -0.5470606738
        0.1305709560       -0.6419624128
        0.1477903530       -0.7215630890
        0.1631202087       -0.7902184849
        0.1782682471       -0.8555001694
        0.1922629696       -0.9130642880
        0.2052465676       -0.9636701938
        0.2175230821       -1.0086515298
        0.2293512861       -1.0489998862
        0.2409265825       -1.0853192661
        0.2523906438       -1.1179007779
        0.2638365823       -1.1467872533
        0.2753095188       -1.1718356808
        0.2868121414       -1.1928032569
        0.2983226655       -1.2094507141
        0.3098170009       -1.2216153949
        0.3212782937       -1.2292261774
        0.3326906359       -1.2322909689
        0.3440304174       -1.2308962577
        0.3552699402       -1.2252145981
        0.3663936050       -1.2154862688
        0.3774124232       -1.2019658754
        0.3883661936       -1.1848635993
        0.3993164300       -1.1643089130
        0.4103380575       -1.1403384605
        0.4215141879       -1.1128962257
        0.4329343764       -1.0818356951
        0.4446953989       -1.0469188649
        0.4569037258       -1.0078100562
        0.4696793680       -0.9640633735
        0.4831612640       -0.9151021900
        0.4975148736       -0.8601876410
        0.5129433520       -0.7983704485
        0.5297050147       -0.7284150000
        0.5481428126       -0.6486724303
        0.5687386622       -0.5568508342
        0.5922153717       -0.4495982990
        0.6194652301       -0.3230087791
        0.6429444567       -0.2133132021
        0.6631280730       -0.1193988899
        0.6831735203       -0.0271800438
        0.7016220320        0.0562196201
        0.7196149980        0.1357898934
        0.7380794535        0.2153631729
        0.7557427440        0.2894363247
        0.7722409725        0.3568829087
        0.7880652566        0.4201153292
        0.8042763275        0.4835398118
        0.8219054374        0.5510755520
        0.8419861824        0.6262629061
        0.8653997101        0.7115581515
        0.8909450561        0.8014073883
        0.9118347254        0.8719332475
        0.9304015583        0.9319051540
        0.9472139801        0.9835522594
        0.9638101710        1.0315724882
        0.9792764382        1.0731953796
        0.9937246888        1.1089065942
        1.0074324439        1.1395517550
        1.0206499380        1.1657505534
        1.0335768395        1.1878559083
        1.0463680842        1.2059978647
        1.0591376959        1.2201283459
        1.0719560095        1.2300679310
        1.0848438975        1.2355711911
        1.0977730656        1.2364166814
        1.1106811907        1.2324974756
        1.1234998422        1.2238663472
        1.1361817575        1.2107114068
        1.1487154041        1.1932843529
        1.1611250061        1.1718249086
        1.1734621159        1.1465101022
        1.1857958693        1.1174316395
        1.1982059145        1.0845909286
        1.2107788312        1.0479006630
        1.2236073853        1.0071861074
        1.2367917778        0.9621828395
        1.2504423630        0.9125294523
        1.2646837288        0.8577540148
        1.2796604490        0.7972524103
        1.2955453220        0.7302551136
        1.3125517239        0.6557758808
        1.3309532792        0.5725296700
        1.3511173830        0.4787942918
        1.3735653473        0.3721688731
        1.3990592453        0.2492716929
        1.4281074725        0.1084598921
        1.4510222929       -0.0020212940
        1.4706371646       -0.0953734518
        1.4882466802       -0.1776712302
        1.5056431085       -0.2570985361
        1.5222914289       -0.3309783496
        1.5391882915       -0.4035235769
        1.5562147095       -0.4739616444
        1.5724139610       -0.5384712368
        1.5877058978       -0.5972070589
        1.6025303632       -0.6522684946
        1.6176872059       -0.7067872283
        1.6339452942       -0.7634049885
        1.6520428075       -0.8242847110
        1.6726491014       -0.8909263669
        1.6955998861       -0.9617206017
        1.7186985387       -1.0290070253
        1.7375494821       -1.0805676114
        1.7562004366       -1.1281298431
        1.7720071109       -1.1653199680
        1.7875977575       -1.1987620114
        1.8023798712       -1.2270765542
        1.8164537687       -1.2505654758
        1.8300301157       -1.2696483318
        1.8433033736       -1.2845710751
        1.8564327793       -1.2953892825
        1.8695401386       -1.3019980826
        1.8827042877       -1.3041773220
        1.8959512407       -1.3016626610
        1.9092496851       -1.2942472319
        1.9225263849       -1.2818797221
        1.9357024563       -1.2646947364
        1.9487289080       -1.2429526948
        1.9616010944       -1.2169400920
        1.9743531967       -1.1868915160
        1.9870453624       -1.1529526288
        1.9997526820       -1.1151718349
        2.0125587276       -1.0735036661
        2.0255530485       -1.0278133492
        2.0388313577       -0.9778779449
        2.0524974967       -0.9233823750
        2.0666667905       -0.8639094320
        2.0814708625       -0.7989224587
        2.0970644383       -0.7277381837
        2.1136352786       -0.6494848869
        2.1314194337       -0.5630368414
        2.1507260852       -0.4669076703
        2.1719802951       -0.3590702428
        2.1957961644       -0.2366657985
        2.2230199124       -0.0959941467
        2.2499618427        0.0425962520
        2.2715728260        0.1523085455
        2.2900698580        0.2445237729
        2.3067412465        0.3258423317
        2.3232046232        0.4040854930
        2.3390405991        0.4770936148
        2.3551280395        0.5487448498
        2.3710587149        0.6170517178
        2.3863091182        0.6799491172
        2.4009716835        0.7381849083
        2.4152180337        0.7927693729
        2.4296793473        0.8462788138
        2.4450415499        0.9011443785
        2.4619562857        0.9593090437
        2.4810294255        1.0221482846
        2.5023985233        1.0890643809
        2.5246041274        1.1544665378
        2.5434664343        1.2063605644
        2.5621155404        1.2539018734
        2.5778655879        1.2907131745
        2.5934035779        1.3235960201
        2.6081011151        1.3511362958
        2.6220516009        1.3736648355
        2.6354672566        1.3916345884
        2.6485455840        1.4053170684
        2.6614490422        1.4147857307
        2.6743036627        1.4199476165
        2.6871952593        1.4205884896
        2.7001611889        1.4164408382
        2.7131851583        1.4072809199
        2.7262077866        1.3930274288
        2.7391563752        1.3737834710
        2.7519779794        1.3497925694
        2.7646569516        1.3213464690
        2.7772143217        1.2887030083
        2.7896981763        1.2520402175
        2.8021735995        1.2114409836
        2.8147158094        1.1668932287
        2.8274067896        1.1182941319
        2.8403345889        1.0654524533
        2.8535944795        1.0080864389
        2.8672915140        0.9458161556
        2.8815444091        0.8781491148
        2.8964910752        0.8044571651
        2.9122965753        0.7239409089
        2.9291650608        0.6355746152
        2.9473586112        0.5380185410
        2.9672286620        0.4294739680
        2.9892705172        0.3074391505
        3.0142083592        0.1683701637
        3.0428785062        0.0086651798
        3.0673466275       -0.1262012197
        3.0872819394       -0.2342717010
        3.1045529442       -0.3260499444
        3.1217024935       -0.4150447663
        3.1375436638       -0.4950136558
        3.1529668441       -0.5705494003
        3.1686025921       -0.6446129878
        3.1836046672       -0.7132300185
        3.1982183394       -0.7777926779
        3.2124233067       -0.8384738374
        3.2264372920       -0.8964325815
        3.2409004332       -0.9543650084
        3.2564674480       -1.0146770050
        3.2737555457       -1.0792518260
        3.2932469992       -1.1490357515
        3.3145946825       -1.2216621148
        3.3359105684       -1.2898744543
        3.3535486785       -1.3426616439
        3.3709850694       -1.3911203964
        3.3871352034       -1.4322156319
        3.4020652265       -1.4664949084
        3.4160639318       -1.4949628505
        3.4294072087       -1.5183897284
        3.4423202596       -1.5372462206
        3.4549821292       -1.5517503185
        3.4675329531       -1.5619174474
        3.4800753474       -1.5676056646
        3.4926695331       -1.5685709097
        3.5053269720       -1.5645477535
        3.5180127231       -1.5553500579
        3.5306646838       -1.5409498509
        3.5432234265       -1.5214862604
        3.5556557016       -1.4972045738
        3.5679622221       -1.4683717497
        3.5801732954       -1.4352105354
        3.5923401421       -1.3978645489
        3.6045271724       -1.3563866415
        3.6168070592       -1.3107386194
        3.6292585258       -1.2607936526
        3.6419662006       -1.2063367061
        3.6550219603       -1.1470608428
        3.6685274705       -1.0825581888
        3.6825979284       -1.0123042894
        3.6973673514       -0.9356336555
        3.7129961760       -0.8517025456
        3.7296826460       -0.7594316281
        3.7476807976       -0.6574147574
        3.7673305535       -0.5437673537
        3.7891105459       -0.4158661498
        3.8137252740       -0.2699517256
        3.8420513868       -0.1017521140
        3.8668915708        0.0446432668
        3.8870584497        0.1618415162
        3.9045087957        0.2614834179
        3.9218403971        0.3583539243
        3.9378320601        0.4455228731
        3.9533880052        0.5280122768
        3.9692268755        0.6094963345
        3.9845410563        0.6858233897
        3.9994757519        0.7579744213
        4.0139433731        0.8258120832
        4.0282267104        0.8909073253
        4.0430113839        0.9564246764
        4.0589678256        1.0250977025
        4.0767036283        1.0990029628
        4.0966068823        1.1788718474
        4.1180459484        1.2610790798
        4.1372439306        1.3309917276
        4.1546197184        1.3908591555
        4.1717765429        1.4463341405
        4.1876815837        1.4940543364
        4.2024070866        1.5345955963
        4.2162348543        1.5690550085
        4.2294323293        1.5982919537
        4.2422175780        1.6228522711
        4.2547638986        1.6430155889
        4.2672065708        1.6588462038
        4.2796437402        1.6702370762
        4.2921312258        1.6769619747
        4.3046762205        1.6787532080
        4.3172402946        1.6754032041
        4.3297597822        1.6668504126
        4.3421765980        1.6531975520
        4.3544616373        1.6346563033
        4.3666212227        1.6114640229
        4.3786910672        1.5838175551
        4.3907265322        1.5518380329
        4.4027946373        1.5155588188
        4.4149693339        1.4749244488
        4.4273296076        1.4297920835
        4.4399595578        1.3799311206
        4.4529498143        1.3250189995
        4.4663999703        1.2646321722
        4.4804220243        1.1982310930
        4.4951450946        1.1251374066
        4.5107220385        1.0444999617
        4.5273391661        0.9552435044
        4.5452313613        0.8559881646
        4.5647072941        0.7449156543
        4.5861948479        0.6195305092
        4.6103269736        0.4762187187
        4.6380233512        0.3099479813
        4.6641553195        0.1527920877
        4.6854852845        0.0253517159
        4.7040458013       -0.0842440586
        4.7224589288       -0.1912098358
        4.7394989420       -0.2881911505
        4.7561034464       -0.3804965990
        4.7733405515       -0.4737841891
        4.7904820057       -0.5638900016
        4.8068174728       -0.6473103301
        4.8223071556       -0.7242900485
        4.8376870864       -0.7987789032
        4.8537711283       -0.8746924795
        4.8712454684       -0.9549294032
        4.8906546158       -1.0413194190
        4.9120411594       -1.1330561039
        4.9340914365       -1.2235238419
        4.9528844842       -1.2969244297
        4.9714597688       -1.3656411481
        4.9871698056       -1.4203569431
        5.0026676382       -1.4708496564
        5.0173241743       -1.5150036873
        5.0312269040       -1.5532621171
        5.0445831828       -1.5863298148
        5.0575874284       -1.6147180502
        5.0704009017       -1.6387030494
        5.0831507460       -1.6583534432
        5.0959265664       -1.6735660367
        5.1087711581       -1.6841163022
        5.1216715283       -1.6897427991
        5.1345652737       -1.6902620736
        5.1473721642       -1.6856584993
        5.1600349137       -1.6760829576
        5.1725412912       -1.6617700012
        5.1849212503       -1.6429440970
        5.1972327292       -1.6197615574
        5.2095486640       -1.5922884528
        5.2219492813       -1.5604974709
        5.2345189347       -1.5242702458
        5.2473457924       -1.4833985560
        5.2605231478       -1.4375818915
        5.2741517328       -1.3864204722
        5.2883428502       -1.3294030388
        5.3032224383       -1.2658883522
        5.3189364662       -1.1950783993
        5.3356584238       -1.1159796422
        5.3536004013       -1.0273451689
        5.3730308763       -0.9275824909
        5.3943066881       -0.8145894527
        5.4179397980       -0.6854116903
        5.4447502867       -0.5354543075
        5.4755673042       -0.3604186957
        5.4986392508       -0.2287634121
        5.5190333557       -0.1127944245
        5.5392191272        0.0009442686
        5.5581529998        0.1061420211
        5.5769556049        0.2087503446
        5.5972689020        0.3171678227
        5.6157367490        0.4133726925
        5.6339213677        0.5058633417
        5.6514313691        0.5928447461
        5.6692208588        0.6791565031
        5.6881543710        0.7687452703
        5.7088669245        0.8640072953
        5.7315153338        0.9647007589
        5.7550322508        1.0650345203
        5.7754984160        1.1483942536
        5.7957180166        1.2265963474
        5.8127915499        1.2889525539
        5.8296372853        1.3467169852
        5.8455380731        1.3973792732
        5.8605793570        1.4414444844
        5.8749861559        1.4797632927
        5.8889737330        1.5129903723
        5.9027251333        1.5415292176
        5.9163915310        1.5655577648
        5.9300897286        1.5850571908
        5.9438892898        1.5998458101
        5.9577910235        1.6096478610
        5.9717178272        1.6142250146
        5.9855509827        1.6135245079
        5.9992002852        1.6077163343
        6.0126462062        1.5970873110
        6.0259322633        1.5819076471
        6.0391378589        1.5623566110
        6.0523572071        1.5385028242
        6.0656892027        1.5103076632
        6.0792345950        1.4776320511
        6.0930967849        1.4402394708
        6.1073842538        1.3977935759
        6.1222138372        1.3498502322
        6.1377146952        1.2958437567
        6.1540331717        1.2350665658
        6.1713390100        1.1666405294
        6.1898338095        1.0894766731
        6.2097635643        1.0022158324
        6.2314399287        0.9031303119
        6.2552846054        0.7899201674
        6.2819478717        0.6591554468
        6.3125689734        0.5050332139
        6.3390251404        0.3697818873
        6.3623110190        0.2500980701
        6.3853379341        0.1319533958
        6.4072476950        0.0203808601
        6.4297621745       -0.0928639904
        6.4535116655       -0.2103258171
        6.4747332162       -0.3133097967
        6.4955956925       -0.4126045860
        6.5164772540       -0.5099608543
        6.5384390344       -0.6100353046
        6.5621995178       -0.7154081392
        6.5876577040       -0.8245775192
        6.6132835704       -0.9299816566
        6.6350389801       -1.0153552644
        6.6565330287       -1.0953851647
        6.6764474659       -1.1651143896
        6.6948242844       -1.2251479991
        6.7119909634       -1.2770120600
        6.7282753351       -1.3220245159
        6.7439548442       -1.3611376796
        6.7592609223       -1.3949815145
        6.7743903709       -1.4239205453
        6.7895109972       -1.4480902818
        6.8047544327       -1.4674167421
        6.8201878569       -1.4816442481
        6.8357690313       -1.4904298932
        6.8513395535       -1.4935504324
        6.8667204505       -1.4910884342
        6.8818288838       -1.4833771353
        6.8966968903       -1.4707898364
        6.9114237837       -1.4535954341
        6.9261328341       -1.4319199432
        6.9409510540       -1.4057554672
        6.9560041579       -1.3749756246
        6.9714180719       -1.3393443556
        6.9873227328       -1.2985165578
        7.0038567077       -1.2520314037
        7.0211723908       -1.1992989038
        7.0394420501       -1.1395794349
        7.0588653451       -1.0719548656
        7.0796795383       -0.9952877665
        7.1021753599       -0.9081586370
        7.1267275491       -0.8087463203
        7.1538714169       -0.6945198963
        7.1845019513       -0.5614045583
        7.2154659673       -0.4236800964
        7.2426741529       -0.3011618061
        7.2695420953       -0.1797462069
        7.2959295848       -0.0608677145
        7.3260161736        0.0734412013
        7.3510671711        0.1838042134
        7.3756857550        0.2906634327
        7.4001916375        0.3952093251
        7.4259433732        0.5028021406
        7.4535791800        0.6152270526
        7.4822036828        0.7276941740
        7.5074153702        0.8227081622
        7.5323137124        0.9120811985
        7.5534047046        0.9837084437
        7.5742156885        1.0501328568
        7.5938507103        1.1083930745
        7.6124036573        1.1590181575
        7.6301481078        1.2029809720
        7.6473549721        1.2410660038
        7.6642663617        1.2737937342
        7.6810993559        1.3014377971
        7.6980465253        1.3240383916
        7.7152551053        1.3414042455
        7.7327649682        1.3531464511
        7.7504293308        1.3588553647
        7.7679653013        1.3584303688
        7.7851700336        1.3521951506
        7.8020315424        1.3406348614
        7.8186663197        1.3241315197
        7.8352355048        1.3028824868
        7.8519042048        1.2769149163
        7.8688316037        1.2461142116
        7.8861733563        1.2102415506
        7.9040874870        1.1689389890
        7.9227410782        1.1217247448
        7.9423174226        1.0679803277
        7.9630241962        1.0069295818
        7.9851038755        0.9376075390
        8.0088490863        0.8588119521
        8.0346299702        0.7690146331
        8.0629522304        0.6661660256
        8.0945441199        0.5474032144
        8.1294238948        0.4127951021
        8.1631421822        0.2806353746
        8.1950841956        0.1547665780
        8.2266357421        0.0306793677
        8.2538468862       -0.0756451105
        8.2805921926       -0.1791877062
        8.3072917249       -0.2813000366
        8.3355241573       -0.3875308936
        8.3660139533       -0.4996724896
        8.3974432036       -0.6116501310
        8.4247268822       -0.7050749383
        8.4516789857       -0.7930775871
        8.4766181210       -0.8699258419
        8.4995735901       -0.9360647619
        8.5209481144       -0.9930795908
        8.5411547688       -1.0424027188
        8.5605495884       -1.0851026111
        8.5794369814       -1.1219129304
        8.5980872067       -1.1532857498
        8.6167500527       -1.1794225196
        8.6356545672       -1.2002763903
        8.6549716808       -1.2155396042
        8.6747034701       -1.2246941418
        8.6945672161       -1.2273053367
        8.7141616080       -1.2234506841
        8.7333026780       -1.2136618243
        8.7520654597       -1.1984919223
        8.7706421559       -1.1782823630
        8.7892451560       -1.1531513773
        8.8080767964       -1.1230396131
        8.8273290565       -1.0877443236
        8.8471916495       -1.0469344216
        8.8678615349       -1.0001513305
        8.8895527702       -0.9467993786
        8.9125076075       -0.8861264928
        8.9370109286       -0.8171923082
        8.9634119347       -0.7388148975
        8.9921571014       -0.6494872598
        9.0237884731       -0.5474232572
        9.0583428805       -0.4326756181
        9.0936368030       -0.3132711077
        9.1297834145       -0.1898726433
        9.1583932699       -0.0920184460
        9.1867406277        0.0047554347
        9.2132987004        0.0950407611
        9.2400663843        0.1854506889
        9.2689196682        0.2819327120
        9.3009944992        0.3874708903
        9.3349272560        0.4963105137
        9.3646754817        0.5884661941
        9.3940642655        0.6755834503
        9.4212561285        0.7518379806
        9.4462906327        0.8175670404
        9.4696092201        0.8742645176
        9.4916631896        0.9232977897
        9.5128430786        0.9656916160
        9.5334861178        1.0021495645
        9.5538968834        1.0331001850
        9.5743646541        1.0587208238
        9.5951659697        1.0789298823
        9.6165204671        1.0933580240
        9.6384361661        1.1013906572
        9.6605259016        1.1025324248
        9.6822584918        1.0969427312
        9.7034343433        1.0852815578
        9.7241858692        1.0681560087
        9.7447669709        1.0458985879
        9.7654385143        1.0185947840
        9.7864421586        0.9861467133
        9.8080062760        0.9483117479
        9.8303587275        0.9047175025
        9.8537401617        0.8548614751
        9.8784178316        0.7980997075
        9.9047014862        0.7336258222
        9.9329606969        0.6604474764
        9.9636183871        0.5774381060
        9.9969380374        0.4840063814
       10.0322488984        0.3824841341
       10.0692029100        0.2745783441
       10.0980177703        0.1897989679
       10.1240002919        0.1130899449
       10.1495685114        0.0374545251
       10.1747092089       -0.0369914411
       10.2009196638       -0.1145760267
       10.2299488023       -0.2002456405
       10.2634528987       -0.2982999631
       10.2998406817       -0.4029105973
       10.3317190377       -0.4919740988
       10.3632165108       -0.5765727689
       10.3923923692       -0.6509591912
       10.4193079011       -0.7153440646
       10.4444396117       -0.7710691378
       10.4682701929       -0.8193762444
       10.4912191939       -0.8611958871
       10.5136540234       -0.8971607996
       10.5359142043       -0.9276419681
       10.5583321316       -0.9527610555
       10.5812354731       -0.9723673217
       10.6048816121       -0.9859894811
       10.6292206912       -0.9928945013
       10.6536664232       -0.9926003028
       10.6775832483       -0.9854611380
       10.7008475755       -0.9722675050
       10.7236955161       -0.9536261861
       10.7464515907       -0.9298220453
       10.7694238281       -0.9008920983
       10.7928927340       -0.8666980580
       10.8171257736       -0.8269638193
       10.8423946317       -0.7812894588
       10.8689909283       -0.7291531982
       10.8972388186       -0.6699124250
       10.9274932400       -0.6028370383
       10.9600718966       -0.5273081873
       10.9950539653       -0.4433628529
       11.0326609775       -0.3507857057
       11.0615774595       -0.2783939789
       11.0873827141       -0.2130458914
       11.1128011216       -0.1480120252
       11.1373406290       -0.0845896385
       11.1622492131       -0.0195827188
       11.1891374176        0.0512241853
       11.2202251284        0.1336645040
       11.2579978976        0.2340069369
       11.2971677656        0.3371050829
       11.3307565372        0.4235707696
       11.3639295343        0.5060473535
       11.3948419253        0.5792477132
       11.4235735341        0.6432134098
       11.4506098338        0.6990572853
       11.4764450047        0.7478319806
       11.5015180736        0.7903239118
       11.5262280057        0.8270533767
       11.5509619187        0.8582925447
       11.5761177835        0.8840542888
       11.6020904640        0.9040329854
       11.6291059176        0.9175225358
       11.6567705213        0.9236163006
       11.6841147934        0.9221015362
       11.7106357998        0.9137343361
       11.7364974630        0.8993744633
       11.7620957187        0.8795250327
       11.7878228381        0.8543625969
       11.8140237554        0.8238428672
       11.8410102435        0.7877660146
       11.8690803925        0.7458092933
       11.8985304788        0.6975474450
       11.9296524152        0.6424822293
       11.9626939567        0.5801318413
       11.9976038361        0.5105532441
       12.0285764693        0.4460278230
       12.0560385619        0.3867757063
       12.0831263262        0.3264853536
       12.1086422372        0.2679935080
       12.1334943189        0.2094124704
       12.1589821415        0.1476944717
       12.1867751230        0.0786048459
       12.2199102336       -0.0058859065
       12.2602554481       -0.1110286194
       12.2986993374       -0.2122935372
       12.3362225043       -0.3107420130
       12.3733366115       -0.4062962823
       12.4089635137       -0.4949454491
       12.4425032921       -0.5744404291
       12.4741511921       -0.6449130454
       12.5043846468       -0.7072716058
       12.5337050541       -0.7623974757
       12.5625889422       -0.8109424166
       12.5915092762       -0.8533009687
       12.6209722077       -0.8895896267
       12.6515323355       -0.9195629499
       12.6836389551       -0.9424110480
       12.7169175607       -0.9566745599
       12.7498335012       -0.9614626440
       12.7815058189       -0.9575725177
       12.8121587574       -0.9462039765
       12.8423330207       -0.9280789302
       12.8725024838       -0.9034693352
       12.9030071898       -0.8723884157
       12.9340393245       -0.8347663408
       12.9655797591       -0.7906873809
       12.9972759864       -0.7407693391
       13.0284383130       -0.6864304366
       13.0584157374       -0.6293836755
       13.0870268856       -0.5706592079
       13.1145812125       -0.5102173460
       13.1416986023       -0.4470831805
       13.1692332589       -0.3793913098
       13.1984006269       -0.3039658423
       13.2308453498       -0.2160050860
       13.2644693203       -0.1210506943
       13.2956008202       -0.0305172611
       13.3250906121        0.0567500418
       13.3542991926        0.1438380069
       13.3841704292        0.2327539364
       13.4154100123        0.3246910021
       13.4486420168        0.4203027697
       13.4843340361        0.5193145960
       13.5221300347        0.6187035758
       13.5602265698        0.7118892539
       13.5971307362        0.7943085256
       13.6326665144        0.8654257727
       13.6672570748        0.9261200270
       13.7014453729        0.9772200110
       13.7358007033        1.0191622003
       13.7709634341        1.0519145154
       13.8077216135        1.0748320022
       13.8469411383        1.0863211459
       13.8883261493        1.0838945026
       13.9288474698        1.0671951949
       13.9668938385        1.0389004607
       14.0030087069        1.0010855728
       14.0380688385        0.9545472266
       14.0727244613        0.8994465101
       14.1074374393        0.8356529295
       14.1426137182        0.7627724825
       14.1787571019        0.6799268089
       14.2166574347        0.5852764122
       14.2570280409        0.4769519133
       14.2906454046        0.3819812041
       14.3209415428        0.2936366829
       14.3507831237        0.2049475440
       14.3789225347        0.1206052918
       14.4058021459        0.0401119025
       14.4321213062       -0.0379958669
       14.4586206660       -0.1153462315
       14.4862018812       -0.1939171295
       14.5162204710       -0.2766138996
       14.5503759609       -0.3665121267
       14.5848123684       -0.4520890725
       14.6167707664       -0.5265921251
       14.6474223092       -0.5933401259
       14.6778574620       -0.6548276986
       14.7085631660       -0.7117887923
       14.7396022558       -0.7639224073
       14.7708035280       -0.8105084278
       14.8019555940       -0.8508717619
       14.8329528501       -0.8845974334
       14.8638468060       -0.9114897326
       14.8948364298       -0.9314144121
       14.9262518407       -0.9441318595
       14.9585580458       -0.9491360472
       14.9923645783       -0.9454699071
       15.0282760375       -0.9315957806
       15.0659287448       -0.9062024027
       15.1032208163       -0.8705295587
       15.1389773798       -0.8270783936
       15.1735741902       -0.7771034161
       15.2077682663       -0.7208008952
       15.2422233970       -0.6579620677
       15.2774571695       -0.5883140961
       15.3137760919       -0.5119014514
       15.3509167393       -0.4301209874
       15.3875908211       -0.3469978589
       15.4224566934       -0.2669090993
       15.4554771427       -0.1910236501
       15.4878718225       -0.1172811340
       15.5225700166       -0.0397029866
       15.5522684112        0.0252146643
       15.5792408994        0.0828749803
       15.6057648848        0.1383535962
       15.6317384146        0.1915194907
       15.6581294017        0.2443691522
       15.6858393436        0.2985584254
       15.7155737196        0.3551173524
       15.7476259005        0.4140128890
       15.7813772740        0.4733132274
       15.8154269155        0.5297682853
       15.8487014298        0.5810411375
       15.8808558174        0.6262903100
       15.9119936969        0.6654796280
       15.9424120514        0.6988153408
       15.9724902402        0.7264810494
       16.0026637727        0.7485182994
       16.0334364519        0.7647449758
       16.0653886030        0.7746542800
       16.0990287583        0.7773094706
       16.1340379846        0.7716458017
       16.1687844609        0.7577809549
       16.2022851680        0.7370553194
       16.2347951576        0.7105531008
       16.2669421027        0.6787385756
       16.2993063341        0.6417115324
       16.3323654196        0.5994068767
       16.3665145459        0.5517057248
       16.4020656621        0.4985349759
       16.4392441707        0.4399323674
       16.4783861826        0.3757167508
       16.5119371842        0.3190581784
       16.5405446606        0.2697081513
       16.5687941587        0.2200242803
       16.5950262229        0.1729620823
       16.6201672618        0.1269286099
       16.6453992334        0.0797451839
       16.6718764920        0.0291507076
       16.7009665859       -0.0276505794
       16.7346213014       -0.0947058785
       16.7741254427       -0.1746297895
       16.8148776334       -0.2574157677
       16.8545270605       -0.3370396214
       16.8927476470       -0.4116749123
       16.9294040739       -0.4801421294
       16.9646240860       -0.5420310838
       16.9987668385       -0.5974957220
       17.0323010508       -0.6468636600
       17.0657512426       -0.6904044852
       17.0997086178       -0.7282139021
       17.1348685377       -0.7601060174
       17.1719785133       -0.7854003113
       17.2111357881       -0.8025759511
       17.2504244428       -0.8100077428
       17.2880561608       -0.8081211492
       17.3240812895       -0.7983590135
       17.3591701910       -0.7817010032
       17.3938499460       -0.7586344761
       17.4283206018       -0.7295030415
       17.4623855034       -0.6948831405
       17.4954974196       -0.6558434861
       17.5271042301       -0.6137104077
       17.5570359993       -0.5694528678
       17.5855404745       -0.5233599940
       17.6131111087       -0.4751060278
       17.6403631050       -0.4238739146
       17.6680212759       -0.3683421062
       17.6969977749       -0.3064843659
       17.7283815010       -0.2355353951
       17.7617707109       -0.1560666247
       17.7940004038       -0.0761573905
       17.8244249903        0.0014174058
       17.8539124581        0.0778532173
       17.8832827103        0.1544768126
       17.9131220984        0.2320745331
       17.9438901256        0.3110314038
       17.9760083745        0.3914605403
       18.0098995422        0.4731995662
       18.0459402576        0.5555874302
       18.0841984976        0.6368408419
       18.1239642881        0.7134190803
       18.1640098029        0.7814045373
       18.2036706910        0.8388474353
       18.2430686899        0.8854763738
       18.2827483876        0.9213858515
       18.3234810310        0.9462930575
       18.3662781260        0.9591179969
       18.4123000447        0.9575036465
       18.4610086023        0.9384862257
       18.5082523240        0.9033823339
       18.5524910161        0.8561776022
       18.5947935036        0.7987404347
       18.6364700653        0.7311978042
       18.6785078887        0.6530474959
       18.7211806071        0.5646697870
       18.7591996543        0.4794730899
       18.7936437831        0.3981097783
       18.8275743419        0.3151112971
       18.8593070381        0.2358783663
       18.8890756639        0.1609663564
       18.9174670394        0.0897100699
       18.9450864024        0.0211925041
       18.9725787254       -0.0456719386
       19.0007591678       -0.1123206394
       19.0308587747       -0.1809194350
       19.0643448583       -0.2536341159
       19.0948304335       -0.3162478994
       19.1247918571       -0.3742991618
       19.1537163868       -0.4269836150
       19.1824407222       -0.4759857186
       19.2116595978       -0.5223818955
       19.2417828912       -0.5664880392
       19.2729505716       -0.6080137199
       19.3050381078       -0.6462161182
       19.3377339572       -0.6801594093
       19.3707203872       -0.7090303963
       19.4038379418       -0.7322914040
       19.4371394218       -0.7496085357
       19.4708733847       -0.7606807814
       19.5054674217       -0.7650635622
       19.5415346684       -0.7619891742
       19.5798161470       -0.7501947588
       19.6205087502       -0.7282421841
       19.6617216840       -0.6966036232
       19.7014690853       -0.6578184863
       19.7397681519       -0.6135747051
       19.7774031006       -0.5644110304
       19.8150613187       -0.5105252526
       19.8530959463       -0.4523570698
       19.8913764090       -0.3910752292
       19.9293485114       -0.3286031996
       19.9667810218       -0.2662916803
       20.0049361806       -0.2027976878
       20.0387091368       -0.1470241005
       20.0670322175       -0.1006691446
       20.0949704872       -0.0552829142
       20.1211312245       -0.0129940080
       20.1465000355        0.0279269050
       20.1721632315        0.0693236792
       20.1990741235        0.1127872265
       20.2281781881        0.1598442198
       20.2604534708        0.2119637557
       20.2964383406        0.2696651326
       20.3348547111        0.3301963638
       20.3733787699        0.3889870749
       20.4108694616        0.4434880999
       20.4471789293        0.4928735734
       20.4825666809        0.5370136047
       20.5174501737        0.5759798663
       20.5523340987        0.6098331462
       20.5878160524        0.6385078725
       20.6246213426        0.6616987598
       20.6635448897        0.6786710010
       20.7046896856        0.6880598260
       20.7460103356        0.6887695532
       20.7856586187        0.6815540352
       20.8237415544        0.6677557700
       20.8610070768        0.6481808016
       20.8980498363        0.6231989791
       20.9350726885        0.5931084686
       20.9716194496        0.5586675364
       21.0064982212        0.5215578067
       21.0361060173        0.4868238651
       21.0652831024        0.4496372884
       21.0929635940        0.4115555342
       21.1195056954        0.3723838985
       21.1455735957        0.3313055936
       21.1718939481        0.2871687962
       21.1992911792        0.2384043686
       21.2288083516        0.1827619787
       21.2615270867        0.1176145594
       21.2962013046        0.0451319147
       21.3300034674       -0.0282199527
       21.3627517413       -0.1010340609
       21.3952197353       -0.1741123688
       21.4280623721       -0.2480866274
       21.4617249437       -0.3230655553
       21.4965138072       -0.3986978571
       21.5326325831       -0.4742013756
       21.5701718519       -0.5483328100
       21.6090822124       -0.6193893369
       21.6491978923       -0.6853831232
       21.6903626692       -0.7443935307
       21.7325912805       -0.7948183923
       21.7761330754       -0.8352707508
       21.8213249196       -0.8641936667
       21.8679834562       -0.8796080753
       21.9145857011       -0.8800926402
       21.9594339976       -0.8664495430
       22.0022229771       -0.8406618382
       22.0435324259       -0.8041831661
       22.0841246678       -0.7576095137
       22.1247552049       -0.7008266468
       22.1661690979       -0.6331503090
       22.2086998296       -0.5542837389
       22.2466651412       -0.4768553833
       22.2808897027       -0.4022931474
       22.3145681368       -0.3254322898
       22.3460953531       -0.2512182647
       22.3757171521       -0.1802899473
       22.4039689687       -0.1122651768
       22.4313390138       -0.0466447802
       22.4582704960        0.0170818198
       22.4852265159        0.0795063038
       22.5127751191        0.1414120070
       22.5417134145        0.2039242752
       22.5731596053        0.2684913546
       22.6070613432        0.3337861817
       22.6397932396        0.3923279435
       22.6705335607        0.4431556171
       22.7003204621        0.4885091904
       22.7300679545        0.5299345451
       22.7603384992        0.5680775630
       22.7914365599        0.6029893678
       22.8234670317        0.6343301640
       22.8563755013        0.6615274250
       22.8900230737        0.6839419913
       22.9242976560        0.7009995533
       22.9592120282        0.7122174776
       22.9949571250        0.7171233450
       23.0319278218        0.7151088632
       23.0707420825        0.7052468932
       23.1121543082        0.6861445503
       23.1562144025        0.6565197873
       23.2006946246        0.6176048234
       23.2435785705        0.5724420214
       23.2849071558        0.5228382700
       23.3253330355        0.4696129722
       23.3652063331        0.4136454609
       23.4044043554        0.3563342530
       23.4426454339        0.2992152429
       23.4801334776        0.2429089353
       23.5183056982        0.1859505812
       23.5529349736        0.1349864049
       23.5817260598        0.0932151668
       23.6101289182        0.0524852887
       23.6365910553        0.0148464770
       23.6620489420       -0.0212157746
       23.6875476062       -0.0573097686
       23.7139668579       -0.0947717806
       23.7421376063       -0.1348362579
       23.7729325806       -0.1787392211
       23.8071602308       -0.2274921643
       23.8448177460       -0.2806830206
       23.8842133357       -0.3351868776
       23.9235241696       -0.3876067565
       23.9620589298       -0.4362389367
       23.9998517797       -0.4804776044
       24.0372468713       -0.5201409872
       24.0747463636       -0.5551512693
       24.1129916796       -0.5853713499
       24.1528012043       -0.6104645021
       24.1951154014       -0.6296635869
       24.2400184375       -0.6414409518
       24.2848420071       -0.6444337449
       24.3274722606       -0.6394009061
       24.3681169670       -0.6277624634
       24.4074679187       -0.6104342911
       24.4457381228       -0.5881015660
       24.4824570540       -0.5617329307
       24.5168774064       -0.5326501556
       24.5487100350       -0.5019388362
       24.5782685229       -0.4700381603
       24.6061541744       -0.4368426691
       24.6330158078       -0.4019150654
       24.6594798232       -0.3645906345
       24.6861733122       -0.3239677846
       24.7137879809       -0.2788104532
       24.7431447851       -0.2274122309
       24.7749888073       -0.1679582268
       24.8085017335       -0.1016866613
       24.8413729283       -0.0336182899
       24.8730064311        0.0340612891
       24.9039031895        0.1015120890
       24.9346269797        0.1691835815
       24.9655931739        0.2372523506
       24.9971076366        0.3056205150
       25.0294212388        0.3739807486
       25.0627637722        0.4418480335
       25.0973590705        0.5085518023
       25.1334228797        0.5731935811
       25.1711410128        0.6345809577
       25.2106298032        0.6911729003
       25.2519064670        0.7411116682
       25.2949302188        0.7823969719
       25.3397398113        0.8130856210
       25.3865929969        0.8312614602
       25.4359115323        0.8347348394
       25.4876410555        0.8210781693
       25.5401135350        0.7894155103
       25.5912558971        0.7419269897
       25.6404030095        0.6817580230
       25.6872471687        0.6123126778
       25.7273363892        0.5445922031
       25.7667679795        0.4716383762
       25.8036380044        0.3988087778
       25.8379449320        0.3280338719
       25.8701480285        0.2598489341
       25.9007174536        0.1943413447
       25.9300626908        0.1314383984
       25.9585635155        0.0709483460
       25.9866234221        0.0125274896
       26.0147384511       -0.0443855892
       26.0436048466       -0.1006848325
       26.0742831782       -0.1577444771
       26.1076309867       -0.2161833678
       26.1375269559       -0.2652269292
       26.1669135290       -0.3103008900
       26.1951788053       -0.3507411387
       26.2230707405       -0.3878911282
       26.2512948282       -0.4227453461
       26.2803605242       -0.4557977141
       26.3106137345       -0.4871517028
       26.3422365469       -0.5165763711
       26.3752169572       -0.5435442262
       26.4093557751       -0.5673319070
       26.4443759716       -0.5871987298
       26.4800911308       -0.6025303762
       26.5165205928       -0.6128409714
       26.5539240153       -0.6176590390
       26.5928063726       -0.6163669642
       26.6339002501       -0.6080299697
       26.6778346735       -0.5913963833
       26.7236018276       -0.5660675275
       26.7684960772       -0.5340301612
       26.8115766522       -0.4974758819
       26.8533800571       -0.4575027252
       26.8945528715       -0.4147436576
       26.9354797782       -0.3698242785
       26.9765544441       -0.3231609846
       27.0189704827       -0.2740186175
       27.0532549848       -0.2338833211
       27.0825979250       -0.1992695220
       27.1115468628       -0.1647832258
       27.1384067604       -0.1323302280
       27.1639391630       -0.1009089230
       27.1891173786       -0.0692261662
       27.2147838800       -0.0360914505
       27.2417419698       -0.0002938803
       27.2708912112        0.0395815499
       27.3033368733        0.0853017867
       27.3401831729        0.1386316496
       27.3808804602        0.1986643785
       27.4227694928        0.2607842143
       27.4644512274        0.3218603694
       27.5057356743        0.3805298639
       27.5467772276        0.4359876036
       27.5878863726        0.4876657938
       27.6295495204        0.5351505320
       27.6724601479        0.5780394551
       27.7174830982        0.6156642422
       27.7649891724        0.6464450606
       27.8126478677        0.6675575721
       27.8573065375        0.6781110400
       27.8984780175        0.6797288105
       27.9367730724        0.6741200874
       27.9727321789        0.6625095834
       28.0067190918        0.6457918074
       28.0390391228        0.6246226109
       28.0700113493        0.5994274616
       28.0999863205        0.5703949891
       28.1293457523        0.5374737356
       28.1585072455        0.5003608493
       28.1879410331        0.4584688036
       28.2181883022        0.4108791858
       28.2497933317        0.3564484079
       28.2827427810        0.2949565019
       28.3154830526        0.2295971826
       28.3465041904        0.1643859066
       28.3757513016        0.1006222045
       28.4037549998        0.0381188660
       28.4310242296       -0.0235062342
       28.4579469976       -0.0844997351
       28.4848313686       -0.1449841257
       28.5119544679       -0.2050166439
       28.5396010691       -0.2646329719
       28.5680977552       -0.3238727068
       28.5978506425       -0.3827885344
       28.6293889877       -0.4414239603
       28.6633742011       -0.4996660352
       28.7002800523       -0.5565617486
       28.7391031427       -0.6087825258
       28.7776191717       -0.6524846242
       28.8150320358       -0.6869570874
       28.8516895536       -0.7129552719
       28.8881203834       -0.7310796975
       28.9247554658       -0.7415223598
       28.9619349248       -0.7441684038
       28.9999534116       -0.7386892830
       29.0390807626       -0.7246010043
       29.0795301446       -0.7013462203
       29.1213331527       -0.6685169469
       29.1641263253       -0.6263353840
       29.2070939078       -0.5761360239
       29.2493357432       -0.5201467232
       29.2902514251       -0.4607325913
       29.3295523444       -0.3999474744
       29.3671370532       -0.3394388579
       29.4030327350       -0.2804168978
       29.4373924761       -0.2236244931
       29.4705136447       -0.1693280905
       29.5028859881       -0.1173028198
       29.5353213779       -0.0667321575
       29.5692912936       -0.0158707598
       29.6020619539        0.0309055547
       29.6305748851        0.0697226934
       29.6586336517        0.1062745841
       29.6852575654        0.1395632017
       29.7112414471        0.1708752232
       29.7374154496        0.2013701668
       29.7644499129        0.2318784104
       29.7929175504        0.2630019809
       29.8233225786        0.2951451772
       29.8560359106        0.3284225912
       29.8910983276        0.3624395029
       29.9280189770        0.3961379487
       29.9659811509        0.4281257267
       30.0043803127        0.4572723179
       30.0430696462        0.4828906681
       30.0822907670        0.5045594607
       30.1225786737        0.5219026369
       30.1647397861        0.5344010150
       30.2097584656        0.5411864891
       30.2576921802        0.5410052631
       30.3056358003        0.5334908422
       30.3514132877        0.5199528718
       30.3953448661        0.5016372463
       30.4382368974        0.4791926111
       30.4801029542        0.4532760571
       30.5150127068        0.4287564732
       30.5464140631        0.4044167095
       30.5773647372        0.3781941506
       30.6061930904        0.3516118250
       30.6332500334        0.3245926148
       30.6592528654        0.2965722917
       30.6848853158        0.2668400600
       30.7107818409        0.2345652877
       30.7375954834        0.1987171904
       30.7660796992        0.1579342931
       30.7971077981        0.1104615305
       30.8311248618        0.0550658194
       30.8665854251       -0.0058861895
       30.9015978689       -0.0685922105
       30.9359064917       -0.1317081755
       30.9699194410       -0.1951159746
       31.0040301950       -0.2587200045
       31.0385009594       -0.3221623806
       31.0734923282       -0.3848373992
       31.1090994897       -0.4459478950
       31.1453747297       -0.5045544923
       31.1823394961       -0.5596180782
       31.2199903635       -0.6100410528
       31.2583013764       -0.6547104671
       31.2972242299       -0.6925442131
       31.3366885595       -0.7225408864
       31.3766071495       -0.7438316562
       31.4168924959       -0.7557239555
       31.4574875807       -0.7577146643
       31.4984048591       -0.7494491189
       31.5397600252       -0.7306226001
       31.5817800488       -0.7008592982
       31.6247189601       -0.6596992688
       31.6684298245       -0.6071975386
       31.7114612592       -0.5458572419
       31.7483204845       -0.4864929527
       31.7845512279       -0.4228467398
       31.8186378136       -0.3590101291
       31.8507058457       -0.2962524170
       31.8811815520       -0.2349270644
       31.9104490030       -0.1751743919
       31.9388184860       -0.1170847123
       31.9665595226       -0.0607021451
       31.9939405676       -0.0059933534
       32.0212702122        0.0471904081
       32.0489483481        0.0991580353
       32.0775412751        0.1504357825
       32.1078602295        0.2017710886
       32.1404814266        0.2532064355
       32.1731852658        0.3006376178
       32.2037991376        0.3412381560
       32.2328205603        0.3763660339
       32.2612397240        0.4076609316
       32.2897915416        0.4360862878
       32.3189766422        0.4620950562
       32.3491446741        0.4858093023
       32.3805292211        0.5071089090
       32.4132493765        0.5256797426
       32.4473106215        0.5410658781
       32.4826408853        0.5527427710
       32.5191744260        0.5601866398
       32.5569524920        0.5628931552
       32.5961984064        0.5603260268
       32.6373453648        0.5518196703
       32.6809424631        0.5365189294
       32.7270624015        0.5137114902
       32.7741269131        0.4840956310
       32.8200662058        0.4498780918
       32.8643300358        0.4128925550
       32.9072581830        0.3741970569
       32.9493289304        0.3344513249
       32.9912325250        0.2938402668
       33.0344909324        0.2514633419
       33.0687010516        0.2178417008
       33.0982026680        0.1887534676
       33.1272949573        0.1598492350
       33.1543149402        0.1326234620
       33.1799452316        0.1062658212
       33.2050840262        0.0797310630
       33.2304966685        0.0520640155
       33.2568808657        0.0223181444
       33.2849718733       -0.0105712406
       33.3156346537       -0.0479047500
       33.3498749607       -0.0912246155
       33.3883326515       -0.1415663863
       33.4298154195       -0.1972032716
       33.4722035552       -0.2545721316
       33.5146376371       -0.3114852461
       33.5571262561       -0.3668742099
       33.5999295855       -0.4199873693
       33.6433966531       -0.4701209324
       33.6879096365       -0.5164781570
       33.7336329982       -0.5578824471
       33.7798256745       -0.5924439818
       33.8246658814       -0.6182906084
       33.8668418219       -0.6351409173
       33.9062147517       -0.6439555642
       33.9431563924       -0.6458628876
       33.9780921588       -0.6417704523
       34.0113975100       -0.6323457796
       34.0434104562       -0.6180510717
       34.0744557765       -0.5991614864
       34.1048622911       -0.5757675254
       34.1349771643       -0.5477651258
       34.1651822025       -0.5148317861
       34.1959103760       -0.4763910727
       34.2276309752       -0.4316171806
       34.2606377420       -0.3797971302
       34.2942922945       -0.3218934196
       34.3269078947       -0.2614602731
       34.3575960514       -0.2013424717
       34.3865569668       -0.1423364613
       34.4142863485       -0.0843737983
       34.4412159567       -0.0272884649
       34.4676747825        0.0290041222
       34.4939268336        0.0845199469
       34.5202101852        0.1392468487
       34.5467683565        0.1931768094
       34.5738790767        0.2463280947
       34.6018869202        0.2987589284
       34.6312436731        0.3505654321
       34.6625355897        0.4018105899
       34.6963071088        0.4521112421
       34.7320210991        0.4993125287
       34.7676021519        0.5399841841
       34.8020375664        0.5731901621
       34.8356186832        0.5997001358
       34.8688990631        0.6202589692
       34.9023209237        0.6352203042
       34.9361958675        0.6446384238
       34.9707494778        0.6483828354
       35.0061608580        0.6462124006
       35.0425897010        0.6378192326
       35.0801872594        0.6228603659
       35.1190775710        0.6010065336
       35.1592830726        0.5720629828
       35.2005837361        0.5362241030
       35.2424141458        0.4943793052
       35.2840145610        0.4481069216
       35.3247553976        0.3992270966
       35.3642810954        0.3493759224
       35.4024578717        0.2998521198
       35.4393180327        0.2515774301
       35.4750746253        0.2050448902
       35.5102076977        0.1602317033
       35.5456804763        0.1164129260
       35.5833809217        0.0718077969
       35.6143840414        0.0367602199
       35.6421223163        0.0066034497
       35.6694185089       -0.0221008558
       35.6954564553       -0.0487537842
       35.7209005655       -0.0742888426
       35.7464951870       -0.0996341288
       35.7728856955       -0.1255597011
       35.8006696639       -0.1527477482
       35.8304447389       -0.1818384417
       35.8628002410       -0.2133970444
       35.8981758565       -0.2477208482
       35.9364943494       -0.2844056607
       35.9769019057       -0.3220706706
       36.0183418927       -0.3590073034
       36.0602913435       -0.3939834633
       36.1028381154       -0.4263012937
       36.1465139417       -0.4555300876
       36.1922356210       -0.4812601753
       36.2412750536       -0.5028143165
       36.2939175589       -0.5186049123
       36.3413219035       -0.5261421389
       36.3878480785       -0.5273138840
       36.4273653356       -0.5234150756
       36.4662478358       -0.5150982778
       36.5024529960       -0.5032108732
       36.5357680326       -0.4885556595
       36.5666244825       -0.4716039179
       36.5956148720       -0.4525219416
       36.6233146199       -0.4312539284
       36.6502433884       -0.4075772147
       36.6768791569       -0.3811197818
       36.7036889830       -0.3513463721
       36.7311637927       -0.3175195544
       36.7598402236       -0.2786597287
       36.7902200676       -0.2336600962
       36.8222687632       -0.1821914056
       36.8547153896       -0.1263408405
       36.8862356580       -0.0690299020
       36.9165786643       -0.0116156976
       36.9460407081        0.0456248726
       36.9749727307        0.1026536433
       37.0036555289        0.1593788059
       37.0323094620        0.2156237760
       37.0611240990        0.2711529020
       37.0902822408        0.3256938692
       37.1199777486        0.3789467934
       37.1504306363        0.4305804800
       37.1819024977        0.4802157650
       37.2147137802        0.5273915129
       37.2492590404        0.5714998373
       37.2859933279        0.6116584856
       37.3252776856        0.6464701638
       37.3668454370        0.6737887375
       37.4093414557        0.6913708594
       37.4513904835        0.6983970243
       37.4925667046        0.6953524317
       37.5330105438        0.6830030468
       37.5729394496        0.6620330360
       37.6124675463        0.6331198067
       37.6515841396        0.5970709989
       37.6901847944        0.5548980675
       37.7281185926        0.5078025782
       37.7652339048        0.4570938948
       37.8014103585        0.4040807787
       37.8365736623        0.3499763993
       37.8706986295        0.2958340752
       37.9038088401        0.2425106806
       37.9359800276        0.1906463135
       37.9673521996        0.1406493916
       37.9981555684        0.0926786346
       38.0287604172        0.0466110735
       38.0597758106        0.0019737740
       38.0922220115       -0.0421612137
       38.1269311780       -0.0862275949
       38.1559458549       -0.1205205613
       38.1844878764       -0.1520679175
       38.2115205491       -0.1800797772
       38.2377558486       -0.2056834709
       38.2639615825       -0.2298606887
       38.2907420334       -0.2532771072
       38.3185928085       -0.2763833351
       38.3479463686       -0.2994748054
       38.3791716163       -0.3226913407
       38.4125194223       -0.3459665926
       38.4480219750       -0.3689554550
       38.4854312256       -0.3910241285
       38.5243429953       -0.4113922433
       38.5644718766       -0.4293389523
       38.6058508000       -0.4442825224
       38.6488888636       -0.4557071079
       38.6943733200       -0.4630134768
       38.7432813726       -0.4653430947
       38.7952102670       -0.4617177725
       38.8466818668       -0.4523286865
       38.8958082796       -0.4384817500
       38.9428957921       -0.4211593969
       38.9827364280       -0.4036063446
       39.0176625838       -0.3860466452
       39.0490118088       -0.3684596578
       39.0799070891       -0.3492627729
       39.1087055165       -0.3294879777
       39.1357435611       -0.3090511326
       39.1616946271       -0.2875288448
       39.1871847575       -0.2643916881
       39.2127732083       -0.2390258990
       39.2390037326       -0.2106882854
       39.2664620336       -0.1784333144
       39.2958132297       -0.1410440301
       39.3276883884       -0.0971749978
       39.3619618911       -0.0465350036
       39.3970435476        0.0085087640
       39.4316022350        0.0652607775
       39.4654456910        0.1225624712
       39.4988280811        0.1800211862
       39.5320101389        0.2373109104
       39.5651695806        0.2939822004
       39.5984177798        0.3494682875
       39.6318279641        0.4031286601
       39.6654560515        0.4542877358
       39.6993540870        0.5022617446
       39.7335788668        0.5463745637
       39.7681979573        0.5859641646
       39.8032947484        0.6203808514
       39.8389737889        0.6489776030
       39.8753673754        0.6710917886
       39.9126438868        0.6860164525
       39.9510164840        0.6929590558
       39.9907426009        0.6909907389
       40.0320713899        0.6790244090
       40.0749921816        0.6560210644
       40.1186100988        0.6219434589
       40.1610647157        0.5789629033
       40.2010254011        0.5303522243
       40.2383436469        0.4785627613
       40.2734312339        0.4249936677
       40.3067556455        0.3704848902
       40.3386894833        0.3156518231
       40.3695083059        0.2610142705
       40.3994202416        0.2070298924
       40.4285952490        0.1540927350
       40.4571906386        0.1025186527
       40.4853757355        0.0525248729
       40.5133596846        0.0042062600
       40.5414281206       -0.0424921480
       40.5699983920       -0.0878097330
       40.5996993713       -0.1322011437
       40.6313194845       -0.1761255181
       40.6642354799       -0.2180164083
       40.6953926822       -0.2540359237
       40.7242703932       -0.2843386158
       40.7518610703       -0.3106410853
       40.7790759321       -0.3341854854
       40.8065513907       -0.3556799465
       40.8347494904       -0.3755034161
       40.8640316620       -0.3938241441
       40.8946846937       -0.4106474165
       40.9269142967       -0.4258303783
       40.9608236943       -0.4390918002
       40.9964060372       -0.4500391589
       41.0335866799       -0.4582195506
       41.0723215196       -0.4631694179
       41.1127064850       -0.4644244214
       41.1550410201       -0.4614803174
       41.1997752931       -0.4537500502
       41.2470879574       -0.4406940752
       41.2958627414       -0.4224837164
       41.3440730246       -0.4004236959
       41.3908927850       -0.3758859835
       41.4367676870       -0.3495835079
       41.4827258219       -0.3215887623
       41.5222974928       -0.2964456681
       41.5553796590       -0.2747037335
       41.5848431911       -0.2546716245
       41.6138763473       -0.2341242699
       41.6410542563       -0.2139377348
       41.6668525629       -0.1936979509
       41.6919900621       -0.1727584139
       41.7171079558       -0.1504502713
       41.7427882678       -0.1260577293
       41.7696216868       -0.0987448411
       41.7982735375       -0.0674682276
       41.8295186647       -0.0309131849
       41.8640632242        0.0122821581
       41.9016311277        0.0621568469
       41.9404369595        0.1162013234
       41.9791518730        0.1718785403
       42.0175385526        0.2279469812
       42.0557459443        0.2837065534
       42.0939049506        0.3384391202
       42.1320385392        0.3912766691
       42.1700699075        0.4412417824
       42.2078534092        0.4873441336
       42.2452168647        0.5286941168
       42.2820088889        0.5645983278
       42.3181360095        0.5946006647
       42.3535777042        0.6184597850
       42.3883816230        0.6360861999
       42.4226502306        0.6474701584
       42.4565288160        0.6526183111
       42.4901996084        0.6515020746
       42.5238829708        0.6440125836
       42.5578447025        0.6299152040
       42.5924046794        0.6088005329
       42.6279233473        0.5800546263
       42.6646617051        0.5430018746
       42.7022431065        0.4977582567
       42.7391326432        0.4466577960
       42.7739281494        0.3930204251
       42.8064388020        0.3388018664
       42.8370969031        0.2846971379
       42.8663834433        0.2309479521
       42.8946707174        0.1777246066
       42.9222312135        0.1252145650
       42.9492748723        0.0736170634
       42.9759817651        0.0231185348
       43.0025289257       -0.0261329375
       43.0291157382       -0.0740513027
       43.0559929474       -0.1206345469
       43.0835009850       -0.1659846472
       43.1121186737       -0.2103130219
       43.1424570374       -0.2538238505
       43.1746727880       -0.2958666437
       43.2069280586       -0.3335495425
       43.2375606164       -0.3652497364
       43.2667961215       -0.3918638548
       43.2953850260       -0.4145601561
       43.3239534778       -0.4340788265
       43.3529556895       -0.4507977477
       43.3827285696       -0.4648569476
       43.4135290154       -0.4762334219
       43.4455491737       -0.4847837710
       43.4789221091       -0.4902755190
       43.5137315039       -0.4924171823
       43.5500359826       -0.4908861693
       43.5879074381       -0.4853465800
       43.6274637686       -0.4754546817
       43.6688522948       -0.4608762954
       43.7121043221       -0.4413937388
       43.7568068385       -0.4172125301
       43.8019464203       -0.3892841248
       43.8464933462       -0.3590232318
       43.8900034376       -0.3276648662
       43.9325966096       -0.2959911961
       43.9748791676       -0.2642514712
       44.0182142781       -0.2319305999
       44.0543387194       -0.2053310680
       44.0849233107       -0.1830091333
       44.1126579341       -0.1627785671
       44.1399626886       -0.1426678842
       44.1659201902       -0.1231449992
       44.1910353079       -0.1036572941
       44.2159649410       -0.0835255699
       44.2413087315       -0.0620719931
       44.2676406414       -0.0385754673
       44.2955704293       -0.0122014008
       44.3257971456        0.0180656064
       44.3591110636        0.0534298878
       44.3961364198        0.0949540466
       44.4364573655        0.1423358074
       44.4784026049        0.1932738551
       44.5207037076        0.2454384160
       44.5630108454        0.2974282646
       44.6053457372        0.3482710688
       44.6477037801        0.3969710339
       44.6898800317        0.4423526285
       44.7314324386        0.4831427144
       44.7718227216        0.5182715708
       44.8106568148        0.5471649189
       44.8478019467        0.5697532786
       44.8833351474        0.5862693269
       44.9174447622        0.5970484618
       44.9503633447        0.6024126905
       44.9823377038        0.6026165253
       45.0136207801        0.5978213230
       45.0444740268        0.5880782265
       45.0751752846        0.5733099556
       45.1060301239        0.5532863161
       45.1373826486        0.5275936384
       45.1696054653        0.4956231292
       45.2029797593        0.4567208161
       45.2372397536        0.4109601635
       45.2711122782        0.3603671445
       45.3033547252        0.3078210707
       45.3337338372        0.2549870159
       45.3625871061        0.2024099941
       45.3903245715        0.1502410894
       45.4172768755        0.0985819189
       45.4436948169        0.0475628637
       45.4697788142       -0.0026633399
       45.4957062992       -0.0519436161
       45.5216544881       -0.1001454808
       45.5478219138       -0.1471745511
       45.5744527936       -0.1929885200
       45.6018680483       -0.2376053005
       45.6305005666       -0.2810898376
       45.6608786401       -0.3234327352
       45.6932059848       -0.3639504799
       45.7261799695       -0.4003029066
       45.7580837959       -0.4306564667
       45.7887288402       -0.4553963470
       45.8186684833       -0.4754817278
       45.8484653720       -0.4915837289
       45.8785449179       -0.5040439542
       45.9092196906       -0.5129778823
       45.9407244454       -0.5183542450
       45.9732380168       -0.5200462016
       46.0068971393       -0.5178680195
       46.0418085503       -0.5116047201
       46.0780607671       -0.5010375446
       46.1157283274       -0.4859705694
       46.1548498146       -0.4662758750
       46.1953539349       -0.4419913073
       46.2369384640       -0.4134898091
       46.2790206998       -0.3816182897
       46.3209188882       -0.3475855227
       46.3621342822       -0.3126244074
       46.4024711992       -0.2777252889
       46.4420392672       -0.2435190767
       46.4813309812       -0.2101729210
       46.5215272392       -0.1771696432
       46.5583816716       -0.1481097135
       46.5889487936       -0.1248530039
       46.6165623961       -0.1043642122
       46.6437435059       -0.0844770629
       46.6695924846       -0.0655954695
       46.6946416662       -0.0470995812
       46.7195554736       -0.0282966463
       46.7449263428       -0.0085380616
       46.7713090652        0.0128293125
       46.7992778071        0.0365238547
       46.8294702887        0.0633764404
       46.8625936023        0.0943323085
       46.8992864968        0.1302761849
       46.9396094517        0.1713828628
       46.9825117548        0.2163211449
       47.0266162066        0.2629674899
       47.0712307822        0.3096664266
       47.1162416680        0.3552975510
       47.1616268860        0.3988178603
       47.2070041120        0.4388850618
       47.2514143947        0.4738970327
       47.2937915946        0.5026829494
       47.3336192013        0.5249996266
       47.3709405974        0.5412340510
       47.4060561949        0.5519509847
       47.4393266351        0.5576689721
       47.4711039849        0.5587944419
       47.5017187482        0.5556103385
       47.5314835955        0.5482763298
       47.5607016765        0.5368278880
       47.5896771832        0.5211699116
       47.6187279267        0.5010623398
       47.6481978941        0.4760979139
       47.6784571248        0.4456876077
       47.7098321381        0.4091429764
       47.7422963565        0.3661803149
       47.7749512586        0.3180502065
       47.8065182045        0.2673228897
       47.8364849814        0.2158903676
       47.8650231492        0.1645024095
       47.8924875432        0.1133853469
       47.9191964045        0.0626548911
       47.9453992311        0.0124400083
       47.9712963126       -0.0371063827
       47.9970627451       -0.0858228550
       48.0228687091       -0.1335560581
       48.0488976489       -0.1801737802
       48.0753655748       -0.2255740245
       48.1025446754       -0.2696886711
       48.1307921905       -0.3124740931
       48.1605671676       -0.3538541314
       48.1923071346       -0.3934694052
       48.2257168233       -0.4299401694
       48.2591445190       -0.4609571629
       48.2914541813       -0.4857312132
       48.3227620701       -0.5049240199
       48.3535821100       -0.5193018763
       48.3843790926       -0.5293338986
       48.4155016326       -0.5352336622
       48.4472076399       -0.5370498934
       48.4796920053       -0.5347321611
       48.5131043278       -0.5281763823
       48.5475590157       -0.5172606386
       48.5831385658       -0.5018790110
       48.6198860262       -0.4819820416
       48.6577788408       -0.4576363874
       48.6966811543       -0.4291135585
       48.7362980991       -0.3969870781
       48.7761923007       -0.3621586422
       48.8158954931       -0.3257373797
       48.8550447434       -0.2888264894
       48.8934587622       -0.2523457984
       48.9311710298       -0.2169270078
       48.9684961419       -0.1828296707
       49.0062206087       -0.1498067883
       49.0458927166       -0.1169686248
       49.0779223801       -0.0919203366
       49.1062239548       -0.0707699580
       49.1340898990       -0.0506537864
       49.1603331065       -0.0321232717
       49.1855356364       -0.0144716429
       49.2104243256        0.0030450431
       49.2356139018        0.0210669208
       49.2616474309        0.0401894853
       49.2890582032        0.0610264095
       49.3184138627        0.0842525416
       49.3503332349        0.1106157142
       49.3854337840        0.1408661929
       49.4240936044        0.1754677040
       49.4659898545        0.2140215187
       49.5100653283        0.2550853703
       49.5553667751        0.2969969300
       49.6015481152        0.3385042871
       49.6486137649        0.3786046340
       49.6962923757        0.4160355729
       49.7433363052        0.4489552814
       49.7879877547        0.4757636882
       49.8293721444        0.4961319218
       49.8675777956        0.5106008157
       49.9030584940        0.5198829639
       49.9363089173        0.5245833608
       49.9677803016        0.5251503394
       49.9978748109        0.5218837973
       50.0269556995        0.5149486931
       50.0553594779        0.5043836268
       50.0834087776        0.4901022337
       50.1114263392        0.4718858919
       50.1397495108        0.4493672050
       50.1687391940        0.4220108438
       50.1987540797        0.3891345605
       50.2299844110        0.3501539932
       50.2619968487        0.3054242237
       50.2936065722        0.2569282656
       50.3239145183        0.2068906837
       50.3528101381        0.1564968755
       50.3805625794        0.1061722761
       50.4074849959        0.0560921884
       50.4338376899        0.0064019187
       50.4598288010       -0.0427351264
       50.4856347094       -0.0911422182
       50.5114193706       -0.1386426968
       50.5373507646       -0.1850711314
       50.5636167645       -0.2302806479
       50.5904432227       -0.2741458410
       50.6181166066       -0.3165582771
       50.6470090913       -0.3574026029
       50.6775749312       -0.3964666088
       50.7101420765       -0.4331261445
       50.7441138823       -0.4657247732
       50.7778384482       -0.4923131141
       50.8104684242       -0.5125872831
       50.8422034799       -0.5272524947
       50.8735204942       -0.5369724395
       50.9048359532       -0.5421362950
       50.9364620101       -0.5429214551
       50.9686298428       -0.5393765946
       51.0015128489       -0.5314817198
       51.0352401234       -0.5191925875
       51.0699009918       -0.5024796596
       51.1055402461       -0.4813698813
       51.1421419711       -0.4559987654
       51.1796027198       -0.4266756405
       51.2177069933       -0.3939473798
       51.2561339322       -0.3586175650
       51.2945161449       -0.3216763990
       51.3325279284       -0.2841554149
       51.3699566272       -0.2469773320
       51.4067460120       -0.2108479510
       51.4430441728       -0.1761798225
       51.4793099011       -0.1430084503
       51.5165559190       -0.1108537532
       51.5527208697       -0.0816782869
       51.5828830191       -0.0588595911
       51.6102249411       -0.0392242247
       51.6371298136       -0.0206730192
       51.6628043440       -0.0034516402
       51.6877775559        0.0130817755
       51.7126849373        0.0295812671
       51.7380845675        0.0466249584
       51.7644889468        0.0647635928
       51.7924122273        0.0845685657
       51.8224010458        0.1066601380
       51.8550345741        0.1316999479
       51.8908497714        0.1602975437
       51.9301061841        0.1927340287
       51.9724430258        0.2285371209
       52.0169698775        0.2664573937
       52.0629490956        0.3051066376
       52.1101572172        0.3433849089
       52.1585798485        0.3802741237
       52.2075437853        0.4142476386
       52.2550247621        0.4431885038
       52.2953307475        0.4640799178
       52.3349929510        0.4808371767
       52.3721226367        0.4926589403
       52.4066695840        0.4998977595
       52.4390301923        0.5030338679
       52.4696541604        0.5024406605
       52.4989583145        0.4983543118
       52.5273185264        0.4908813459
       52.5550795939        0.4800069286
       52.5825693047        0.4655960800
       52.6101137961        0.4473857542
       52.6380524246        0.4249681034
       52.6667442366        0.3977743983
       52.6965311189        0.3651121548
       52.7275429383        0.3264592424
       52.7592471305        0.2823254475
       52.7904765109        0.2346993744
       52.8204501273        0.1856061303
       52.8491072742        0.1361016237
       52.8767052742        0.0865934024
       52.9035323904        0.0372803067
       52.9298290663       -0.0116652796
       52.9557902353       -0.0600582833
       52.9815835925       -0.1077050184
       53.0073667482       -0.1544139728
       53.0333019215       -0.2000043750
       53.0595702518       -0.2443111884
       53.0863882119       -0.2871858787
       53.1140281726       -0.3284900711
       53.1428415143       -0.3680717034
       53.1732595305       -0.4056864920
       53.2056328671       -0.4407437976
       53.2395507725       -0.4717827895
       53.2734694108       -0.4969214488
       53.3063640868       -0.5156892012
       53.3383024038       -0.5287194094
       53.3697276509       -0.5366895041
       53.4010576878       -0.5400226011
       53.4326111196       -0.5389324843
       53.4646236790       -0.5335061897
       53.4972706492       -0.5237660037
       53.5306802384       -0.5097155421
       53.5649377803       -0.4913798978
       53.6000812633       -0.4688474149
       53.6360880338       -0.4423181181
       53.6728553869       -0.4121578648
       53.7101863705       -0.3789430293
       53.7478007143       -0.3434633026
       53.7853826354       -0.3066553113
       53.8226495850       -0.2694813824
       53.8594125196       -0.2328031685
       53.8956201998       -0.1972845894
       53.9314104686       -0.1633196848
       53.9672129564       -0.1309565532
       54.0039710708       -0.0997812368
       54.0428880881       -0.0692502247
       54.0727993437       -0.0474785633
       54.1022867135       -0.0272811889
       54.1294796161       -0.0095350877
       54.1550813780        0.0066499756
       54.1799814995        0.0221460121
       54.2048694680        0.0376207440
       54.2302977896        0.0536300812
       54.2567655474        0.0706992764
       54.2847721321        0.0893729378
       54.3148457416        0.1102401760
       54.3475404748        0.1339250636
       54.3833657139        0.1610007239
       54.4225809431        0.1917514487
       54.4649035948        0.2258124233
       54.5095610056        0.2621113108
       54.5558625952        0.2993696952
       54.6035490865        0.3364941387
       54.6524664222        0.3723780877
       54.7015952854        0.4053066514
       54.7486715374        0.4331462133
       54.7881644755        0.4531330733
       54.8270317284        0.4693073905
       54.8634251289        0.4808619385
       54.8973087092        0.4880928854
       54.9290830607        0.4914239533
       54.9591978362        0.4911809386
       54.9880670471        0.4875611191
       55.0160621007        0.4806395052
       55.0435227137        0.4703757797
       55.0707716533        0.4566142760
       55.0981302720        0.4390751608
       55.1259327593        0.4173376701
       55.1545301115        0.3908265065
       55.1842458518        0.3588587379
       55.2151677275        0.3209592951
       55.2467162117        0.2777028055
       55.2777525478        0.2310326290
       55.3075563738        0.1828613895
       55.3360840148        0.1341982674
       55.3635824626        0.0854594326
       55.3903261916        0.0368662408
       55.4165452075       -0.0113889308
       55.4424270303       -0.0591056385
       55.4681334439       -0.1060779188
       55.4938163523       -0.1521034101
       55.5196314462       -0.1969907744
       55.5457515613       -0.2405640590
       55.5723819993       -0.2826633036
       55.5997797478       -0.3231387886
       55.6282756549       -0.3618301208
       55.6582803540       -0.3984999783
       55.6901625981       -0.4326245210
       55.7236667385       -0.4629250038
       55.7573708879       -0.4875792350
       55.7901138885       -0.5059592913
       55.8218484992       -0.5186333505
       55.8529929453       -0.5262999870
       55.8839729742       -0.5294193450
       55.9151196815       -0.5282380208
       55.9466796450       -0.5228702398
       55.9788372348       -0.5133606797
       56.0117288800       -0.4997304430
       56.0454484823       -0.4820157822
       56.0800449508       -0.4603066931
       56.1155120227       -0.4347899445
       56.1517719759       -0.4057967606
       56.1886609469       -0.3738450744
       56.2259318344       -0.3396515141
       56.2632890499       -0.3040860644
       56.3004491734       -0.2680706048
       56.3372031805       -0.2324589628
       56.3734663253       -0.1979361420
       56.4093299649       -0.1649426870
       56.4451541955       -0.1336028662
       56.4817657138       -0.1036235110
       56.5204448970       -0.0744294701
       56.5511017259       -0.0530818743
       56.5786753341       -0.0350910477
       56.6058113525       -0.0182913908
       56.6315793199       -0.0029269515
       56.6565042640        0.0116370528
       56.6812313042        0.0260340745
       56.7063153678        0.0408110478
       56.7322517095        0.0564786409
       56.7595244329        0.0735600617
       56.7886397405        0.0926229204
       56.8201371423        0.1142876422
       56.8545567373        0.1391864906
       56.8923080563        0.1678112491
       56.9334002098        0.2001933503
       56.9772585966        0.2356184440
       57.0230647460        0.2728508005
       57.0702736090        0.3106441085
       57.1185557080        0.3478035578
       57.1670769674        0.3827374789
       57.2139902271        0.4133885995
       57.2539585545        0.4364632860
       57.2932844338        0.4558934668
       57.3301138798        0.4706562857
       57.3643907746        0.4809705468
       57.3965065216        0.4872482118
       57.4269068536        0.4898290563
       57.4560028235        0.4889351732
       57.4841620127        0.4846724093
       57.5117183942        0.4770363404
       57.5389861079        0.4659132057
       57.5662740445        0.4510732888
       57.5938998926        0.4321564429
       57.6221983111        0.4086553802
       57.6514997411        0.3799295971
       57.6819991491        0.3453840504
       57.7133908721        0.3051046529
       57.7446636603        0.2605705365
       57.7748773138        0.2138220545
       57.8037787486        0.1661873540
       57.8315451162        0.1182632356
       57.8584501082        0.0703351343
       57.8847376369        0.0226145475
       57.9106057013       -0.0246892926
       57.9362197144       -0.0713611224
       57.9617284136       -0.1171866710
       57.9872776379       -0.1619606709
       58.0130230570       -0.2054928472
       58.0391439282       -0.2476111802
       58.0658599441       -0.2881609672
       58.0934522498       -0.3269949509
       58.1222825294       -0.3639389822
       58.1527627602       -0.3986795380
       58.1850594010       -0.4304312477
       58.2183113569       -0.4575631033
       58.2510016982       -0.4787287537
       58.2825792277       -0.4940663274
       58.3133268858       -0.5043124741
       58.3437011003       -0.5100646091
       58.3740882283       -0.5116758094
       58.4047811594       -0.5093262654
       58.4360011931       -0.5030945855
       58.4679170150       -0.4930085120
       58.5006547589       -0.4790834920
       58.5343005376       -0.4613571434
       58.5688961804       -0.4399250120
       58.6044278155       -0.4149811546
       58.6408085541       -0.3868631705
       58.6778632748       -0.3560911142
       58.7153326363       -0.3233750615
       58.7529114507       -0.2895649497
       58.7903143823       -0.2555462725
       58.8273431130       -0.2221208008
       58.8639428023       -0.1899078251
       58.9002685251       -0.1592674299
       58.9368133646       -0.1302196813
       58.9746503185       -0.1023470076
       59.0092634583       -0.0789121454
       59.0387585771       -0.0604131737
       59.0678179141       -0.0433088435
       59.0947229711       -0.0282103696
       59.1201102752       -0.0143492395
       59.1448066261       -0.0009698014
       59.1694662926        0.0125279152
       59.1946201492        0.0266632933
       59.2207501667        0.0419441812
       59.2483397753        0.0589135114
       59.2779034129        0.0781784032
       59.3099917354        0.1004144888
       59.3451439504        0.1263107695
       59.3837202030        0.1563754696
       59.4255878828        0.1905493367
       59.4699875356        0.2279309030
       59.5159819773        0.2671137317
       59.5628907030        0.3066796845
       59.6100627332        0.3451551452
       59.6563682594        0.3807598146
       59.7004067344        0.4118272243
       59.7413759441        0.4375836868
       59.7792569715        0.4581029147
       59.8144245849        0.4738055988
       59.8473468783        0.4851422303
       59.8784709633        0.4924821735
       59.9081973540        0.4960890768
       59.9368827206        0.4961207068
       59.9648500644        0.4926325108
       59.9924007189        0.4855784271
       60.0000000000        0.4829752683
