        0.0010000000       -0.0005235713
        0.0203549889       -0.0106499570
        0.0553727572       -0.0288443504
        0.0948334818       -0.0489193664
        0.1356847219       -0.0689261038
        0.1780113985       -0.0885233737
        0.2228482267       -0.1077421263
        0.2719007161       -0.1266902836
        0.3261847357       -0.1449180871
        0.3739284732       -0.1584967639
        0.4207643728       -0.1696062848
        0.4653249306       -0.1782108062
        0.5085679380       -0.1848133020
        0.5515666903       -0.1897569317
        0.5952742359       -0.1932013649
        0.6407266592       -0.1951519070
        0.6893709563       -0.1954254751
        0.7432891054       -0.1935113883
        0.7947951648       -0.1894155451
        0.8452836885       -0.1831153765
        0.8918195567       -0.1751721176
        0.9357000056       -0.1656990501
        0.9783950300       -0.1545638449
        1.0210066513       -0.1415342810
        1.0645249439       -0.1262739937
        1.1101563153       -0.1082503170
        1.1596959308       -0.0865616803
        1.2138588468       -0.0607506231
        1.2590710579       -0.0379728030
        1.3034347357       -0.0149818385
        1.3456217113        0.0070594945
        1.3865729229        0.0282470147
        1.4273706734        0.0488104148
        1.4690007374        0.0689175634
        1.5125455950        0.0887080811
        1.5594913167        0.1083467273
        1.6116805763        0.1278661581
        1.6612973737        0.1440347669
        1.7099553088        0.1576049568
        1.7554759175        0.1682938296
        1.7990318521        0.1767755484
        1.8419248234        0.1835342710
        1.8851854118        0.1888169219
        1.9297999704        0.1927037242
        1.9770213459        0.1951158818
        2.0287475202        0.1957269203
        2.0857150634        0.1938359934
        2.1335849145        0.1900299225
        2.1805505947        0.1841811146
        2.2251396170        0.1765642711
        2.2682431247        0.1671945318
        2.3109071257        0.1559205498
        2.3540819261        0.1424762192
        2.3988256800        0.1264373147
        2.4466464906        0.1070798716
        2.4994541607        0.0833727377
        2.5469867499        0.0603589417
        2.5935904806        0.0367253137
        2.6370262632        0.0141881527
        2.6784556648       -0.0073685286
        2.7192014245       -0.0282715274
        2.7603301787       -0.0487454880
        2.8028674364       -0.0689554983
        2.8480964358       -0.0890821885
        2.8978436214       -0.1093330265
        2.9521422038       -0.1289730303
        2.9987596089       -0.1437131668
        3.0445086322       -0.1562844470
        3.0883761596       -0.1666266831
        3.1312601382       -0.1751795027
        3.1741666849       -0.1822555720
        3.2180455960       -0.1880064060
        3.2640008145       -0.1924414259
        3.3136398748       -0.1953876301
        3.3689332444       -0.1963197812
        3.4190868199       -0.1948754619
        3.4682525575       -0.1911701739
        3.5141639367       -0.1855053268
        3.5579296787       -0.1779978524
        3.6008143487       -0.1685610206
        3.6438313293       -0.1569856438
        3.6879632776       -0.1429309536
        3.7344819410       -0.1258253220
        3.7852975904       -0.1046894075
        3.8401188685       -0.0794699771
        3.8848304232       -0.0574905721
        3.9287200747       -0.0351200736
        3.9706605484       -0.0134050028
        4.0115375423        0.0077111337
        4.0523856230        0.0284289575
        4.0941927442        0.0489238991
        4.1380981999        0.0693810320
        4.1857052740        0.0900513174
        4.2385895928        0.1109237471
        4.2867625740        0.1279018543
        4.3340091962        0.1426434602
        4.3786418707        0.1548620283
        4.4217216759        0.1651326539
        4.4644260069        0.1738889515
        4.5077491764        0.1813635773
        4.5527165991        0.1876409025
        4.6007059846        0.1926584723
        4.6537537807        0.1961008711
        4.7108869774        0.1971528031
        4.7580043742        0.1957585578
        4.8042561388        0.1922230219
        4.8485653591        0.1866757564
        4.8917467199        0.1791243062
        4.9347561285        0.1694288214
        4.9785204423        0.1573187225
        5.0241483617        0.1423359614
        5.0732923867        0.1236726029
        5.1275839485        0.1003681728
        5.1742357847        0.0785108144
        5.2199900721        0.0558822405
        5.2629945638        0.0339606724
        5.3042894931        0.0126996476
        5.3450815052       -0.0081575863
        5.3864037051       -0.0288180383
        5.4293161396       -0.0494737961
        5.4752100975       -0.0703777227
        5.5259679583       -0.0918028669
        5.5799593474       -0.1124431829
        5.6255257585       -0.1280752950
        5.6702646304       -0.1418380085
        5.7135048071       -0.1536826490
        5.7561007973       -0.1639929079
        5.7990120927       -0.1730516875
        5.8432109327       -0.1810049141
        5.8899136330       -0.1878724308
        5.9409420563       -0.1934954099
        5.9975147571       -0.1972570875
        6.0462137395       -0.1982082093
        6.0939785076       -0.1968768264
        6.1392092383       -0.1933704164
        6.1828462791       -0.1877763214
        6.2259699220       -0.1800170243
        6.2695234897       -0.1698806008
        6.3145157474       -0.1569965424
        6.3623536461       -0.1407151840
        6.4150662527       -0.1199595220
        6.4642527593       -0.0983180603
        6.5124691591       -0.0754438616
        6.5568927848       -0.0533691983
        6.5988285587       -0.0320571540
        6.6397647459       -0.0111698553
        6.6808422712        0.0095430002
        6.7230990450        0.0302851362
        6.7677828631        0.0513037371
        6.8166679194        0.0729455831
        6.8703544528        0.0948498137
        6.9169358210        0.1121731566
        6.9626423982        0.1276324900
        7.0063395166        0.1410084209
        7.0489734306        0.1527698306
        7.0915995981        0.1632851713
        7.1351952812        0.1727652829
        7.1808754808        0.1812977477
        7.2302402955        0.1888358117
        7.2852521552        0.1950122320
        7.3357483024        0.1983995736
        7.3852504344        0.1993580914
        7.4315219338        0.1979253764
        7.4756874575        0.1942877415
        7.5190114265        0.1884399002
        7.5624960392        0.1802230209
        7.6071027569        0.1693312685
        7.6540688707        0.1552293861
        7.7052951792        0.1369619526
        7.7610689027        0.1140593838
        7.8065404689        0.0934900614
        7.8511699328        0.0720759948
        7.8936243972        0.0509755359
        7.9348089308        0.0301924422
        7.9757970955        0.0095376701
        8.0175966696       -0.0111826410
        8.0613484538       -0.0322030648
        8.1086430027       -0.0538753482
        8.1611104901       -0.0763833211
        8.2090075843       -0.0953808115
        8.2559842166       -0.1125271357
        8.3003236627       -0.1273657859
        8.3431146076       -0.1404716242
        8.3855638032       -0.1523169073
        8.4286925914       -0.1631811179
        8.4735598610       -0.1732112618
        8.5215926233       -0.1824436587
        8.5748325166       -0.1907044775
        8.6316913943       -0.1969644198
        8.6788189886       -0.1998900239
        8.7250854127       -0.2005344177
        8.7695777574       -0.1988812006
        8.8131023692       -0.1949572936
        8.8565884113       -0.1886546180
        8.9009497352       -0.1797218409
        8.9473012815       -0.1677102089
        8.9973368182       -0.1518077394
        9.0527160932       -0.1309854333
        9.0998359787       -0.1110038095
        9.1460501186       -0.0898221542
        9.1894549420       -0.0689126597
        9.2310813409       -0.0483143570
        9.2721416378       -0.0278166748
        9.3136823908       -0.0072162910
        9.3567876127        0.0137137425
        9.4028920167        0.0353106179
        9.4538805107        0.0579748567
        9.5074983141        0.0802219874
        9.5525090131        0.0975688266
        9.5967101391        0.1134126115
        9.6395434752        0.1276543510
        9.6818695769        0.1406689727
        9.7246580198        0.1527602828
        9.7689232468        0.1641193192
        9.8159748386        0.1748441356
        9.8677486220        0.1848914183
        9.9244653456        0.1935156738
        9.9724984805        0.1985953233
       10.0196288042        0.2013351443
       10.0646465179        0.2016564170
       10.1084285039        0.1996403244
       10.1519707862        0.1952281100
       10.1961880730        0.1882133078
       10.2421185901        0.1782117312
       10.2912789034        0.1645295278
       10.3457437329        0.1460363900
       10.3946736178        0.1268038661
       10.4426376156        0.1059888645
       10.4870970052        0.0853891505
       10.5292534346        0.0650862013
       10.5704987373        0.0448468000
       10.6119457338        0.0244572081
       10.6546563385        0.0036955737
       10.6999582517       -0.0177597169
       10.7497163418       -0.0403778655
       10.8034972712       -0.0634796715
       10.8491137878       -0.0818814206
       10.8938907787       -0.0988530241
       10.9369700973       -0.1141655726
       10.9792623503       -0.1282400317
       11.0217906338       -0.1414354914
       11.0655633845       -0.1539895527
       11.1118090654       -0.1660528383
       11.1623291239       -0.1776793408
       11.2183677676       -0.1884110619
       11.2673111099       -0.1956279895
       11.3153138273       -0.2004625131
       11.3608528010       -0.2027455379
       11.4048922779       -0.2026168073
       11.4485125601       -0.2000697940
       11.4926466817       -0.1949386169
       11.5382849033       -0.1868894347
       11.5868087461       -0.1753196881
       11.6403217250       -0.1591591786
       11.6911154726       -0.1408592259
       11.7366064555       -0.1223996189
       11.7812942311       -0.1027561631
       11.8239694403       -0.0829794508
       11.8654885235       -0.0631376406
       11.9068911342       -0.0430885291
       11.9491964506       -0.0226380138
       11.9936111733       -0.0014987247
       12.0418498850        0.0207961092
       12.0950748010        0.0443387532
       12.1417982004        0.0639624493
       12.1876362510        0.0822177836
       12.2312371038        0.0986598115
       12.2736145131        0.1137835903
       12.3159016297        0.1280307498
       12.3591241538        0.1416971289
       12.4044277856        0.1549860685
       12.4534275561        0.1680356448
       12.5080138125        0.1807039793
       12.5583742757        0.1903387015
       12.6077492841        0.1975462516
       12.6540759388        0.2020063612
       12.6984764583        0.2039537025
       12.7421899500        0.2034621814
       12.7862023051        0.2004200396
       12.8314664254        0.1945506033
       12.8792195245        0.1853493703
       12.9314059310        0.1718906245
       12.9886109500        0.1533986797
       13.0351010182        0.1358779432
       13.0807264453        0.1169178532
       13.1240044229        0.0976999455
       13.1658485752        0.0783337426
       13.2073593752        0.0586882907
       13.2495647727        0.0385794631
       13.2936241336        0.0177351856
       13.3411561636       -0.0043011622
       13.3937802315       -0.0278900743
       13.4412292638       -0.0482836101
       13.4877686112       -0.0674158440
       13.5317142429       -0.0846754000
       13.5741606546       -0.1006019007
       13.6163287543       -0.1156934854
       13.6592733376       -0.1302872974
       13.7041166310       -0.1446254281
       13.7523943116       -0.1589018055
       13.8060903966       -0.1731202922
       13.8571282200       -0.1846931815
       13.9071687706       -0.1938491699
       13.9538714882       -0.2001222355
       13.9984484249       -0.2038041454
       14.0422295646       -0.2050234951
       14.0862353562       -0.2037015435
       14.1314109957       -0.1995897231
       14.1789423200       -0.1922263316
       14.2306861983       -0.1807612258
       14.2879507698       -0.1641762584
       14.3353103660       -0.1477312202
       14.3817727004       -0.1295987547
       14.4256080630       -0.1110596236
       14.4677818739       -0.0922685264
       14.5094517617       -0.0731115425
       14.5516599841       -0.0534164756
       14.5955382841       -0.0329242441
       14.6426369555       -0.0111887631
       14.6947665323        0.0122876900
       14.7428138320        0.0332248371
       14.7899351982        0.0530302101
       14.8341672685        0.0709425730
       14.8766755521        0.0875323489
       14.9187594653        0.1033434243
       14.9615042291        0.1187475005
       15.0060238636        0.1340202141
       15.0538077554        0.1494033293
       15.1068552248        0.1650065960
       15.1582787416        0.1783154313
       15.2087034506        0.1892512890
       15.2556107138        0.1972047500
       15.3002732858        0.2025089266
       15.3440836590        0.2053378646
       15.3880873991        0.2056396171
       15.4332281724        0.2031861381
       15.4806646568        0.1975445593
       15.5322010382        0.1879177696
       15.5894902569        0.1731945789
       15.6375271628        0.1579266818
       15.6846427348        0.1407540474
       15.7289342318        0.1230060948
       15.7714066211        0.1048817422
       15.8132598951        0.0862900127
       15.8555489269        0.0670728621
       15.8993915522        0.0469817102
       15.9462986301        0.0255761605
       15.9981550204        0.0022865049
       16.0465999975       -0.0189482001
       16.0941100027       -0.0392000875
       16.1385274538       -0.0575932053
       16.1810673128       -0.0747101577
       16.2230853823       -0.0911245952
       16.2656913240       -0.1072342125
       16.3100002048       -0.1233435017
       16.3574818253       -0.1397376057
       16.4101303498       -0.1566074253
       16.4659182811       -0.1725738956
       16.5127504671       -0.1840872035
       16.5587302139       -0.1933776638
       16.6031834587       -0.2001801852
       16.6469399359       -0.2045457496
       16.6909189087       -0.2064141947
       16.7360349859       -0.2055694572
       16.7834263707       -0.2016005514
       16.8348645339       -0.1937521788
       16.8921904085       -0.1808792826
       16.9407698781       -0.1668839203
       16.9884095923       -0.1507888762
       17.0330844178       -0.1339363030
       17.0758288023       -0.1165686451
       17.1178732299       -0.0986225177
       17.1602818605       -0.0799564893
       17.2041641002       -0.0603323897
       17.2510059588       -0.0393139354
       17.3027291928       -0.0162848739
       17.3514620570        0.0050692894
       17.3992540041        0.0256008865
       17.4438023369        0.0443427281
       17.4863577502        0.0618773576
       17.5283181986        0.0787975131
       17.5708128017        0.0955212004
       17.6149604704        0.1123787265
       17.6622224966        0.1296962706
       17.7145854975        0.1477361788
       17.7701793850        0.1651477599
       17.8169416599        0.1780162173
       17.8628512412        0.1887198967
       17.9072386685        0.1969524795
       17.9509432395        0.2027728967
       17.9948899060        0.2061335415
       18.0399947284        0.2068301892
       18.0873924511        0.2044683785
       18.1388460359        0.1983237819
       18.1962765028        0.1872475871
       18.2452191555        0.1745926594
       18.2932108128        0.1596747537
       18.3381695242        0.1438097187
       18.3811432530        0.1272797466
       18.4233756078        0.1100524058
       18.4659340512        0.0920045174
       18.5099237052        0.0729074254
       18.5568202582        0.0523257939
       18.6085644869        0.0296113983
       18.6574497426        0.0083172485
       18.7053906305       -0.0123223109
       18.7500005789       -0.0312798740
       18.7925485265       -0.0491251027
       18.8344559009       -0.0664575432
       18.8768641160       -0.0837091967
       18.9208975054       -0.1012332499
       18.9680187733       -0.1193954324
       19.0202072279       -0.1385214075
       19.0755699680       -0.1572375337
       19.1221758121       -0.1713357197
       19.1679321972       -0.1833392974
       19.2121964283       -0.1929080510
       19.2558128926       -0.2001051887
       19.2997082937       -0.2048924910
       19.3448014722       -0.2070753619
       19.3922318290       -0.2062729643
       19.4437703200       -0.2017861352
       19.5013528533       -0.1924758835
       19.5505090403       -0.1812137470
       19.5987087713       -0.1675541754
       19.6438664036       -0.1527575530
       19.6870297952       -0.1371409263
       19.7294410573       -0.1207042074
       19.7721654163       -0.1033433129
       19.8163057179       -0.0848385506
       19.8633368410       -0.0647535847
       19.9152117545       -0.0424157075
       19.9641548449       -0.0213296253
       20.0121515137       -0.0007265225
       20.0567756091        0.0183309031
       20.0993010514        0.0363902130
       20.1411585071        0.0540483036
       20.1834957565        0.0717461626
       20.2274424899        0.0898574376
       20.2744678292        0.1087862459
       20.3265436158        0.1289165317
       20.3816538028        0.1488174547
       20.4280469919        0.1640385598
       20.4735960245        0.1772454358
       20.5176957778        0.1880702339
       20.5611929819        0.1965785865
       20.6050139734        0.2027402110
       20.6500811858        0.2063697267
       20.6975430866        0.2070997744
       20.7491868474        0.2042556049
       20.8069220870        0.1967154531
       20.8561920990        0.1868925211
       20.9045039099        0.1745598704
       20.9498012043        0.1609050555
       20.9931234190        0.1462753125
       21.0357020487        0.1307027300
       21.0785962612        0.1141026124
       21.1229070154        0.0962643323
       21.1701127547        0.0767505214
       21.2221760011        0.0548684812
       21.2711359982        0.0341068075
       21.3191480881        0.0136553828
       21.3637680279       -0.0054031877
       21.4062674963       -0.0235889476
       21.4480787229       -0.0414901776
       21.4903521187       -0.0595533207
       21.5342213989       -0.0781703301
       21.5811623899       -0.0977821508
       21.6331388420       -0.1188284707
       21.6879895115       -0.1398125052
       21.7341441886       -0.1560695840
       21.7794606820       -0.1704019150
       21.8233706707       -0.1824175541
       21.8667222539       -0.1921845189
       21.9104411366       -0.1996808823
       21.9554536492       -0.2047318277
       22.0029180080       -0.2069857700
       22.0546372588       -0.2057960888
       22.1124743142       -0.2000638885
       22.1618125539       -0.1917299728
       22.2101923313       -0.1807882445
       22.2555981922       -0.1683463456
       22.2990588202       -0.1547784286
       22.3417920322       -0.1401479167
       22.3848491042       -0.1243897170
       22.4293280404       -0.1073033348
       22.4767101166       -0.0884526867
       22.5289672563       -0.0671284116
       22.5779597212       -0.0467814214
       22.6260024610       -0.0265717527
       22.6706308492       -0.0075968541
       22.7131136454        0.0106335234
       22.7548839819        0.0286963113
       22.7970935751        0.0470411227
       22.8408777092        0.0660759421
       22.8877147166        0.0862758879
       22.9395607795        0.1081362924
       22.9941634767        0.1301174246
       23.0400812745        0.1473414604
       23.0851662814        0.1627390605
       23.1288755793        0.1758938864
       23.1720591376        0.1868778228
       23.2156433066        0.1956794694
       23.2605579638        0.2021374686
       23.3079680250        0.2059202736
       23.3596839086        0.2064166691
       23.4175265709        0.2025569941
       23.4669378270        0.1957729614
       23.5153897090        0.1862894061
       23.5608993769        0.1751343182
       23.6044878961        0.1627077209
       23.6473618635        0.1491038002
       23.6905646103        0.1342777002
       23.7351886591        0.1180413395
       23.7827123702        0.0999648236
       23.8351192036        0.0793254348
       23.8842153470        0.0594652627
       23.9323585493        0.0395687693
       23.9770385947        0.0207529473
       24.0195272062        0.0025574549
       24.0612646341       -0.0155831440
       24.1034049779       -0.0341202136
       24.1470816586       -0.0534750004
       24.1937671961       -0.0741524420
       24.2454127701       -0.0967054708
       24.2997999041       -0.1196098815
       24.3455073029       -0.1377465981
       24.3903856217       -0.1541644585
       24.4338963693       -0.1684177813
       24.4768931123       -0.1805849367
       24.5203054076       -0.1906687323
       24.5650656459       -0.1985253792
       24.6123389388       -0.2038489660
       24.6639275361       -0.2060733147
       24.7216424747       -0.2041679995
       24.7711761898       -0.1990111735
       24.8197470989       -0.1910625169
       24.8653792196       -0.1812748237
       24.9090939036       -0.1700757285
       24.9520938316       -0.1575906602
       24.9954159103       -0.1437964197
       25.0401433523       -0.1285208885
       25.0877412591       -0.1113477637
       25.1402071314       -0.0915459671
       25.1895320638       -0.0722351457
       25.2378984398       -0.0527117496
       25.2827033288       -0.0341256821
       25.3252338547       -0.0160454896
       25.3669504296        0.0020845058
       25.4090131498        0.0207165187
       25.4525496028        0.0402815610
       25.4990148759        0.0613079568
       25.5503576989        0.0844083713
       25.6045773678        0.1081670149
       25.6501243349        0.1271729249
       25.6948432656        0.1445777261
       25.7381704907        0.1598961669
       25.7809661106        0.1732164660
       25.8241667538        0.1845605218
       25.8687059142        0.1938069967
       25.9157398542        0.2006817201
       25.9670421407        0.2046739243
       26.0244634639        0.2048093013
       26.0742078432        0.2013757063
       26.1229820590        0.1950516050
       26.1687756428        0.1867202413
       26.2126225104        0.1768417244
       26.2557332185        0.1655747970
       26.2991414160        0.1529202568
       26.3439164993        0.1387264988
       26.3914966177        0.1226000563
       26.4438907751        0.1038107426
       26.4936197854        0.0851110404
       26.5423818682        0.0660166150
       26.5874133124        0.0477307035
       26.6300356302        0.0298496632
       26.6717494584        0.0118246246
       26.7137274216       -0.0067968560
       26.7570876919       -0.0264513775
       26.8032546813       -0.0476822523
       26.8541718479       -0.0711603812
       26.9082708877       -0.0956949818
       26.9537300702       -0.1155323093
       26.9983587466       -0.1338974455
       27.0415310855       -0.1502497796
       27.0841181167       -0.1646910823
       27.1270690186       -0.1772680399
       27.1713173587       -0.1878868707
       27.2180007749       -0.1963107751
       27.2688419160       -0.2020934721
       27.3257738327       -0.2043412870
       27.3758478040       -0.2027426899
       27.4249397807       -0.1981447123
       27.4709500028       -0.1913648755
       27.5149413961       -0.1829038112
       27.5581485315       -0.1729574905
       27.6016069643       -0.1615538112
       27.6463683243       -0.1485665520
       27.6938293029       -0.1336347267
       27.7459962456       -0.1160443593
       27.7963436353       -0.0980262722
       27.8417172120       -0.0809612638
       27.8862887310       -0.0634439881
       27.9290025871       -0.0459540819
       27.9707396395       -0.0282077480
       28.0125489186       -0.0098134775
       28.0554923471        0.0096468782
       28.1008920296        0.0306990900
       28.1506287435        0.0540581147
       28.2046106375        0.0793039662
       28.2504685200        0.1002113398
       28.2954714888        0.1198147138
       28.3387224662        0.1374171923
       28.3811405369        0.1531592613
       28.4237278466        0.1671449352
       28.4674194775        0.1793315000
       28.5132893036        0.1895412068
       28.5628993259        0.1974270095
       28.6183817007        0.2022754318
       28.6697285730        0.2030904007
       28.7200547464        0.2006476822
       28.7667902210        0.1957408061
       28.8111406889        0.1889780420
       28.8544790332        0.1806233961
       28.8978847081        0.1707510937
       28.9423797362        0.1592834481
       28.9892529904        0.1459318924
       29.0404192057        0.1300596110
       29.0960372086        0.1114214072
       29.1419870845        0.0949880744
       29.1870911445        0.0779525273
       29.2301037146        0.0608646561
       29.2719354255        0.0434585608
       29.3136649632        0.0253471319
       29.3563420423        0.0061183834
       29.4012246241       -0.0147418713
       29.4501123130       -0.0379609040
       29.5037374885       -0.0635931710
       29.5499213472       -0.0853558989
       29.5952318380       -0.1059816889
       29.6385376741       -0.1246251932
       29.6808045345       -0.1414575662
       29.7230870002       -0.1566327475
       29.7663311126       -0.1701517099
       29.8115749539       -0.1818845678
       29.8602762558       -0.1915586659
       29.9145523985       -0.1986052987
       29.9668425906       -0.2016886685
       30.0180980279       -0.2013317253
       30.0653704009       -0.1982512120
       30.1099828190       -0.1931503834
       30.1534252377       -0.1863581582
       30.1968172780       -0.1779892319
       30.2411666771       -0.1680029581
       30.2876954966       -0.1561618845
       30.3382223318       -0.1418997269
       30.3937667501       -0.1246790686
       30.4404887306       -0.1089936813
       30.4863339553       -0.0925383145
       30.5297773796       -0.0759580809
       30.5717764860       -0.0590094511
       30.6134608185       -0.0413104382
       30.6558761705       -0.0224587926
       30.7002133703       -0.0019609993
       30.7481565888        0.0208948388
       30.8011233076        0.0465814802
       30.8478883250        0.0691975336
       30.8937551526        0.0908645580
       30.9372579294        0.1105287221
       30.9794364412        0.1284009506
       31.0214277562        0.1446992819
       31.0642025055        0.1594754773
       31.1087662911        0.1726492916
       31.1564681777        0.1840189698
       31.2093323081        0.1931592467
       31.2667694848        0.1989344822
       31.3143765765        0.2005420687
       31.3611047113        0.1994909142
       31.4058102226        0.1962455725
       31.4493359494        0.1911862459
       31.4926752692        0.1844864035
       31.5367870752        0.1761558114
       31.5828039291        0.1660217195
       31.6323875342        0.1536184581
       31.6872932615        0.1382255023
       31.7352924878        0.1233926119
       31.7823670503        0.1075966446
       31.8265296616        0.0916316340
       31.8688409088        0.0752786652
       31.9105383168        0.0581556473
       31.9526866385        0.0398715826
       31.9964073903        0.0199642547
       32.0432264148       -0.0022297134
       32.0949978799       -0.0274781654
       32.1428666310       -0.0510518375
       32.1898047714       -0.0739050413
       32.2337969616       -0.0946487157
       32.2760193894       -0.1135554075
       32.3177594150       -0.1309395020
       32.3600426058       -0.1469193310
       32.4038497246       -0.1614694300
       32.4504138994       -0.1744564703
       32.5015882313       -0.1855905191
       32.5583094426       -0.1939972931
       32.6068489150       -0.1979586608
       32.6544651849       -0.1990896612
       32.6996706906       -0.1978176966
       32.7433897982       -0.1946040602
       32.7866942101       -0.1896853762
       32.8305477993       -0.1831240144
       32.8760077434       -0.1748131705
       32.9245589606       -0.1643954340
       32.9782426587       -0.1511515812
       33.0280297496       -0.1373044401
       33.0768397727       -0.1222628922
       33.1220160038       -0.1070168437
       33.1647973327       -0.0913776125
       33.2066061809       -0.0749568578
       33.2485643267       -0.0573722852
       33.2917452979       -0.0381937313
       33.3375198901       -0.0168194626
       33.3878077261        0.0076070538
       33.4413571428        0.0342173116
       33.4859111703        0.0563672266
       33.5296500850        0.0776867445
       33.5718470722        0.0974685524
       33.6133768151        0.1158323517
       33.6552080959        0.1329034411
       33.6982862969        0.1486993959
       33.7437405427        0.1631458138
       33.7932242234        0.1760611060
       33.8484972219        0.1868755354
       33.8982580632        0.1933492741
       33.9470487244        0.1968012393
       33.9929061907        0.1975899915
       34.0368854320        0.1962852932
       34.0801871428        0.1932027889
       34.1238089275        0.1884613619
       34.1687550472        0.1820160682
       34.2163521681        0.1736076938
       34.2685884953        0.1626247712
       34.3249373243        0.1487826225
       34.3709419578        0.1359385037
       34.4161070176        0.1219417420
       34.4592549029        0.1072486422
       34.5012403528        0.0916903146
       34.5430884895        0.0749532760
       34.5858097379        0.0566534927
       34.6306275301        0.0362595433
       34.6793149195        0.0129557592
       34.7326719082       -0.0135250131
       34.7782105927       -0.0364535125
       34.8228885834       -0.0587913517
       34.8654915156       -0.0795384982
       34.9069819021       -0.0988562984
       34.9484284826       -0.1169478262
       34.9907902980       -0.1338918768
       35.0351117207       -0.1496717958
       35.0828339706       -0.1641933447
       35.1359511970       -0.1771550122
       35.1874850507       -0.1864431133
       35.2380139641       -0.1924672055
       35.2848280303       -0.1954575894
       35.3291985225       -0.1961493857
       35.3725513931       -0.1949714558
       35.4159656573       -0.1921108056
       35.4604188188       -0.1875846898
       35.5071006380       -0.1812241224
       35.5577994083       -0.1725597439
       35.6138169817       -0.1609225355
       35.6613358456       -0.1493429829
       35.7079518367       -0.1364135057
       35.7519661834       -0.1227270181
       35.7943384560       -0.1081573083
       35.8362024624       -0.0924099276
       35.8785725210       -0.0751338743
       35.9225590945       -0.0558644692
       35.9697124429       -0.0338856696
       36.0218204303       -0.0083644564
       36.0689305988        0.0153902286
       36.1151256072        0.0388400385
       36.1584844542        0.0605542851
       36.2001355688        0.0807539062
       36.2413304490        0.0997502643
       36.2830885324        0.1176953032
       36.3264054537        0.1346278691
       36.3725468434        0.1505198624
       36.4233734627        0.1652421893
       36.4792477974        0.1779214888
       36.5269791457        0.1858506908
       36.5738135629        0.1911233464
       36.6185122640        0.1939693203
       36.6619653849        0.1948322794
       36.7051924682        0.1939708238
       36.7491341841        0.1914718179
       36.7948528797        0.1872563718
       36.8438713050        0.1810072906
       36.8982307176        0.1720465060
       36.9481023942        0.1619400970
       36.9969920935        0.1502258284
       37.0423511615        0.1376899163
       37.0853668485        0.1242636689
       37.1274056849        0.1096666939
       37.1695507744        0.0935758466
       37.2128407379        0.0755880496
       37.2586039654        0.0551030530
       37.3087463492        0.0312014976
       37.3623830567        0.0044278328
       37.4067206827       -0.0181864311
       37.4502451829       -0.0403733872
       37.4921035739       -0.0613065526
       37.5331735639       -0.0811012481
       37.5744430879       -0.0999229222
       37.6168670342       -0.1178536881
       37.6615678747       -0.1349165575
       37.7101585846       -0.1510874687
       37.7643368072       -0.1660064254
       37.8136669161       -0.1766813853
       37.8620396138       -0.1845067476
       37.9075650063       -0.1895885196
       37.9513027452       -0.1925130348
       37.9944449976       -0.1936477172
       38.0379786657       -0.1931546571
       38.0828943821       -0.1910331953
       38.1304974499       -0.1870891370
       38.1827633529       -0.1808072124
       38.2395230754       -0.1716643751
       38.2861242734       -0.1622917147
       38.3318663674       -0.1513767419
       38.3754807500       -0.1393169848
       38.4178183048       -0.1260187683
       38.4598964715       -0.1112328760
       38.5026924484       -0.0946199844
       38.5473580577       -0.0756845590
       38.5955671470       -0.0536241148
       38.6486981968       -0.0277567518
       38.6946477430       -0.0045115190
       38.7397176115        0.0186184366
       38.7823570339        0.0403812766
       38.8235821199        0.0609318216
       38.8645365491        0.0805282470
       38.9062089121        0.0993170582
       38.9496279204        0.1173691205
       38.9961607821        0.1347241167
       39.0477290745        0.1513203493
       39.1030866079        0.1659120508
       39.1496642301        0.1756020983
       39.1953891503        0.1828878570
       39.2394014743        0.1879214412
       39.2825332927        0.1910854349
       39.3257340785        0.1926115948
       39.3699384399        0.1925736213
       39.4162778786        0.1908813111
       39.4664405590        0.1871971814
       39.5221824773        0.1808425474
       39.5709312319        0.1732722864
       39.6187336136        0.1639305603
       39.6635859409        0.1533461260
       39.7065141378        0.1414950894
       39.7487140493        0.1281650196
       39.7911959265        0.1130645326
       39.8349979510        0.0957863634
       39.8815167894        0.0756832165
       39.9326956705        0.0517789063
       39.9811855457        0.0278157113
       40.0287292778        0.0035642303
       40.0727029652       -0.0190714261
       40.1144012898       -0.0403104054
       40.1552724912       -0.0605558984
       40.1964206106       -0.0800405590
       40.2388435336       -0.0988846933
       40.2837323652       -0.1171701040
       40.3328059039       -0.1349613786
       40.3872191519       -0.1518058760
       40.4352226476       -0.1640903045
       40.4823096375       -0.1738293474
       40.5270246621       -0.1810425072
       40.5703343113       -0.1862391268
       40.6133253722       -0.1897567462
       40.6569517353       -0.1917483039
       40.7022361150       -0.1922113818
       40.7505927215       -0.1909520270
       40.8040882223       -0.1874505210
       40.8556771029       -0.1819123010
       40.9021542423       -0.1750084383
       40.9478059877       -0.1663543968
       40.9914888776       -0.1562435409
       41.0340144484       -0.1446154404
       41.0763573772       -0.1312580375
       41.1194741458       -0.1158510858
       41.1645172129       -0.0978989754
       41.2131857406       -0.0765723972
       41.2667585807       -0.0511776599
       41.3125305960       -0.0283248732
       41.3574301129       -0.0053264781
       41.3999190889        0.0165503178
       41.4409926454        0.0374245994
       41.4817846540        0.0575474952
       41.5232877583        0.0770843645
       41.5665472048        0.0961496282
       41.6129609207        0.1148598321
       41.6644309341        0.1332546736
       41.7191552237        0.1499428834
       41.7651938704        0.1616715746
       41.8103963452        0.1711831894
       41.8540384819        0.1785624734
       41.8969469021        0.1841784996
       41.9400583994        0.1882688476
       41.9843153430        0.1909211424
       42.0308857247        0.1920689762
       42.0815277194        0.1914142788
       42.1377585422        0.1883021309
       42.1863009951        0.1834860234
       42.2339074609        0.1767141242
       42.2787700858        0.1683567974
       42.3218626724        0.1584318812
       42.3643199356        0.1467784624
       42.4071200498        0.1331346789
       42.4512908247        0.1171042599
       42.4982394980        0.0980318147
       42.5499276573        0.0749047013
       42.5983761116        0.0516076319
       42.6458755695        0.0277256706
       42.6898005810        0.0051801048
       42.7314287799       -0.0161895350
       42.7722005463       -0.0367635135
       42.8132229221       -0.0567818824
       42.8555050793       -0.0763960424
       42.9002594428       -0.0957471616
       42.9492263655       -0.1149977368
       43.0033220801       -0.1337192150
       43.0507178986       -0.1478516126
       43.0972150333       -0.1596703791
       43.1415037550       -0.1691040837
       43.1845340647       -0.1766413928
       43.2273697269       -0.1826258115
       43.2709638044       -0.1872250617
       43.3163626840       -0.1904603566
       43.3650363766       -0.1921774816
       43.4190584143       -0.1919090488
       43.4703011646       -0.1894238606
       43.5205309658       -0.1847215456
       43.5669509964       -0.1782298086
       43.6108217910       -0.1700787980
       43.6535696567       -0.1601686820
       43.6962733541       -0.1482880820
       43.7399114357       -0.1341136621
       43.7856850273       -0.1171231891
       43.8353925460       -0.0964224871
       43.8897638868       -0.0715141226
       43.9350421543       -0.0494031050
       43.9794709022       -0.0269413919
       44.0216910509       -0.0052994336
       44.0626397893        0.0155960093
       44.1034014843        0.0359653912
       44.1449641372        0.0559798988
       44.1884123788        0.0757945787
       44.2352347073        0.0956063314
       44.2872609889        0.1154992773
       44.3365699736        0.1321608205
       44.3849263310        0.1463994339
       44.4301914694        0.1578791199
       44.4735323877        0.1672575208
       44.5162438451        0.1750212131
       44.5593562477        0.1814268079
       44.6038621102        0.1865709181
       44.6510279000        0.1904029663
       44.7027650669        0.1926445515
       44.7596428540        0.1926028697
       44.8074137876        0.1903758307
       44.8542843754        0.1860781675
       44.8988511355        0.1799083435
       44.9419941710        0.1718907976
       44.9847415836        0.1618923913
       45.0280318738        0.1496606330
       45.0729160891        0.1347825660
       45.1209002251        0.1165458956
       45.1739133304        0.0939119767
       45.2215941144        0.0717322119
       45.2683418225        0.0487742495
       45.3118719528        0.0267555243
       45.3533478353        0.0055950059
       45.3940993881       -0.0150154718
       45.4351975633       -0.0352970906
       45.4776702077       -0.0554236125
       45.5228023816       -0.0755985762
       45.5724202246       -0.0960741646
       45.6265115168       -0.1161537720
       45.6728739819       -0.1314304810
       45.7183740142       -0.1446940525
       45.7620199698       -0.1558514213
       45.8047106803       -0.1653360087
       45.8474531611       -0.1734670651
       45.8912027100       -0.1804104240
       45.9370754502       -0.1862001860
       45.9866984622       -0.1907062965
       46.0419865376       -0.1934532105
       46.0919367760       -0.1936997215
       46.1409054076       -0.1916831925
       46.1867317201       -0.1875934799
       46.2305021565       -0.1815574846
       46.2734518386       -0.1735121544
       46.3165775531       -0.1632643841
       46.3608537501       -0.1504846392
       46.4075499098       -0.1346122540
       46.4585860182       -0.1146759319
       46.5136830650       -0.0905553566
       46.5585120813       -0.0693769792
       46.6025174588       -0.0476631619
       46.6445410356       -0.0264651950
       46.6854646144       -0.0057505563
       46.7263246137        0.0146699928
       46.7681112649        0.0349736130
       46.8119666626        0.0553603873
       46.8594982668        0.0761151581
       46.9122609977        0.0972766816
       46.9601574567        0.1146548328
       47.0071337299        0.1299773647
       47.0515303020        0.1429159890
       47.0944052762        0.1540319845
       47.1369334123        0.1637624504
       47.1801126558        0.1723524283
       47.2249793358        0.1799080983
       47.2729318431        0.1864047220
       47.3260086149        0.1915846011
       47.3829151527        0.1945737287
       47.4299014748        0.1948265563
       47.4760273158        0.1929267392
       47.5202944859        0.1889382409
       47.5635099387        0.1828717296
       47.6066141182        0.1745990812
       47.6505257658        0.1638588263
       47.6963539627        0.1502006503
       47.7457642045        0.1328239022
       47.8003863339        0.1107581836
       47.8471510954        0.0898923670
       47.8930164838        0.0681025706
       47.9361182985        0.0468453357
       47.9774892565        0.0261097742
       48.0183334286        0.0056626734
       48.0596847528       -0.0146962983
       48.1026074110       -0.0351670247
       48.1485021210       -0.0560272937
       48.1992515077       -0.0775946556
       48.2530522042       -0.0985450503
       48.2983492812       -0.1145936283
       48.3428260721       -0.1289401397
       48.3858416825       -0.1415154789
       48.4282506033       -0.1526974333
       48.4710139164       -0.1627759600
       48.5151143584       -0.1719148262
       48.5617920787       -0.1801662487
       48.6128991493       -0.1874249108
       48.6694011809       -0.1930794541
       48.7178067661       -0.1957122185
       48.7652890496       -0.1960813447
       48.8103775051       -0.1942061349
       48.8539907797       -0.1901723073
       48.8971791351       -0.1839139455
       48.9408721651       -0.1752271452
       48.9860798127       -0.1637459530
       49.0342282268       -0.1488229389
       49.0873675118       -0.1293801794
       49.1365909395       -0.1089616160
       49.1848413922       -0.0871561984
       49.2293338888       -0.0659217085
       49.2713530686       -0.0452728940
       49.3123692846       -0.0249144237
       49.3535175297       -0.0046138890
       49.3958385592        0.0158328417
       49.4405925255        0.0366907344
       49.4895712916        0.0583451963
       49.5432107113        0.0804246076
       49.5894623337        0.0979915724
       49.6348487449        0.1138851004
       49.6782877892        0.1278667032
       49.7207175244        0.1403894820
       49.7631870122        0.1518226076
       49.8066803085        0.1623907703
       49.8523356148        0.1722097708
       49.9017950496        0.1812818463
       49.9569125494        0.1892773950
       50.0069144708        0.1943567167
       50.0559365876        0.1970643916
       50.1019420723        0.1973269088
       50.1460112238        0.1953215262
       50.1893552352        0.1910541609
       50.2329524283        0.1843738077
       50.2777623145        0.1749778983
       50.3250415620        0.1623312622
       50.3767321871        0.1454743596
       50.4328691804        0.1239798137
       50.4783712407        0.1045373518
       50.5230348083        0.0841139976
       50.5655610871        0.0638223663
       50.6068390825        0.0436964367
       50.6479300043        0.0235712239
       50.6898412900        0.0032593799
       50.7337269454       -0.0174849552
       50.7812065703       -0.0390463209
       50.8338232893       -0.0616174173
       50.8812955869       -0.0806544707
       50.9278579072       -0.0980571961
       50.9718868719       -0.1133600552
       51.0144487837       -0.1271071195
       51.0567292152       -0.1397612480
       51.0997491258       -0.1516105046
       51.1445876335       -0.1628262124
       51.1927170639       -0.1734896133
       51.2461685596       -0.1834796527
       51.2978260818       -0.1910220281
       51.3484728715       -0.1961009563
       51.3954266035       -0.1984905804
       51.4399625062       -0.1984758149
       51.4834932967       -0.1961469098
       51.5270733950       -0.1914045039
       51.5716458193       -0.1839951951
       51.6183581110       -0.1734627554
       51.6689710372       -0.1589784422
       51.7249517541       -0.1395610120
       51.7719151704       -0.1209073770
       51.8179828400       -0.1009367274
       51.8613686804       -0.0810128387
       51.9030643902       -0.0612130654
       51.9442451833       -0.0413663476
       51.9859469212       -0.0212854145
       52.0292670279       -0.0007376114
       52.0756815120        0.0206437224
       52.1270547944        0.0432806766
       52.1757922445        0.0635930095
       52.2235906446        0.0823418526
       52.2682559621        0.0988017021
       52.3110041710        0.1136075083
       52.3531841661        0.1273190429
       52.3958774321        0.1402850223
       52.4401414345        0.1527241888
       52.4873424116        0.1647768150
       52.5394595153        0.1764550059
       52.5959341690        0.1868676107
       52.6434185722        0.1935159752
       52.6900216464        0.1978900333
       52.7347333158        0.1998488756
       52.7784008461        0.1994552466
       52.8219816166        0.1966454839
       52.8663817799        0.1912082684
       52.9126652320        0.1827498215
       52.9624224426        0.1705557897
       53.0176828278        0.1535011453
       53.0662726656        0.1358083443
       53.1139086924        0.1164360641
       53.1582579564        0.0970067580
       53.2004539765        0.0776493322
       53.2418212397        0.0581877508
       53.2834474907        0.0384351159
       53.3264017596        0.0181707985
       53.3720514988       -0.0029505433
       53.4222920179       -0.0254329753
       53.4760314420       -0.0483798391
       53.5211941269       -0.0666962549
       53.5655342053       -0.0837964851
       53.6083040121       -0.0994667059
       53.6503954487       -0.1141041179
       53.6928169019       -0.1280615148
       53.7365909466       -0.1415913652
       53.7829978081       -0.1548821460
       53.8339116968       -0.1680464733
       53.8899743335       -0.1805173533
       53.9381611854       -0.1892212000
       53.9854346226       -0.1956423117
       54.0305341420       -0.1995502790
       54.0743740074       -0.2010562048
       54.1179752399       -0.2001431208
       54.1622528158       -0.1966377695
       54.2082193343       -0.1901953173
       54.2573319446       -0.1801916595
       54.3117445876       -0.1655353221
       54.3619982765       -0.1489867905
       54.4112500119       -0.1303815156
       54.4565892135       -0.1115847317
       54.4993179284       -0.0927878400
       54.5409326033       -0.0738151147
       54.5825873005       -0.0544823539
       54.6253428507       -0.0345801986
       54.6704927698       -0.0137823590
       54.7198768064        0.0084372248
       54.7736220731        0.0317589966
       54.8193119913        0.0507755999
       54.8641550155        0.0686820951
       54.9071468928        0.0851421285
       54.9492252893        0.1005838479
       54.9914492440        0.1154036116
       55.0348442656        0.1298914573
       55.0806374073        0.1442779517
       55.1306057868        0.1587517432
       55.1860273708        0.1730035236
       55.2348019488        0.1836438678
       55.2826388679        0.1920163212
       55.3280532929        0.1977846821
       55.3720268485        0.2011055174
       55.4156451011        0.2020069810
       55.4598397574        0.2003488864
       55.5055936125        0.1958235403
       55.5542724918        0.1878725884
       55.6080015424        0.1754825300
       55.6597471452        0.1602563551
       55.7058833757        0.1443016600
       55.7511996470        0.1268212068
       55.7943850000        0.1088580261
       55.8363015818        0.0905469102
       55.8780013408        0.0717921320
       55.9205037995        0.0524221037
       55.9650033444        0.0321507817
       56.0131983062        0.0104788921
       56.0663995190       -0.0128539851
       56.1131121348       -0.0327015202
       56.1589375019       -0.0515396467
       56.2024208205       -0.0688249128
       56.2445948519       -0.0850392409
       56.2866213068       -0.1006464824
       56.3295453101       -0.1159838934
       56.3745271302       -0.1313228684
       56.4231917953       -0.1469173202
       56.4773601833       -0.1627657654
       56.5272022382       -0.1755983966
       56.5760728554       -0.1861876130
       56.6220476184       -0.1940242841
       56.6662367036       -0.1993446077
       56.7098556374       -0.2022519196
       56.7538801590       -0.2026561374
       56.7992631837       -0.2002991548
       56.8472511462       -0.1947047644
       56.8998183339       -0.1849958225
       56.9576083922       -0.1702865056
       57.0045896017       -0.1555610657
       57.0506949796       -0.1390760351
       57.0944089399       -0.1219472214
       57.1366407612       -0.1043545220
       57.1784896288       -0.0862248857
       57.2209812527       -0.0674043263
       57.2652728711       -0.0476264017
       57.3129867832       -0.0264086411
       57.3657708732       -0.0032955121
       57.4130918849        0.0169639550
       57.4595054764        0.0363500787
       57.5032804107        0.0541777308
       57.5455139943        0.0709530621
       57.5874394245        0.0871802777
       57.6301256004        0.1032285464
       57.6747140507        0.1194013812
       57.7227678215        0.1360013463
       57.7762049615        0.1531655692
       57.8264548864        0.1677042139
       57.8757254113        0.1800641851
       57.9218929984        0.1895952136
       57.9661334991        0.1965756068
       58.0097286474        0.2011556210
       58.0536797855        0.2032750330
       58.0989339557        0.2027013977
       58.1466974149        0.1989969755
       58.1988739226        0.1913552991
       58.2566952375        0.1787375323
       58.3043968185        0.1653646241
       58.3511953559        0.1500079771
       58.3953888946        0.1338293402
       58.4379265664        0.1170559618
       58.4799496839        0.0996419241
       58.5224922815        0.0814525659
       58.5666864213        0.0622398199
       58.6140961411        0.0415381643
       58.6665360707        0.0187831243
       58.7143911256       -0.0017027676
       58.7613234817       -0.0214663604
       58.8053585419       -0.0396948096
       58.8476518588       -0.0569080591
       58.8895020223       -0.0736421992
       58.9320021302       -0.0902929783
       58.9762839848       -0.1071920379
       59.0238678482       -0.1246848322
       59.0767064737       -0.1430161014
       59.1271962770       -0.1590889394
       59.1767048635       -0.1730715845
       59.2229610432       -0.1841763708
       59.2671909198       -0.1927143180
       59.3107278416       -0.1988771895
       59.3545943368       -0.2026314428
       59.3997359940       -0.2037666719
       59.4473340642       -0.2018764464
       59.4992415632       -0.1962128930
       59.5570181318       -0.1856806251
       59.6053126628       -0.1737518433
       59.6526824309       -0.1596388707
       59.6972846212       -0.1445156861
       59.7401014165       -0.1286553418
       59.7823074544       -0.1120423759
       59.8249439440       -0.0945628471
       59.8691258695       -0.0759858845
       59.9163756987       -0.0558609685
       59.9685893717       -0.0335620175
       60.0168821098       -0.0130341986
       60.0642411404        0.0069342992
       60.1084913095        0.0254239941
       60.1508356647        0.0429570364
       60.1926272881        0.0600913044
       60.2349806028        0.0772432564
       60.2790228786        0.0947689305
       60.3262458725        0.1130526406
       60.3786112310        0.1324270557
       60.4291903997        0.1498628416
       60.4787901378        0.1653165604
       60.5250402709        0.1778729408
       60.5692021770        0.1878662287
       60.6126460171        0.1955235925
       60.6564103047        0.2008352749
       60.7014414365        0.2036106445
       60.7489059151        0.2034704878
       60.8006225177        0.1997175962
       60.8583304843        0.1912488480
       60.9070904797        0.1808391402
       60.9549092929        0.1680699522
       60.9998466798        0.1540977745
       61.0429093646        0.1392387551
       61.0852952410        0.1235101961
       61.1280497841        0.1068200103
       61.1722753680        0.0889539364
       61.2194646957        0.0694750193
       61.2715562168        0.0477202040
       61.3202073830        0.0273162473
       61.3679165807        0.0073004597
       61.4123449417       -0.0113217688
       61.4547327800       -0.0290646044
       61.4964770836       -0.0464983737
       61.5387097720       -0.0640548019
       61.5825556071       -0.0821108350
       61.6294859467       -0.1010862471
       61.6814619484       -0.1213901060
       61.7363046274       -0.1415504822
       61.7824148662       -0.1570818347
       61.8276877602       -0.1706939751
       61.8715434931       -0.1820091671
       61.9148237458       -0.1910896009
       61.9584494466       -0.1979080118
       62.0033413094       -0.2022870032
       62.0506485269       -0.2038740265
       62.1021570774       -0.2020227071
       62.1597307462       -0.1956487294
       62.2089060207       -0.1868431306
       62.2571256019       -0.1755163389
       62.3023653527       -0.1627913680
       62.3456548328       -0.1490269283
       62.3882123392       -0.1342749874
       62.4310862697       -0.1184668865
       62.4753666694       -0.1014065075
       62.5225178839       -0.0826731399
       62.5745054897       -0.0615802928
       62.6235300716       -0.0414211748
       62.6716047773       -0.0214732989
       62.7162251373       -0.0028225376
       62.7586686733        0.0150319947
       62.8003763939        0.0326686664
       62.8424971578        0.0505311177
       62.8861522456        0.0690138620
       62.9327912497        0.0885677256
       62.9843716639        0.1096734642
       63.0390425872        0.1309895934
       63.0850558811        0.1476645523
       63.1302305186        0.1625221544
       63.1739558211        0.1751384646
       63.2170845838        0.1855879288
       63.2605476641        0.1938630539
       63.3052666414        0.1998073999
       63.3523784587        0.2030976488
       63.4036353289        0.2031405188
       63.4609927246        0.1988912702
       63.5105539871        0.1917709577
       63.5591461699        0.1819793371
       63.6046653259        0.1705938520
       63.6481644033        0.1580157620
       63.6908817226        0.1443332766
       63.7338680029        0.1295026021
       63.7782003522        0.1133475907
       63.8253135287        0.0954672922
       63.8771883830        0.0751636243
       63.9266305566        0.0553612090
       63.9751149546        0.0355875725
       64.0199574907        0.0170075032
       64.0624763034       -0.0008623094
       64.1041602787       -0.0186050149
       64.1461759972       -0.0366731821
       64.1896398600       -0.0554753030
       64.2359762108       -0.0754880069
       64.2871347314       -0.0972586487
       64.3416370076       -0.1196162286
       64.3875612307       -0.1373527073
       64.4326447862       -0.1533847633
       64.4762324465       -0.1672370359
       64.5191890940       -0.1789973567
       64.5624574431       -0.1886804267
       64.6069601309       -0.1961533635
       64.6538196654       -0.2011249557
       64.7047475967       -0.2030590458
       64.7617744981       -0.2009700199
       64.8117299525       -0.1956210640
       64.8607028254       -0.1874574191
       64.9064976580       -0.1775033199
       64.9501956846       -0.1662043761
       64.9930594018       -0.1536869081
       65.0361428886       -0.1399336152
       65.0805089972       -0.1247907185
       65.1275585318       -0.1078818369
       65.1792750750       -0.0885096929
       65.2292232662       -0.0691660458
       65.2782057984       -0.0496620801
       65.3233258037       -0.0312463980
       65.3659509291       -0.0134565124
       65.4076280103        0.0042939617
       65.4495445960        0.0224641547
       65.4928108053        0.0414727082
       65.5388201975        0.0618157174
       65.5895074679        0.0841004433
       65.6438437075        0.1073817396
       65.6897106058        0.1261059655
       65.7347332178        0.1432496199
       65.7781902556        0.1582765819
       65.8209611625        0.1712898861
       65.8640040578        0.1823298384
       65.9082430375        0.1912903225
       65.9547827137        0.1979154995
       66.0052841579        0.2017306800
       66.0618391163        0.2018293787
       66.1122289045        0.1983429685
       66.1616219094        0.1919014281
       66.2077051382        0.1834699961
       66.2515972199        0.1735426234
       66.2945934239        0.1622863561
       66.3377541001        0.1497122608
       66.3821266448        0.1356915623
       66.4290721274        0.1198777557
       66.4805604967        0.1015884661
       66.5311377852        0.0828045458
       66.5765705763        0.0652990803
       66.6211936101        0.0475376348
       66.6639030048        0.0300105046
       66.7055974655        0.0124091871
       66.7473388101       -0.0056674922
       66.7901848946       -0.0246263917
       66.8354331285       -0.0449557531
       66.8849355493       -0.0673058960
       66.9389912810       -0.0914075281
       66.9852885731       -0.1113576467
       67.0307165447       -0.1298862506
       67.0742784469       -0.1463015555
       67.1169084894       -0.1607486870
       67.1596238129       -0.1733264629
       67.2033551476       -0.1839792818
       67.2491505583       -0.1925088920
       67.2985196370       -0.1985368608
       67.3536423545       -0.2013223962
       67.4054161604       -0.2002354177
       67.4561563495       -0.1959014745
       67.5030405706       -0.1892822770
       67.5473452705       -0.1809842192
       67.5905190216       -0.1712405978
       67.6336740688       -0.1601064220
       67.6778353809       -0.1474978294
       67.7242676752       -0.1331332619
       67.7748400464       -0.1164006649
       67.8300451996       -0.0970096946
       67.8760578381       -0.0800151687
       67.9212176105       -0.0626126082
       67.9642222697       -0.0453700874
       68.0060042769       -0.0279928575
       68.0476600080       -0.0100787567
       68.0902400923        0.0087788312
       68.1349848527        0.0290648577
       68.1836633661        0.0514478259
       68.2372572671        0.0760552973
       68.2838721502        0.0969890786
       68.3296003569        0.1166618542
       68.3732173851        0.1342367149
       68.4157071841        0.1498913442
       68.4581416640        0.1637745057
       68.5014655531        0.1758731812
       68.5466970699        0.1860351748
       68.5952521623        0.1939534010
       68.6492559332        0.1990204988
       68.7020132472        0.2002090538
       68.7494430936        0.1982544388
       68.7960256770        0.1937625555
       68.8405715012        0.1873184304
       68.8839123309        0.1792695781
       68.9270468968        0.1697459396
       68.9709481127        0.1587221676
       69.0167721394        0.1459916081
       69.0662123144        0.1310493758
       69.1208601473        0.1132436233
       69.1682224746        0.0967890974
       69.2146796995        0.0797412207
       69.2584206876        0.0628591112
       69.3004828082        0.0458581424
       69.3420740095        0.0283210229
       69.3842587088        0.0098429945
       69.4281887615       -0.0100361736
       69.4754529689       -0.0319536872
       69.5278008135       -0.0565097318
       69.5755399192       -0.0787322767
       69.6223533988       -0.0999050949
       69.6664545775       -0.1188697101
       69.7089646105       -0.1358778340
       69.7511043904       -0.1511802251
       69.7938682976       -0.1648360251
       69.8382345333       -0.1767564072
       69.8854669754       -0.1867205065
       69.9375001574       -0.1942931882
       69.9949743917       -0.1984841090
       70.0432267488       -0.1987313375
       70.0905688903       -0.1962636346
       70.1355646362       -0.1916486223
       70.1791118440       -0.1852995098
       70.2222672374       -0.1773977576
       70.2660024242       -0.1679629783
       70.3114061451       -0.1568459291
       70.3600254648       -0.1436319115
       70.4138207602       -0.1275933510
       70.4625610012       -0.1118518809
       70.5103517214       -0.0953143400
       70.5548635913       -0.0789143388
       70.5972615059       -0.0623840513
       70.6388874233       -0.0452946929
       70.6808420048       -0.0272430161
       70.7242271154       -0.0077876755
       70.7704930152        0.0136740610
       70.8215632012        0.0379056188
       70.8704083282        0.0611931571
       70.9183068301        0.0836560903
       70.9629053916        0.1037925472
       71.0054726052        0.1219210387
       71.0473939767        0.1383936254
       71.0897291923        0.1533367048
       71.1334459023        0.1667146380
       71.1797189071        0.1783707236
       71.2303106449        0.1879866213
       71.2867621046        0.1947759129
       71.3359911983        0.1973665685
       71.3842680220        0.1970540236
       71.4298058882        0.1943695230
       71.4735957846        0.1898090781
       71.5167839765        0.1836153504
       71.5603587911        0.1758556170
       71.6053546837        0.1664364556
       71.6531764911        0.1550317914
       71.7058501742        0.1409584678
       71.7562921799        0.1260754601
       71.8017631076        0.1114927356
       71.8464320228        0.0960712109
       71.8892168577        0.0802580225
       71.9309673936        0.0638342681
       71.9727046872        0.0464536998
       72.0154577080        0.0277152055
       72.0604995818        0.0070824253
       72.1096639848       -0.0162288832
       72.1632249102       -0.0421181275
       72.2086634990       -0.0640347608
       72.2532508396       -0.0850599770
       72.2959648620       -0.1043608721
       72.3377354821       -0.1220845373
       72.3795872365       -0.1383832324
       72.4224621345       -0.1532794466
       72.4674175694       -0.1666867885
       72.5159522712       -0.1784055161
       72.5701072604       -0.1879568459
       72.6213802362       -0.1935662750
       72.6716424608       -0.1959379942
       72.7183027200       -0.1955458219
       72.7625855838       -0.1930579704
       72.8058726982       -0.1888267163
       72.8492315007       -0.1829901807
       72.8936520384       -0.1755273335
       72.9403618204       -0.1662229022
       72.9912041779       -0.1545404277
       73.0470413838       -0.1399425855
       73.0937536020       -0.1263254708
       73.1395908002       -0.1116944848
       73.1830577538       -0.0966252984
       73.2250831813       -0.0809279175
       73.2667675486       -0.0642660289
       73.3091313092       -0.0462617625
       73.3533357617       -0.0264292510
       73.4010288660       -0.0040412519
       73.4537208855        0.0215026217
       73.5002918443        0.0443491255
       73.5459660702        0.0665442716
       73.5891738923        0.0869297118
       73.6309649782        0.1057074096
       73.6724965409        0.1231205070
       73.7147480080        0.1392584628
       73.7587205850        0.1540940082
       73.8057372108        0.1675079359
       73.8577565619        0.1792133445
       73.9143978690        0.1881349142
       73.9618298312        0.1925991067
       74.0083822844        0.1944523990
       74.0529277180        0.1940474360
       74.0963156972        0.1917801273
       74.1395349242        0.1878561992
       74.1835289018        0.1823186610
       74.2293997004        0.1750383800
       74.2787572006        0.1656197411
       74.3334910987        0.1533514683
       74.3820998643        0.1408685664
       74.4297629918        0.1271487425
       74.4743058173        0.1129573607
       74.5168211608        0.0981411466
       74.5585791030        0.0823677196
       74.6006384371        0.0652798715
       74.6440740807        0.0464442523
       74.6903157225        0.0252261024
       74.7412850164        0.0007577691
       74.7897087134       -0.0231200228
       74.8371911841       -0.0466486210
       74.8813133583       -0.0681612631
       74.9233432335       -0.0879409251
       74.9646790103       -0.1063658753
       75.0063924003       -0.1236113006
       75.0494609502       -0.1397107889
       75.0950640323       -0.1546117787
       75.1449387180       -0.1681633451
       75.2004420064       -0.1797309619
       75.2491939441       -0.1868406462
       75.2970080521       -0.1911419016
       75.3422450995       -0.1929210723
       75.3858803366       -0.1926871781
       75.4290274337       -0.1907320679
       75.4726514523       -0.1871649044
       75.5177696529       -0.1819339855
       75.5657714311       -0.1747706448
       75.6186951599       -0.1650553314
       75.6697949015       -0.1538910480
       75.7157290263       -0.1423304944
       75.7608485589       -0.1295169836
       75.8039909806       -0.1158633347
       75.8459910241       -0.1012230352
       75.8878548721       -0.0853055782
       75.9305771980       -0.0677423836
       75.9753642950       -0.0480123915
       76.0239723192       -0.0253015147
       76.0772881140        0.0007404300
       76.1227727876        0.0234480964
       76.1673965276        0.0457171909
       76.2098879980        0.0665072005
       76.2512112894        0.0859694224
       76.2924429579        0.1043138931
       76.3345445113        0.1216356016
       76.3785556625        0.1379443436
       76.4259011633        0.1531898342
       76.4785486083        0.1671456332
       76.5298656400        0.1776341649
       76.5801860091        0.1849776094
       76.6268068119        0.1892997823
       76.6710014496        0.1913366774
       76.7141967124        0.1915358378
       76.7574691243        0.1901005297
       76.8017900512        0.1870653007
       76.8483369420        0.1822874509
       76.8988777011        0.1753434341
       76.9548072362        0.1655650182
       77.0025272924        0.1554524260
       77.0493361621        0.1438850147
       77.0934866798        0.1314121525
       77.1359443262        0.1179367041
       77.1778461179        0.1031926060
       77.2201960621        0.0868507598
       77.2640770793        0.0684681112
       77.3109895749        0.0473543149
       77.3627970363        0.0226187745
       77.4102249242       -0.0009086915
       77.4567284720       -0.0243255136
       77.5001917407       -0.0460825581
       77.5417833551       -0.0663941428
       77.5828042502       -0.0855920376
       77.6242934482       -0.1038500572
       77.6672420848       -0.1212329252
       77.7128857879       -0.1377507208
       77.7630337380       -0.1533449228
       77.8183566910       -0.1672910478
       77.8660800029       -0.1765624073
       77.9129011320       -0.1832497918
       77.9575144218       -0.1875180024
       78.0008317358       -0.1898272590
       78.0438908863       -0.1904596565
       78.0876329582       -0.1895250246
       78.1331013506       -0.1869749913
       78.1817726602       -0.1825448039
       78.2357072707       -0.1756214007
       78.2861167633       -0.1672086070
       78.3355312253       -0.1570638240
       78.3812208040       -0.1459247895
       78.4244230625       -0.1337662399
       78.4665533493       -0.1203438530
       78.5087049625       -0.1053608428
       78.5518950916       -0.0884402891
       78.5973952827       -0.0690178460
       78.6470645812       -0.0461957813
       78.7008006227       -0.0200537483
       78.7454351638        0.0023576291
       78.7892421566        0.0245303444
       78.8311861537        0.0455281327
       78.8721669471        0.0654630017
       78.9132034402        0.0845210503
       78.9552533649        0.1028090647
       78.9994078694        0.1203819905
       79.0472058237        0.1372699620
       79.1004660483        0.1532666781
       79.1500731322        0.1654129711
       79.1987155677        0.1747740044
       79.2443072887        0.1813476320
       79.2879674943        0.1857607390
       79.3309485712        0.1884229797
       79.3742576714        0.1895275833
       79.4188733751        0.1891065484
       79.4660524481        0.1870160862
       79.5177027972        0.1828270123
       79.5743361972        0.1759203896
       79.6214507322        0.1682507893
       79.6676834971        0.1589274569
       79.7116150913        0.1483301281
       79.7541249834        0.1363978852
       79.7962560965        0.1229115584
       79.8389754096        0.1075614553
       79.8833812488        0.0898928336
       79.9310469030        0.0691622951
       79.9837034934        0.0444924981
       80.0303972160        0.0214879074
       80.0761857740       -0.0016393968
       80.1191792682       -0.0234385831
       80.1604671631       -0.0440636416
       80.2012781487       -0.0638073955
       80.2426308177       -0.0828455476
       80.2855361586       -0.1012770968
       80.3312909764       -0.1191807650
       80.3817576255       -0.1365917656
       80.4367148759       -0.1526001138
       80.4835097990       -0.1637793232
       80.5294352323       -0.1726127651
       80.5734680466       -0.1791836624
       80.6164775570       -0.1839094596
       80.6594488393       -0.1870604414
       80.7033159598       -0.1887469058
       80.7491665881       -0.1889273355
       80.7985881142       -0.1873486824
       80.8535531948       -0.1834114050
       80.9032048760       -0.1777977444
       80.9518800589       -0.1702808013
       80.9972716521       -0.1613596671
       81.0404918746       -0.1510595453
       81.0828199621       -0.1392062204
       81.1252864535       -0.1255401140
       81.1688954613       -0.1096931699
       81.2149473531       -0.0910812537
       81.2653493344       -0.0687565987
       81.3193907919       -0.0430127766
       81.3636991878       -0.0209589396
       81.4071954213        0.0010877740
       81.4489110676        0.0222106458
       81.4897189221        0.0424949057
       81.5306208828        0.0621218525
       81.5725824846        0.0812212557
       81.6167303937        0.0999009506
       81.6646666142        0.1182814834
       81.7180025369        0.1361885035
       81.7665711736        0.1500765408
       81.8142021171        0.1614694172
       81.8591282217        0.1702616951
       81.9024014792        0.1770248693
       81.9451965670        0.1821563513
       81.9884952562        0.1858533718
       82.0332950589        0.1881601390
       82.0809210673        0.1889549386
       82.1333664556        0.1878401538
       82.1902361720        0.1841758155
       82.2370846843        0.1791101088
       82.2830681829        0.1722071528
       82.3269811140        0.1637172163
       82.3696559262        0.1536063158
       82.4120788291        0.1416910356
       82.4551933355        0.1276785325
       82.5001082246        0.1111092263
       82.5484476700        0.0912046363
       82.6018241405        0.0670932346
       82.6482084089        0.0447450771
       82.6936987228        0.0220208228
       82.7365004213        0.0003314476
       82.7776593878       -0.0204260585
       82.8183706985       -0.0405185709
       82.8596484184       -0.0601292549
       82.9025236618       -0.0793937002
       82.9483414159       -0.0984620791
       82.9989819218       -0.1174656776
       83.0534559377       -0.1353063278
       83.0995479544       -0.1482582178
       83.1447942649       -0.1590972412
       83.1883635592       -0.1678466341
       83.2311069420       -0.1748979342
       83.2739848449       -0.1805191597
       83.3179394851       -0.1848302428
       83.3641090857       -0.1878100532
       83.4141849345       -0.1892395011
       83.4699079192       -0.1885395235
       83.5189864461       -0.1857888630
       83.5671089311       -0.1809922715
       83.6123106593       -0.1744502046
       83.6556125419       -0.1662196010
       83.6981910806       -0.1561771645
       83.7410294603       -0.1440909080
       83.7851259476       -0.1295982810
       83.8318155534       -0.1120962056
       83.8830537999       -0.0905925200
       83.9325010979       -0.0679500237
       83.9769458791       -0.0464239390
       84.0205990136       -0.0246147383
       84.0623916318       -0.0035063279
       84.1031912674        0.0169572352
       84.1440116453        0.0369604273
       84.1858286101        0.0566582137
       84.2297765669        0.0762081538
       84.2774608174        0.0958188947
       84.3304450530        0.1154250852
       84.3785730077        0.1311374722
       84.4257745688        0.1445997960
       84.4703562444        0.1555888367
       84.5133678317        0.1646658767
       84.5559777412        0.1722461306
       84.5991719371        0.1785501920
       84.6439646123        0.1836536453
       84.6917148766        0.1874850069
       84.7444402870        0.1897230393
       84.8013211622        0.1896312647
       84.8482242940        0.1874244211
       84.8942645024        0.1832164314
       84.9383385128        0.1771528617
       84.9812636323        0.1692263380
       85.0240003000        0.1592867327
       85.0674755628        0.1470620371
       85.1127913022        0.1321032566
       85.1615802700        0.1136293430
       85.2154900076        0.0907097167
       85.2620861619        0.0691921518
       85.3077840554        0.0469995369
       85.3507251928        0.0255804469
       85.3919537313        0.0048801144
       85.4326752171       -0.0153530869
       85.4739148003       -0.0353127032
       85.5167164832       -0.0551681894
       85.5624435163       -0.0751355952
       85.6129741051       -0.0954499434
       85.6670380393       -0.1149647429
       85.7127039418       -0.1296080693
       85.7575361842       -0.1423627874
       85.8007850160       -0.1531926948
       85.8433043998       -0.1624834474
       85.8860552667       -0.1705168255
       85.9299956869       -0.1774372839
       85.9763033863       -0.1832637381
       86.0267346168       -0.1878425850
       86.0827803142       -0.1906221965
       86.1315934093       -0.1908757087
       86.1794627249       -0.1889653578
       86.2246402936       -0.1850274298
       86.2681006972       -0.1791440244
       86.3109618104       -0.1712321732
       86.3541779010       -0.1610831877
       86.3987424499       -0.1483430485
       86.4460118675       -0.1324027554
       86.4979824695       -0.1122406416
       86.5475280777       -0.0908251111
       86.5920826874       -0.0701386395
       86.6358483706       -0.0489098278
       86.6777426091       -0.0281306560
       86.7186214757       -0.0077794222
       86.7594986239        0.0123182338
       86.8013607657        0.0323332431
       86.8453671521        0.0524680729
       86.8931623823        0.0730155135
       86.9461491680        0.0939516212
       86.9936310513        0.1109557832
       87.0402041544        0.1260003840
       87.0843352018        0.1387910878
       87.1270489219        0.1498579933
       87.1694856352        0.1596167856
       87.2126329814        0.1683044528
       87.2575382130        0.1760271800
       87.3056346346        0.1827656207
       87.3589680103        0.1882639457
       87.4108269361        0.1914262040
       87.4616694245        0.1921974767
       87.5085857930        0.1906435533
       87.5528900159        0.1870025389
       87.5960505705        0.1812938051
       87.6391496355        0.1733787293
       87.6831390626        0.1629859607
       87.7291593342        0.1496513790
       87.7789326117        0.1325505047
       87.8338636169        0.1107996080
       87.8802487656        0.0904880201
       87.9257492993        0.0692685648
       87.9686486962        0.0484932492
       88.0099385808        0.0281642602
       88.0507804413        0.0080721333
       88.0921933240       -0.0119718472
       88.1352504863       -0.0321669225
       88.1813871032       -0.0527995587
       88.2324744025       -0.0741748217
       88.2817719165       -0.0931778347
       88.3301218866       -0.1102077073
       88.3751831425       -0.1246533561
       88.4181936896       -0.1371919248
       88.4605267198       -0.1483767645
       88.5032554187       -0.1585272112
       88.5473950570       -0.1678120265
       88.5942237601       -0.1762889417
       88.6456423542       -0.1838579947
       88.7021769851       -0.1898543771
       88.7501164684       -0.1927905337
       88.7971502115       -0.1935209504
       88.8419575589       -0.1920372884
       88.8854240340       -0.1884065666
       88.9285631336       -0.1825543596
       88.9722932103       -0.1742703760
       89.0176379691       -0.1631792414
       89.0660686020       -0.1486153124
       89.1196252279       -0.1295009247
       89.1683886803       -0.1097202319
       89.2161896814       -0.0885774849
       89.2604375858       -0.0678913879
       89.3023560556       -0.0476953095
       89.3433524958       -0.0277283010
       89.3845358520       -0.0077756609
       89.4269459570        0.0123619651
       89.4718634706        0.0329545150
       89.5211069667        0.0543940140
       89.5747866921        0.0761909594
       89.6207238438        0.0934510486
       89.6658067879        0.1091268363
       89.7090372931        0.1230034048
       89.7513338837        0.1355138773
       89.7937266162        0.1470146051
       89.8371981462        0.1577279224
       89.8829045065        0.1677755315
       89.9325260636        0.1771724316
       89.9877917211        0.1855763659
       90.0373204366        0.1910077363
       90.0858829625        0.1941376013
       90.1315961229        0.1948625282
       90.1755007537        0.1933395178
       90.2187649188        0.1895670266
       90.2623495372        0.1833904772
       90.3072166870        0.1745034166
       90.3546461263        0.1623637549
       90.4066130202        0.1460034815
       90.4581336271        0.1269602517
       90.5038009776        0.1081105523
       90.5486444493        0.0882024999
       90.5912825147        0.0683729791
       90.6326080359        0.0486727038
       90.6736915885        0.0289459192
       90.7155388103        0.0090124949
       90.7592879657       -0.0113657844
       90.8065286620       -0.0325670376
       90.8588962458       -0.0548445502
       90.9065119760       -0.0738486826
       90.9532125410       -0.0912826216
       90.9972713223       -0.1066405235
       91.0397766476       -0.1204746726
       91.0819391798       -0.1332612725
       91.1247871440       -0.1453004824
       91.1693906231       -0.1567780831
       91.2171936222       -0.1677985431
       91.2702169777       -0.1782909738
       91.3220116650       -0.1865179074
       91.3727974754       -0.1923345351
       91.4197903093       -0.1954511183
       91.4642966050       -0.1961659690
       91.5077624238       -0.1945869448
       91.5512542215       -0.1906267346
       91.5957114416       -0.1840439435
       91.6422620998       -0.1744020650
       91.6926284877       -0.1609097683
       91.7484441424       -0.1425433273
       91.7957156318       -0.1245559089
       91.8420792159       -0.1051639734
       91.8856438099       -0.0857600863
       91.9274239388       -0.0664402878
       91.9686187540       -0.0470431909
       92.0102687202       -0.0273897984
       92.0534576656       -0.0072569971
       92.0996279616        0.0137104502
       92.1506664937        0.0359609479
       92.1996600060        0.0562377456
       92.2477110297        0.0750214113
       92.2924713130        0.0915255148
       92.3351930691        0.1063973272
       92.3772674802        0.1202154446
       92.4197912549        0.1333427163
       92.4638159982        0.1460121834
       92.5106806300        0.1583851117
       92.5623328784        0.1705176104
       92.6185799464        0.1816244845
       92.6661173362        0.1889929070
       92.7127671951        0.1941373594
       92.7574610979        0.1968830616
       92.8010614740        0.1973019242
       92.8445390013        0.1953431818
       92.8887982829        0.1908090534
       92.9348832071        0.1833265451
       92.9843369756        0.1722217473
       93.0392494346        0.1563871464
       93.0883052390        0.1394631905
       93.1363917875        0.1207455051
       93.1810087255        0.1019022039
       93.2233351562        0.0830870787
       93.2647413620        0.0641342710
       93.3063292924        0.0448660030
       93.3491575772        0.0250729948
       93.3945585094        0.0044252796
       93.4444076144       -0.0175841368
       93.4981390660       -0.0403158054
       93.5434383093       -0.0585913971
       93.5879065180       -0.0757184838
       93.6306899028       -0.0914415680
       93.6726926169       -0.1061654044
       93.7149375542       -0.1202568775
       93.7584414392       -0.1339830936
       93.8044518104       -0.1475519686
       93.8547898182       -0.1611157621
       93.9104437815       -0.1742500647
       93.9587921146       -0.1837499918
       94.0062171101       -0.1910253229
       94.0513494855       -0.1957955719
       94.0951327974       -0.1981882767
       94.1386163594       -0.1982061442
       94.1827199492       -0.1956934413
       94.2284359334       -0.1903288814
       94.2771651292       -0.1815327878
       94.3310429495       -0.1682701987
       94.3819904858       -0.1526151826
       94.4276734903       -0.1363539412
       94.4725512908       -0.1187042570
       94.5154210902       -0.1006551054
       94.5571259406       -0.0823206446
       94.5986939556       -0.0635999719
       94.6411374619       -0.0443208932
       94.6856610993       -0.0241995485
       94.7339855391       -0.0027478367
       94.7872522925        0.0201903891
       94.8337126251        0.0394731452
       94.8792936931        0.0576928327
       94.9226302530        0.0743703337
       94.9647288568        0.0899739573
       95.0067224499        0.1049467482
       95.0496415571        0.1196086478
       95.0946421859        0.1342128749
       95.1433533591        0.1489875356
       95.1975770241        0.1638935984
       95.2472748456        0.1757970682
       95.2960037094        0.1854833722
       95.3418540506        0.1924905214
       95.3859228719        0.1970393718
       95.4294148827        0.1992183065
       95.4733001905        0.1989301224
       95.5185286495        0.1959141428
       95.5663438911        0.1896933365
       95.6187097899        0.1793926141
       95.6761995391        0.1641783700
       95.7229431872        0.1491468866
       95.7688164057        0.1324552465
       95.8123295080        0.1152086348
       95.8543863021        0.0975716227
       95.8960777826        0.0794643397
       95.9384226667        0.0607333608
       95.9825701528        0.0411205873
       96.0301301664        0.0201635602
       96.0827590099       -0.0025713833
       96.1300822675       -0.0224692136
       96.1764971566       -0.0414275715
       96.2202560749       -0.0587844849
       96.2624555433       -0.0750489949
       96.3043265466       -0.0907200537
       96.3469297481       -0.1061574462
       96.3913894018       -0.1216498526
       96.4392380834       -0.1374764804
       96.4924224960       -0.1537712009
       96.5428661526       -0.1676204338
       96.5923263350       -0.1793023172
       96.6385599001       -0.1881817807
       96.6827669321       -0.1945424596
       96.7262583225       -0.1985365659
       96.7700449390       -0.2001066409
       96.8150671333       -0.1990261742
       96.8625053335       -0.1948694159
       96.9142099019       -0.1868552771
       96.9715976526       -0.1739391274
       97.0193361201       -0.1602921711
       97.0661651998       -0.1447138099
       97.1103079328       -0.1284024387
       97.1527317224       -0.1115780349
       97.1945948983       -0.0941866654
       97.2369311843       -0.0760952210
       97.2808533666       -0.0570694353
       97.3278820623       -0.0366747179
       97.3798828442       -0.0143461454
       97.4280348759        0.0059713541
       97.4752566211        0.0254937663
       97.5194321199        0.0433789278
       97.5617498712        0.0601676090
       97.6035421893        0.0764086828
       97.6459063910        0.0924970598
       97.6899507721        0.1087522167
       97.7371399135        0.1254957193
       97.7894484765        0.1429828626
       97.8447523505        0.1598307121
       97.8911618160        0.1722873728
       97.9367275457        0.1826813121
       97.9808067394        0.1907121735
       98.0242264122        0.1964277204
       98.0679001921        0.1997757352
       98.1127380756        0.2005546929
       98.1598714055        0.1983800579
       98.2110556751        0.1925494253
       98.2681459088        0.1819631715
       98.3168024424        0.1698306096
       98.3645149298        0.1555098220
       98.4092456098        0.1402598582
       98.4520278978        0.1243583974
       98.4940870938        0.1077822581
       98.5364756107        0.0904205805
       98.5802822552        0.0720617386
       98.6269591685        0.0522976551
       98.6784424884        0.0305057252
       98.7273553855        0.0099689794
       98.7753233066       -0.0099359321
       98.8198891003       -0.0281990051
       98.8623279720       -0.0453807422
       98.9040697946       -0.0620712682
       98.9462497762       -0.0786950363
       98.9899694036       -0.0955980230
       99.0366454368       -0.1131383450
       99.0882408047       -0.1316635487
       99.1434285139       -0.1500567772
       99.1899609587       -0.1640296844
       99.2356391198       -0.1760178075
       99.2797283689       -0.1856538156
       99.3230804112       -0.1930078050
       99.3666310403       -0.1980559266
       99.4112891363       -0.2006231647
       99.4581542178       -0.2003610774
       99.5089060321       -0.1966348283
       99.5656187316       -0.1883645684
       99.6151018036       -0.1778628667
       99.6636113333       -0.1649337724
       99.7088768092       -0.1508644902
       99.7519963774       -0.1359921261
       99.7942587076       -0.1203289705
       99.8367353668       -0.1037885930
       99.8804983758       -0.0861817397
       99.9269464180       -0.0671255982
       99.9780276526       -0.0459758762
      100.0000000000       -0.0368629892
