       -0.0349047256       -1.9996953918
       -0.0348686525       -1.9996960208
       -0.0346371150       -1.9997000278
       -0.0341192165       -1.9997088097
       -0.0332958394       -1.9997223025
       -0.0321348224       -1.9997404766
       -0.0305654170       -1.9997637157
       -0.0284551248       -1.9997929929
       -0.0256573614       -1.9998289135
       -0.0228183171       -1.9998623374
       -0.0197183716       -1.9998953709
       -0.0165118377       -1.9999254734
       -0.0131953910       -1.9999518168
       -0.0097358835       -1.9999735855
       -0.0060968114       -1.9999896716
       -0.0022313133       -1.9999986726
        0.0019361035       -1.9999987991
        0.0065119055       -1.9999876007
        0.0107602704       -1.9999670868
        0.0147360616       -1.9999397739
        0.0181806364       -1.9999103657
        0.0211957258       -1.9998806221
        0.0238830287       -1.9998511216
        0.0263002256       -1.9998221601
        0.0284778933       -1.9997939476
        0.0304312858       -1.9997666883
        0.0321581767       -1.9997407797
        0.0335686651       -1.9997181479
        0.0343603286       -1.9997048124
        0.0347937509       -1.9996973258
        0.0348884260       -1.9996956720
        0.0346821307       -1.9996991898
        0.0341822485       -1.9997075145
        0.0333673700       -1.9997206057
        0.0321847229       -1.9997387819
        0.0305333082       -1.9997629009
        0.0282475011       -1.9997943834
        0.0256517836       -1.9998278587
        0.0227313437       -1.9998627292
        0.0196929277       -1.9998956454
        0.0165410931       -1.9999257344
        0.0132389269       -1.9999522989
        0.0097487448       -1.9999743122
        0.0060272013       -1.9999904328
        0.0020086760       -1.9999989850
       -0.0024153898       -1.9999977210
       -0.0072208340       -1.9999841067
       -0.0111313587       -1.9999642565
       -0.0147965461       -1.9999391186
       -0.0180752346       -1.9999116997
       -0.0210245392       -1.9998832747
       -0.0237039324       -1.9998543917
       -0.0261509137       -1.9998253469
       -0.0283882364       -1.9997963340
       -0.0304283227       -1.9997675549
       -0.0322464768       -1.9997397891
       -0.0334848065       -1.9997196470
       -0.0343271523       -1.9997053900
       -0.0347764953       -1.9996976257
       -0.0348991989       -1.9996954551
       -0.0347245540       -1.9996983050
       -0.0342473435       -1.9997060088
       -0.0334323767       -1.9997187670
       -0.0322055191       -1.9997372681
       -0.0304293715       -1.9997629473
       -0.0279916812       -1.9997965021
       -0.0255014329       -1.9998288943
       -0.0227249555       -1.9998625815
       -0.0197815017       -1.9998950921
       -0.0166699989       -1.9999253422
       -0.0133614101       -1.9999522969
       -0.0098174005       -1.9999746778
       -0.0059818147       -1.9999909206
       -0.0017597311       -1.9999990290
        0.0029547973       -1.9999962137
        0.0071633156       -1.9999836899
        0.0111581544       -1.9999637369
        0.0147192735       -1.9999398443
        0.0179217761       -1.9999137353
        0.0208467128       -1.9998861489
        0.0235434658       -1.9998574680
        0.0260419254       -1.9998279119
        0.0283628760       -1.9997976115
        0.0305144650       -1.9997668049
        0.0323707989       -1.9997379710
        0.0335184716       -1.9997191081
        0.0343181419       -1.9997055442
        0.0347737753       -1.9996976633
        0.0349219293       -1.9996949655
        0.0347724359       -1.9996971771
        0.0343059296       -1.9997043767
        0.0334698741       -1.9997170849
        0.0321601253       -1.9997365188
        0.0302167735       -1.9997645156
        0.0280107200       -1.9997951723
        0.0254632151       -1.9998289033
        0.0227325150       -1.9998626525
        0.0198271264       -1.9998952725
        0.0167184166       -1.9999258235
        0.0133699567       -1.9999531245
        0.0097321941       -1.9999757184
        0.0057240698       -1.9999918087
        0.0012172878       -1.9999989336
       -0.0036304849       -1.9999941998
       -0.0075520514       -1.9999816209
       -0.0112782388       -1.9999629702
       -0.0146900848       -1.9999405108
       -0.0178315126       -1.9999154207
       -0.0207515204       -1.9998882670
       -0.0234842255       -1.9998593355
       -0.0260553406       -1.9998287486
       -0.0284868518       -1.9997965424
       -0.0307456071       -1.9997635706
       -0.0323145484       -1.9997389234
       -0.0335089753       -1.9997192652
       -0.0343122534       -1.9997056449
       -0.0347845220       -1.9996974265
       -0.0349558179       -1.9996941614
       -0.0348227589       -1.9996957920
       -0.0343508883       -1.9997026810
       -0.0334640266       -1.9997157988
       -0.0320205314       -1.9997370428
       -0.0299577243       -1.9997669378
       -0.0278075776       -1.9997972295
       -0.0253522029       -1.9998302774
       -0.0226796449       -1.9998638043
       -0.0197883764       -1.9998965787
       -0.0166504743       -1.9999274260
       -0.0132228689       -1.9999549747
       -0.0094359196       -1.9999775860
       -0.0051703720       -1.9999931400
       -0.0003748207       -1.9999984790
        0.0037341746       -1.9999934466
        0.0076842168       -1.9999808607
        0.0113024270       -1.9999630836
        0.0146410549       -1.9999415805
        0.0177613786       -1.9999170659
        0.0207045442       -1.9998898904
        0.0235004635       -1.9998601911
        0.0261774448       -1.9998279340
        0.0287504744       -1.9997931806
        0.0307764033       -1.9997631821
        0.0323957900       -1.9997376068
        0.0335545596       -1.9997185020
        0.0343449202       -1.9997050620
        0.0348226462       -1.9996966102
        0.0350010104       -1.9996929433
        0.0348607196       -1.9996942888
        0.0343465249       -1.9997014164
        0.0333463316       -1.9997159815
        0.0317198850       -1.9997400317
        0.0298685651       -1.9997672850
        0.0276701452       -1.9997988597
        0.0252359412       -1.9998321629
        0.0225737277       -1.9998659083
        0.0196590887       -1.9998989902
        0.0164533141       -1.9999301371
        0.0128955741       -1.9999578490
        0.0088809075       -1.9999802812
        0.0042794972       -1.9999947019
        0.0000147482       -1.9999978708
       -0.0041346049       -1.9999921982
       -0.0079297837       -1.9999799374
       -0.0114334363       -1.9999628789
       -0.0147221089       -1.9999419051
       -0.0178449677       -1.9999174328
       -0.0208357954       -1.9998896168
       -0.0237262203       -1.9998583966
       -0.0265498659       -1.9998235417
       -0.0292057632       -1.9997867362
       -0.0310296759       -1.9997592691
       -0.0325070287       -1.9997357983
       -0.0336125666       -1.9997175250
       -0.0343942840       -1.9997041177
       -0.0348769204       -1.9996953327
       -0.0350546310       -1.9996912858
       -0.0348895416       -1.9996925702
       -0.0342969492       -1.9997005501
       -0.0331291035       -1.9997176435
       -0.0315957973       -1.9997407335
       -0.0296694599       -1.9997697068
       -0.0274849691       -1.9998016623
       -0.0250621312       -1.9998352038
       -0.0223806356       -1.9998692812
       -0.0194056012       -1.9999027205
       -0.0160832001       -1.9999341494
       -0.0123215482       -1.9999619417
       -0.0079760072       -1.9999838548
       -0.0032219665       -1.9999959152
        0.0007370328       -1.9999971057
        0.0045838914       -1.9999910670
        0.0082012382       -1.9999792105
        0.0116243187       -1.9999625672
        0.0148974713       -1.9999416439
        0.0180555940       -1.9999166193
        0.0211319911       -1.9998874192
        0.0241677273       -1.9998536961
        0.0271504505       -1.9998156898
        0.0293529391       -1.9997845816
        0.0311947591       -1.9997566883
        0.0326221301       -1.9997339311
        0.0337019935       -1.9997159668
        0.0344769312       -1.9997024377
        0.0349547325       -1.9996933500
        0.0351119384       -1.9996891527
        0.0348854939       -1.9996909621
        0.0341486047       -1.9997010257
        0.0328178855       -1.9997210465
        0.0312661938       -1.9997450646
        0.0293693995       -1.9997742158
        0.0271973318       -1.9998064117
        0.0247520234       -1.9998403550
        0.0220074437       -1.9998748731
        0.0189163779       -1.9999086880
        0.0153970061       -1.9999403469
        0.0113099445       -1.9999679894
        0.0066609955       -1.9999880235
        0.0026542591       -1.9999961878
       -0.0012799238       -1.9999965584
       -0.0049926175       -1.9999902978
       -0.0085209803       -1.9999785276
       -0.0119146754       -1.9999618077
       -0.0152116852       -1.9999403212
       -0.0184469114       -1.9999139721
       -0.0216646423       -1.9998823513
       -0.0248988985       -1.9998449851
       -0.0274798414       -1.9998111945
       -0.0296878281       -1.9997796117
       -0.0314305807       -1.9997530059
       -0.0327965185       -1.9997310577
       -0.0338478843       -1.9997133040
       -0.0346056361       -1.9996996604
       -0.0350582448       -1.9996904678
       -0.0351589579       -1.9996866572
       -0.0348045588       -1.9996902033
       -0.0338634091       -1.9997038111
       -0.0326108201       -1.9997234162
       -0.0309845345       -1.9997493214
       -0.0290641982       -1.9997793776
       -0.0268603947       -1.9998122481
       -0.0243522765       -1.9998468109
       -0.0214978876       -1.9998818873
       -0.0182238337       -1.9999161800
       -0.0144009349       -1.9999481408
       -0.0099392875       -1.9999748551
       -0.0059227643       -1.9999897785
       -0.0019364973       -1.9999966311
        0.0018380406       -1.9999961925
        0.0054397105       -1.9999896538
        0.0089236841       -1.9999776204
        0.0123310812       -1.9999602686
        0.0156982907       -1.9999374696
        0.0190712693       -1.9999087633
        0.0225064419       -1.9998733401
        0.0254575162       -1.9998379550
        0.0278194926       -1.9998064543
        0.0298601154       -1.9997770489
        0.0315315897       -1.9997514235
        0.0328806245       -1.9997295663
        0.0339370242       -1.9997114035
        0.0347017262       -1.9996971678
        0.0351449100       -1.9996875769
        0.0351910077       -1.9996842077
        0.0346996184       -1.9996900035
        0.0337933447       -1.9997038412
        0.0324763565       -1.9997252302
        0.0308416020       -1.9997519644
        0.0289129237       -1.9997826089
        0.0266770403       -1.9998160757
        0.0240991048       -1.9998512836
        0.0211166358       -1.9998870833
        0.0176175416       -1.9999222082
        0.0134553869       -1.9999546218
        0.0094383714       -1.9999768543
        0.0053997969       -1.9999908878
        0.0015738270       -1.9999969363
       -0.0020822596       -1.9999963417
       -0.0056335565       -1.9999898159
       -0.0091263347       -1.9999775544
       -0.0125986024       -1.9999594113
       -0.0160959950       -1.9999349069
       -0.0196851572       -1.9999030945
       -0.0232949988       -1.9998643033
       -0.0259466962       -1.9998316009
       -0.0282773555       -1.9998000247
       -0.0302178235       -1.9997717045
       -0.0318242013       -1.9997467172
       -0.0331370091       -1.9997249722
       -0.0341663704       -1.9997066485
       -0.0348930294       -1.9996923559
       -0.0352579976       -1.9996834547
       -0.0351343822       -1.9996827405
       -0.0345367014       -1.9996911938
       -0.0335017457       -1.9997080716
       -0.0321242744       -1.9997312921
       -0.0304388988       -1.9997593309
       -0.0284389610       -1.9997911037
       -0.0260943781       -1.9998255996
       -0.0233481556       -1.9998617888
       -0.0200964934       -1.9998986070
       -0.0161845300       -1.9999344989
       -0.0122456375       -1.9999619609
       -0.0082400796       -1.9999816296
       -0.0044276342       -1.9999930915
       -0.0007667310       -1.9999976677
        0.0028113713       -1.9999960826
        0.0063553362       -1.9999884960
        0.0099047113       -1.9999746972
        0.0135067901       -1.9999541304
        0.0172339620       -1.9999257327
        0.0210745697       -1.9998889148
        0.0239892434       -1.9998559987
        0.0265887951       -1.9998231456
        0.0287807547       -1.9997928872
        0.0306287316       -1.9997654231
        0.0321825591       -1.9997406757
        0.0334600880       -1.9997187958
        0.0344505153       -1.9997003178
        0.0351077324       -1.9996864378
        0.0353210975       -1.9996797337
        0.0350241656       -1.9996827875
        0.0342680099       -1.9996949246
        0.0331436222       -1.9997143029
        0.0316960466       -1.9997393141
        0.0299256302       -1.9997688616
        0.0278068809       -1.9998019922
        0.0252872100       -1.9998377854
        0.0222688416       -1.9998753591
        0.0185961975       -1.9999135409
        0.0147778266       -1.9999450701
        0.0108508819       -1.9999695037
        0.0070892400       -1.9999858043
        0.0034547152       -1.9999951927
       -0.0001223638       -1.9999983644
       -0.0036918848       -1.9999954213
       -0.0072948003       -1.9999860729
       -0.0109805958       -1.9999696715
       -0.0148271335       -1.9999450363
       -0.0188590082       -1.9999109995
       -0.0220020294       -1.9998787913
       -0.0248407826       -1.9998455668
       -0.0272614170       -1.9998141489
       -0.0293323870       -1.9997848798
       -0.0311105870       -1.9997577251
       -0.0326198640       -1.9997328312
       -0.0338560018       -1.9997106841
       -0.0347828173       -1.9996923592
       -0.0353039069       -1.9996802407
       -0.0352937255       -1.9996781049
       -0.0348084778       -1.9996854779
       -0.0339302969       -1.9997008574
       -0.0327132941       -1.9997225792
       -0.0311647516       -1.9997495295
       -0.0292635213       -1.9997808052
       -0.0269605301       -1.9998155886
       -0.0241620775       -1.9998531694
       -0.0207140126       -1.9998926956
       -0.0167360874       -1.9999297366
       -0.0131969826       -1.9999556478
       -0.0095935771       -1.9999756787
       -0.0060296775       -1.9999894133
       -0.0024818036       -1.9999971198
        0.0010890969       -1.9999987619
        0.0047229086       -1.9999939528
        0.0084712101       -1.9999819475
        0.0124174197       -1.9999614498
        0.0166119089       -1.9999308722
        0.0199556529       -1.9999001798
        0.0230101482       -1.9998673953
        0.0256419602       -1.9998355291
        0.0279223290       -1.9998050754
        0.0299135007       -1.9997760614
        0.0316441338       -1.9997486424
        0.0331155167       -1.9997232675
        0.0342998974       -1.9997009088
        0.0351136539       -1.9996837666
        0.0353828674       -1.9996765931
        0.0351653564       -1.9996791633
        0.0345312929       -1.9996903842
        0.0335430137       -1.9997085632
        0.0322148142       -1.9997325695
        0.0305299710       -1.9997615453
        0.0284427888       -1.9997947712
        0.0258631411       -1.9998317008
        0.0226391357       -1.9998717764
        0.0188626519       -1.9999109118
        0.0154591092       -1.9999396466
        0.0119624758       -1.9999631808
        0.0084752727       -1.9999808324
        0.0049754541       -1.9999927384
        0.0014241309       -1.9999987679
       -0.0022199081       -1.9999984413
       -0.0060113053       -1.9999909151
       -0.0100398462       -1.9999747791
       -0.0143732872       -1.9999481326
       -0.0178847646       -1.9999196685
       -0.0211260583       -1.9998880941
       -0.0239478959       -1.9998564788
       -0.0264217612       -1.9998254632
       -0.0286130354       -1.9997951494
       -0.0305538064       -1.9997657113
       -0.0322498075       -1.9997375694
       -0.0336804462       -1.9997116052
       -0.0347729591       -1.9996898574
       -0.0353100478       -1.9996779390
       -0.0353534040       -1.9996758093
       -0.0349589953       -1.9996828280
       -0.0341959412       -1.9996973125
       -0.0330852083       -1.9997181240
       -0.0316143988       -1.9997444488
       -0.0297410042       -1.9997756616
       -0.0273779869       -1.9998113744
       -0.0243760595       -1.9998513000
       -0.0208126801       -1.9998916328
       -0.0175623668       -1.9999224401
       -0.0141926289       -1.9999488199
       -0.0108021348       -1.9999698670
       -0.0073702196       -1.9999855851
       -0.0038583118       -1.9999957473
       -0.0002237379       -1.9999997851
        0.0035917005       -1.9999967635
        0.0076848889       -1.9999851682
        0.0121355653       -1.9999628506
        0.0157845315       -1.9999372161
        0.0191856685       -1.9999075361
        0.0221777109       -1.9998768228
        0.0248302885       -1.9998458444
        0.0272099992       -1.9998147806
        0.0293512112       -1.9997838261
        0.0312633267       -1.9997533739
        0.0329321402       -1.9997242168
        0.0342944235       -1.9996982414
        0.0350895817       -1.9996818845
        0.0353877225       -1.9996751951
        0.0352294624       -1.9996780064
        0.0346894428       -1.9996886820
        0.0337949077       -1.9997060871
        0.0325377251       -1.9997294527
        0.0308785873       -1.9997582437
        0.0287335199       -1.9997922223
        0.0259562752       -1.9998313546
        0.0226163134       -1.9998720880
        0.0195335577       -1.9999042797
        0.0163072590       -1.9999328783
        0.0130308497       -1.9999567992
        0.0096849408       -1.9999759205
        0.0062312957       -1.9999899264
        0.0026256431       -1.9999981710
       -0.0011940980       -1.9999996432
       -0.0053323321       -1.9999927462
       -0.0098773952       -1.9999751320
       -0.0136382210       -1.9999528413
       -0.0171761228       -1.9999256643
       -0.0203208915       -1.9998964621
       -0.0231389195       -1.9998661042
       -0.0256966644       -1.9998348410
       -0.0280299616       -1.9998028830
       -0.0301513835       -1.9997705899
       -0.0320527380       -1.9997386595
       -0.0336797395       -1.9997088182
       -0.0347266015       -1.9996883080
       -0.0352757581       -1.9996772006
       -0.0353519759       -1.9996758113
       -0.0350346134       -1.9996825794
       -0.0343569404       -1.9996963858
       -0.0333151484       -1.9997165065
       -0.0318733701       -1.9997424905
       -0.0299511250       -1.9997742391
       -0.0274058783       -1.9998119548
       -0.0242996709       -1.9998523648
       -0.0213966997       -1.9998853081
       -0.0183279042       -1.9999155314
       -0.0151812146       -1.9999418094
       -0.0119384553       -1.9999639090
       -0.0085616903       -1.9999814402
       -0.0050049944       -1.9999936975
       -0.0012023494       -1.9999996179
        0.0029580582       -1.9999975563
        0.0075716324       -1.9999850103
        0.0114233853       -1.9999665217
        0.0150791544       -1.9999424031
        0.0183615633       -1.9999152956
        0.0213331091       -1.9998861403
        0.0240593790       -1.9998552446
        0.0265772093       -1.9998228245
        0.0289020718       -1.9997891958
        0.0310316889       -1.9997549481
        0.0329208866       -1.9997216227
        0.0342175661       -1.9996972112
        0.0350173726       -1.9996818091
        0.0353288366       -1.9996762238
        0.0352358275       -1.9996789908
        0.0347776859       -1.9996890150
        0.0339551621       -1.9997056163
        0.0327362954       -1.9997284190
        0.0310449465       -1.9997574460
        0.0287432266       -1.9997931182
        0.0258817869       -1.9998325250
        0.0231698833       -1.9998656242
        0.0202712879       -1.9998968997
        0.0172690748       -1.9999250160
        0.0141463516       -1.9999496479
        0.0108654942       -1.9999703499
        0.0073790276       -1.9999863811
        0.0036173085       -1.9999966573
       -0.0005381053       -1.9999995302
       -0.0051902999       -1.9999923952
       -0.0091158370       -1.9999781383
       -0.0128741368       -1.9999576048
       -0.0162809828       -1.9999331671
       -0.0193949166       -1.9999058099
       -0.0222804968       -1.9998758807
       -0.0249753976       -1.9998435871
       -0.0274978753       -1.9998091878
       -0.0298516024       -1.9997731475
       -0.0320014468       -1.9997367816
       -0.0335511506       -1.9997086919
       -0.0346054149       -1.9996890952
       -0.0351557323       -1.9996793116
       -0.0352909484       -1.9996779862
       -0.0350569310       -1.9996840514
       -0.0344594425       -1.9996968670
       -0.0334710986       -1.9997161208
       -0.0320212883       -1.9997419333
       -0.0299780043       -1.9997749203
       -0.0273735685       -1.9998126620
       -0.0248639901       -1.9998453361
       -0.0221478397       -1.9998770968
       -0.0193046597       -1.9999065190
       -0.0163191094       -1.9999332048
       -0.0131540184       -1.9999566753
       -0.0097606867       -1.9999761810
       -0.0060665830       -1.9999906513
       -0.0019481456       -1.9999984883
        0.0027081635       -1.9999970552
        0.0066928093       -1.9999874450
        0.0105408186       -1.9999710124
        0.0140599792       -1.9999498235
        0.0173052483       -1.9999248839
        0.0203404744       -1.9998965636
        0.0232042452       -1.9998650473
        0.0259175605       -1.9998305227
        0.0284900621       -1.9997933135
        0.0308982061       -1.9997544575
        0.0327094824       -1.9997229049
        0.0340266384       -1.9996991989
        0.0348224006       -1.9996852145
        0.0351917698       -1.9996797148
        0.0351880999       -1.9996816575
        0.0348228507       -1.9996904358
        0.0340740311       -1.9997057866
        0.0328779500       -1.9997278984
        0.0311101347       -1.9997575467
        0.0287767697       -1.9997929528
        0.0264813466       -1.9998246167
        0.0239600485       -1.9998562844
        0.0212906441       -1.9998864527
        0.0184598544       -1.9999146685
        0.0154312866       -1.9999404420
        0.0121555869       -1.9999630415
        0.0085584808       -1.9999814463
        0.0045134768       -1.9999941637
       -0.0001072807       -1.9999986227
       -0.0041373209       -1.9999940576
       -0.0080634615       -1.9999822341
       -0.0116828962       -1.9999648777
       -0.0150476410       -1.9999429983
       -0.0182215305       -1.9999169746
       -0.0212443133       -1.9998869546
       -0.0241396893       -1.9998530422
       -0.0269231215       -1.9998154076
       -0.0295843458       -1.9997747625
       -0.0316707227       -1.9997399924
       -0.0332637460       -1.9997122741
       -0.0343142179       -1.9996941077
       -0.0349252023       -1.9996843805
       -0.0351590637       -1.9996820694
       -0.0350338608       -1.9996865927
       -0.0345338599       -1.9996977201
       -0.0336036719       -1.9997156760
       -0.0321284945       -1.9997413449
       -0.0300824689       -1.9997737171
       -0.0280137730       -1.9998037684
       -0.0257001053       -1.9998347406
       -0.0232193748       -1.9998650574
       -0.0205611199       -1.9998942233
       -0.0176902494       -1.9999217565
       -0.0145575373       -1.9999469679
       -0.0110884007       -1.9999689183
       -0.0071560778       -1.9999862698
       -0.0026157680       -1.9999966394
        0.0014452413       -1.9999974742
        0.0054376722       -1.9999907423
        0.0091442387       -1.9999777881
        0.0126147816       -1.9999596165
        0.0159140903       -1.9999366052
        0.0190834300       -1.9999088549
        0.0221491025       -1.9998763762
        0.0251319669       -1.9998391796
        0.0280360546       -1.9997976225
        0.0304144868       -1.9997599687
        0.0321644228       -1.9997306911
        0.0334958506       -1.9997081338
        0.0343971433       -1.9996934057
        0.0349171861       -1.9996859700
        0.0350806433       -1.9996853144
        0.0348818083       -1.9996911993
        0.0342797526       -1.9997037912
        0.0331790755       -1.9997239363
        0.0314948684       -1.9997519055
        0.0296926940       -1.9997795701
        0.0276181133       -1.9998092261
        0.0253608729       -1.9998390943
        0.0229168351       -1.9998686433
        0.0202538248       -1.9998974417
        0.0173254839       -1.9999248884
        0.0140625110       -1.9999501781
        0.0103486953       -1.9999722168
        0.0060152743       -1.9999891227
        0.0018862203       -1.9999967683
       -0.0022193054       -1.9999964539
       -0.0060363343       -1.9999891207
       -0.0096193025       -1.9999758948
       -0.0130427693       -1.9999572095
       -0.0163536722       -1.9999331331
       -0.0195820250       -1.9999035860
       -0.0227533836       -1.9998684242
       -0.0258890912       -1.9998275925
       -0.0288447713       -1.9997839047
       -0.0308859821       -1.9997513313
       -0.0325070446       -1.9997246954
       -0.0336819905       -1.9997055971
       -0.0344677552       -1.9996936050
       -0.0348979924       -1.9996882300
       -0.0349755558       -1.9996892345
       -0.0346706659       -1.9996967501
       -0.0339046131       -1.9997115574
       -0.0325712927       -1.9997345873
       -0.0310353856       -1.9997591860
       -0.0292034669       -1.9997867374
       -0.0271719702       -1.9998153424
       -0.0249431612       -1.9998444188
       -0.0224882204       -1.9998735659
       -0.0197633540       -1.9999022576
       -0.0167029245       -1.9999298084
       -0.0131978801       -1.9999553295
       -0.0090760207       -1.9999773645
       -0.0049387904       -1.9999912032
       -0.0007778290       -1.9999970732
        0.0031036239       -1.9999953447
        0.0067609369       -1.9999871962
        0.0102752831       -1.9999730973
        0.0136974917       -1.9999530753
        0.0170602068       -1.9999269569
        0.0203924494       -1.9998944562
        0.0237259111       -1.9998552360
        0.0269778587       -1.9998107930
        0.0293286810       -1.9997754029
        0.0312584944       -1.9997449444
        0.0327205394       -1.9997216330
        0.0337817320       -1.9997051642
        0.0344865544       -1.9996950694
        0.0348472636       -1.9996911068
        0.0348455092       -1.9996933591
        0.0344204499       -1.9997024865
        0.0334617314       -1.9997197758
        0.0322111265       -1.9997405799
        0.0306378846       -1.9997652989
        0.0288470168       -1.9997919067
        0.0268494619       -1.9998197472
        0.0246209730       -1.9998484443
        0.0221213213       -1.9998775481
        0.0192897224       -1.9999064928
        0.0160261720       -1.9999345882
        0.0121643313       -1.9999608009
        0.0077292772       -1.9999819814
        0.0039120269       -1.9999929066
        0.0000860403       -1.9999971769
       -0.0036053942       -1.9999948287
       -0.0071869476       -1.9999861835
       -0.0106989103       -1.9999712280
       -0.0141735144       -1.9999497092
       -0.0176415547       -1.9999212182
       -0.0211415641       -1.9998851955
       -0.0246592597       -1.9998418344
       -0.0273701320       -1.9998040353
       -0.0296562517       -1.9997698480
       -0.0314377222       -1.9997423541
       -0.0327973331       -1.9997213954
       -0.0337952592       -1.9997065042
       -0.0344554394       -1.9996974223
       -0.0347719547       -1.9996941692
       -0.0347031884       -1.9996972351
       -0.0341526227       -1.9997079144
       -0.0332195635       -1.9997240429
       -0.0319287941       -1.9997451186
       -0.0303982296       -1.9997689467
       -0.0286520111       -1.9997947410
       -0.0266723835       -1.9998221351
       -0.0244240237       -1.9998507500
       -0.0218525761       -1.9998801330
       -0.0188695078       -1.9999097734
       -0.0153235471       -1.9999390176
       -0.0111114666       -1.9999657783
       -0.0073165562       -1.9999828556
       -0.0034682725       -1.9999935274
        0.0002573552       -1.9999973937
        0.0038853900       -1.9999947687
        0.0074610120       -1.9999856252
        0.0110194447       -1.9999696411
        0.0145930311       -1.9999463006
        0.0182233250       -1.9999148875
        0.0219428848       -1.9998747484
        0.0250531839       -1.9998354661
        0.0277341009       -1.9997981032
        0.0298554164       -1.9997668817
        0.0315228243       -1.9997418290
        0.0328179357       -1.9997224625
        0.0337782951       -1.9997085073
        0.0344100455       -1.9996999316
        0.0346887402       -1.9996970697
        0.0345419878       -1.9997009841
        0.0338830699       -1.9997128661
        0.0329563477       -1.9997284511
        0.0317266558       -1.9997483250
        0.0302522520       -1.9997711776
        0.0285363464       -1.9997964058
        0.0265538525       -1.9998236127
        0.0242585554       -1.9998524222
        0.0215737995       -1.9998824665
        0.0183674963       -1.9999133786
        0.0144738270       -1.9999440966
        0.0107278316       -1.9999670227
        0.0068779189       -1.9999840495
        0.0031429343       -1.9999941968
       -0.0005030837       -1.9999977970
       -0.0041122068       -1.9999948432
       -0.0077234784       -1.9999849641
       -0.0113705919       -1.9999675520
       -0.0150957281       -1.9999417754
       -0.0189532891       -1.9999065665
       -0.0227626032       -1.9998637648
       -0.0255462813       -1.9998280689
       -0.0279546092       -1.9997947989
       -0.0299288802       -1.9997663727
       -0.0315261992       -1.9997429844
       -0.0327897617       -1.9997245006
       -0.0337361017       -1.9997108822
       -0.0343557102       -1.9997023398
       -0.0346016360       -1.9996996342
       -0.0343734946       -1.9997043876
       -0.0337808989       -1.9997146800
       -0.0328561992       -1.9997300946
       -0.0316685737       -1.9997492525
       -0.0302345586       -1.9997714531
       -0.0285379836       -1.9997963044
       -0.0265412431       -1.9998234931
       -0.0241803189       -1.9998527585
       -0.0213451157       -1.9998839314
       -0.0178603360       -1.9999167100
       -0.0141849930       -1.9999451517
       -0.0103433412       -1.9999684887
       -0.0066174473       -1.9999849118
       -0.0029800981       -1.9999948253
        0.0006319103       -1.9999983152
        0.0042634661       -1.9999949988
        0.0079499685       -1.9999841994
        0.0117328430       -1.9999650000
        0.0156732773       -1.9999361547
        0.0197416626       -1.9998972329
        0.0228954610       -1.9998612622
        0.0256767652       -1.9998259910
        0.0279860005       -1.9997947142
        0.0298958655       -1.9997678596
        0.0314662279       -1.9997453420
        0.0327261255       -1.9997271173
        0.0336794440       -1.9997133083
        0.0343012943       -1.9997044094
        0.0345144153       -1.9997017812
        0.0342891382       -1.9997059930
        0.0336938598       -1.9997161606
        0.0328073210       -1.9997308968
        0.0316647575       -1.9997493196
        0.0302615098       -1.9997709892
        0.0285693128       -1.9997956214
        0.0265360818       -1.9998230242
        0.0240718529       -1.9998531484
        0.0210216887       -1.9998860964
        0.0172973165       -1.9999203949
        0.0138444544       -1.9999467544
        0.0102525537       -1.9999687284
        0.0066751864       -1.9999849306
        0.0030977820       -1.9999951170
       -0.0005168514       -1.9999988585
       -0.0042031308       -1.9999954345
       -0.0080000582       -1.9999838761
       -0.0119662932       -1.9999628918
       -0.0161598959       -1.9999309549
       -0.0197478770       -1.9998961910
       -0.0229657585       -1.9998598681
       -0.0256443909       -1.9998265232
       -0.0278830378       -1.9997969086
       -0.0297676483       -1.9997709851
       -0.0313430750       -1.9997487164
       -0.0326260345       -1.9997301756
       -0.0336095709       -1.9997156614
       -0.0342493156       -1.9997060601
       -0.0344345469       -1.9997034421
       -0.0342063966       -1.9997074565
       -0.0336541656       -1.9997168265
       -0.0328223527       -1.9997306552
       -0.0317249762       -1.9997483310
       -0.0303469541       -1.9997695174
       -0.0286489161       -1.9997940403
       -0.0265596691       -1.9998219055
       -0.0239533569       -1.9998533886
       -0.0206607309       -1.9998884978
       -0.0173396079       -1.9999191018
       -0.0138207568       -1.9999464702
       -0.0103101261       -1.9999684942
       -0.0067946141       -1.9999849498
       -0.0032301687       -1.9999954783
        0.0004207723       -1.9999993603
        0.0041960637       -1.9999955945
        0.0081493204       -1.9999828796
        0.0123608519       -1.9999594584
        0.0166924821       -1.9999252269
        0.0199968098       -1.9998928423
        0.0229719943       -1.9998596527
        0.0255279072       -1.9998285382
        0.0277224552       -1.9998001736
        0.0296065653       -1.9997747098
        0.0312071556       -1.9997522437
        0.0325307464       -1.9997329690
        0.0335587195       -1.9997174077
        0.0342119980       -1.9997071347
        0.0343763719       -1.9997045232
        0.0341821075       -1.9997078740
        0.0336787907       -1.9997164142
        0.0329004756       -1.9997293559
        0.0318466115       -1.9997462791
        0.0304908051       -1.9997669915
        0.0287791643       -1.9997915041
        0.0266146327       -1.9998201270
        0.0238330971       -1.9998534833
        0.0204286208       -1.9998896805
        0.0172600379       -1.9999190984
        0.0139135910       -1.9999456850
        0.0105075182       -1.9999677538
        0.0070315675       -1.9999846653
        0.0034540806       -1.9999956673
       -0.0002602332       -1.9999997440
       -0.0041590672       -1.9999956032
       -0.0083197416       -1.9999815300
       -0.0127847900       -1.9999556205
       -0.0164819961       -1.9999262817
       -0.0198616703       -1.9998938788
       -0.0227696004       -1.9998622560
       -0.0252837437       -1.9998324533
       -0.0274767029       -1.9998047325
       -0.0293892710       -1.9997792271
       -0.0310398080       -1.9997560875
       -0.0324278856       -1.9997356131
       -0.0335174943       -1.9997186743
       -0.0341278761       -1.9997087315
       -0.0343306746       -1.9997053290
       -0.0341723498       -1.9997080403
       -0.0337172361       -1.9997157620
       -0.0329845481       -1.9997278952
       -0.0319617750       -1.9997441824
       -0.0306100979       -1.9997646060
       -0.0288557377       -1.9997894497
       -0.0265658929       -1.9998194534
       -0.0235925030       -1.9998549238
       -0.0206159034       -1.9998868841
       -0.0174055191       -1.9999174623
       -0.0141242183       -1.9999443345
       -0.0107659554       -1.9999668530
       -0.0072956934       -1.9999843348
       -0.0036776626       -1.9999957943
        0.0001314116       -1.9999999625
        0.0041993720       -1.9999952149
        0.0086227254       -1.9999793540
        0.0127338587       -1.9999551063
        0.0162470969       -1.9999277401
        0.0194744885       -1.9998977667
        0.0223192177       -1.9998679035
        0.0248324187       -1.9998390382
        0.0270629512       -1.9998114959
        0.0290396781       -1.9997854622
        0.0307754599       -1.9997611320
        0.0322644691       -1.9997389098
        0.0334346759       -1.9997203481
        0.0340444813       -1.9997102111
        0.0342939034       -1.9997059597
        0.0342121071       -1.9997073615
        0.0338390579       -1.9997136751
        0.0331821071       -1.9997244863
        0.0322205473       -1.9997396759
        0.0309044916       -1.9997594203
        0.0291399419       -1.9997843291
        0.0267664636       -1.9998155329
        0.0237838774       -1.9998515805
        0.0209339997       -1.9998829470
        0.0178626936       -1.9999132707
        0.0146727863       -1.9999405980
        0.0113567490       -1.9999640251
        0.0078847080       -1.9999825878
        0.0042188680       -1.9999950724
        0.0003035672       -1.9999999718
       -0.0039540728       -1.9999952996
       -0.0085929875       -1.9999786872
       -0.0124497662       -1.9999563340
       -0.0160397688       -1.9999292032
       -0.0192042852       -1.9999007114
       -0.0220109108       -1.9998721250
       -0.0245274547       -1.9998439181
       -0.0267946443       -1.9998163387
       -0.0288348557       -1.9997895652
       -0.0306573475       -1.9997638177
       -0.0322417509       -1.9997397671
       -0.0333199859       -1.9997223842
       -0.0339920847       -1.9997111137
       -0.0342723755       -1.9997063288
       -0.0342333598       -1.9997069867
       -0.0339055455       -1.9997124481
       -0.0332842773       -1.9997224797
       -0.0323363214       -1.9997371698
       -0.0309926511       -1.9997570103
       -0.0291253480       -1.9997831176
       -0.0265925491       -1.9998163700
       -0.0239874309       -1.9998482678
       -0.0211071238       -1.9998807746
       -0.0180941133       -1.9999113636
       -0.0149474881       -1.9999391063
       -0.0116365834       -1.9999631200
       -0.0081252056       -1.9999822569
       -0.0043646772       -1.9999950886
       -0.0002751822       -1.9999998104
        0.0042542715       -1.9999939425
        0.0084628811       -1.9999785541
        0.0124343204       -1.9999559549
        0.0159148731       -1.9999302757
        0.0189968458       -1.9999033059
        0.0217758922       -1.9998757109
        0.0243075307       -1.9998478240
        0.0266227632       -1.9998198500
        0.0287399915       -1.9997919420
        0.0306644088       -1.9997643677
        0.0323108402       -1.9997389092
        0.0333099332       -1.9997225918
        0.0339571795       -1.9997117045
        0.0342625548       -1.9997064966
        0.0342664377       -1.9997063655
        0.0339803996       -1.9997109596
        0.0333870574       -1.9997202586
        0.0324380665       -1.9997346207
        0.0310383160       -1.9997549807
        0.0290288909       -1.9997829455
        0.0266959085       -1.9998138571
        0.0240242220       -1.9998472123
        0.0212054377       -1.9998797436
        0.0182482612       -1.9999104570
        0.0151199554       -1.9999385821
        0.0117842650       -1.9999630643
        0.0081970849       -1.9999825568
        0.0042899719       -1.9999953980
       -0.0000506639       -1.9999993739
       -0.0047968199       -1.9999917812
       -0.0086900386       -1.9999768776
       -0.0123695506       -1.9999562028
       -0.0156953323       -1.9999324088
       -0.0187197311       -1.9999067550
       -0.0214993703       -1.9998798086
       -0.0240712576       -1.9998518593
       -0.0264600465       -1.9998230591
       -0.0286836756       -1.9997935078
       -0.0307274023       -1.9997637772
       -0.0321842706       -1.9997410178
       -0.0332538468       -1.9997235234
       -0.0339238059       -1.9997122725
       -0.0342636285       -1.9997064556
       -0.0343079170       -1.9997055104
       -0.0340560502       -1.9997092792
       -0.0334773859       -1.9997179839
       -0.0325034829       -1.9997323555
       -0.0310046806       -1.9997539279
       -0.0288666184       -1.9997837770
       -0.0266297826       -1.9998138243
       -0.0240926324       -1.9998461583
       -0.0213659249       -1.9998783622
       -0.0184508382       -1.9999092985
       -0.0153202560       -1.9999379084
       -0.0119358595       -1.9999629204
       -0.0082395927       -1.9999828025
       -0.0041323836       -1.9999956219
        0.0004936961       -1.9999986240
        0.0046420703       -1.9999915877
        0.0086135189       -1.9999768914
        0.0121927618       -1.9999574688
        0.0154472976       -1.9999349925
        0.0184531059       -1.9999102208
        0.0212577667       -1.9998835290
        0.0238919060       -1.9998550965
        0.0263801108       -1.9998249697
        0.0287393226       -1.9997932107
        0.0308446051       -1.9997621206
        0.0322072015       -1.9997406547
        0.0332297769       -1.9997239212
        0.0339070067       -1.9997125542
        0.0342777740       -1.9997061279
        0.0343560854       -1.9997043896
        0.0341269729       -1.9997074334
        0.0335431619       -1.9997158035
        0.0325078129       -1.9997307659
        0.0308673800       -1.9997543474
        0.0289383697       -1.9997816507
        0.0266557416       -1.9998129869
        0.0241646366       -1.9998454505
        0.0214771377       -1.9998778250
        0.0185681727       -1.9999091364
        0.0154024268       -1.9999382157
        0.0119293393       -1.9999636515
        0.0080646623       -1.9999837300
        0.0036759028       -1.9999961053
       -0.0010665547       -1.9999975947
       -0.0049414108       -1.9999902977
       -0.0086542491       -1.9999766550
       -0.0120897208       -1.9999585516
       -0.0152876289       -1.9999370808
       -0.0182942671       -1.9999127718
       -0.0211434819       -1.9998858592
       -0.0238634971       -1.9998563833
       -0.0264831576       -1.9998242329
       -0.0289774139       -1.9997900224
       -0.0307610450       -1.9997634244
       -0.0321819597       -1.9997410513
       -0.0332099769       -1.9997242549
       -0.0339067562       -1.9997125175
       -0.0343065302       -1.9997054267
       -0.0344101730       -1.9997029418
       -0.0341879629       -1.9997054414
       -0.0335700220       -1.9997139220
       -0.0324228469       -1.9997303669
       -0.0306760958       -1.9997557669
       -0.0287919884       -1.9997829641
       -0.0265911006       -1.9998138199
       -0.0241536228       -1.9998461705
       -0.0214798196       -1.9998787751
       -0.0185432787       -1.9999104748
       -0.0153005264       -1.9999399516
       -0.0116792856       -1.9999656607
       -0.0075554992       -1.9999856269
       -0.0028897472       -1.9999966924
        0.0011240521       -1.9999970489
        0.0050154683       -1.9999898943
        0.0086207926       -1.9999770638
        0.0119858102       -1.9999598786
        0.0151668700       -1.9999389918
        0.0182035063       -1.9999146877
        0.0211270172       -1.9998870147
        0.0239710097       -1.9998558027
        0.0267598627       -1.9998208869
        0.0289936772       -1.9997898305
        0.0308387566       -1.9997622087
        0.0322231469       -1.9997403920
        0.0332387608       -1.9997237651
        0.0339451571       -1.9997117207
        0.0343596096       -1.9997040829
        0.0344671016       -1.9997010953
        0.0342178491       -1.9997035434
        0.0335072843       -1.9997131241
        0.0321987352       -1.9997321272
        0.0306291821       -1.9997554832
        0.0287039356       -1.9997839633
        0.0265222445       -1.9998151828
        0.0240943025       -1.9998478445
        0.0213983930       -1.9998808513
        0.0183962963       -1.9999129871
        0.0150252849       -1.9999428553
        0.0111757952       -1.9999687722
        0.0067217842       -1.9999881443
        0.0026051059       -1.9999965108
       -0.0014351295       -1.9999964534
       -0.0051776655       -1.9999895491
       -0.0086755590       -1.9999773664
       -0.0119974369       -1.9999606972
       -0.0151893281       -1.9999398737
       -0.0182854463       -1.9999149490
       -0.0213216137       -1.9998857258
       -0.0243407094       -1.9998517586
       -0.0272318802       -1.9998145971
       -0.0292573790       -1.9997859609
       -0.0309514003       -1.9997604636
       -0.0322789457       -1.9997395003
       -0.0332876591       -1.9997228663
       -0.0340047844       -1.9997103747
       -0.0344279690       -1.9997021674
       -0.0345239643       -1.9996988518
       -0.0342145372       -1.9997018131
       -0.0333587586       -1.9997135901
       -0.0321218132       -1.9997320863
       -0.0304872638       -1.9997571218
       -0.0285721293       -1.9997861349
       -0.0263991466       -1.9998177198
       -0.0239521720       -1.9998508200
       -0.0211978844       -1.9998843136
       -0.0180813899       -1.9999169358
       -0.0145068257       -1.9999472325
       -0.0103276892       -1.9999731693
       -0.0061533562       -1.9999894126
       -0.0020022423       -1.9999966728
        0.0018403159       -1.9999960119
        0.0054341357       -1.9999892482
        0.0088614752       -1.9999773258
        0.0121753593       -1.9999606186
        0.0154129408       -1.9999391722
        0.0186115596       -1.9999127596
        0.0218211892       -1.9998808183
        0.0250249191       -1.9998434320
        0.0274056312       -1.9998121839
        0.0294472868       -1.9997831540
        0.0310863532       -1.9997583890
        0.0323861636       -1.9997377260
        0.0333897537       -1.9997209042
        0.0341071535       -1.9997079756
        0.0345183796       -1.9996994132
        0.0345653213       -1.9996963558
        0.0341270834       -1.9997011330
        0.0332274125       -1.9997141574
        0.0318892183       -1.9997349799
        0.0302410458       -1.9997609882
        0.0283202391       -1.9997906154
        0.0261173406       -1.9998228084
        0.0236035835       -1.9998565199
        0.0207298777       -1.9998905988
        0.0174101994       -1.9999237737
        0.0135003854       -1.9999544200
        0.0090564083       -1.9999787646
        0.0052194688       -1.9999914532
        0.0014198285       -1.9999969316
       -0.0022122023       -1.9999958722
       -0.0057081780       -1.9999891316
       -0.0091125714       -1.9999771003
       -0.0124622308       -1.9999598103
       -0.0157950924       -1.9999370000
       -0.0191639812       -1.9999080420
       -0.0226066997       -1.9998722299
       -0.0253429195       -1.9998393726
       -0.0277347300       -1.9998076061
       -0.0296811829       -1.9997797178
       -0.0312633606       -1.9997556258
       -0.0325417172       -1.9997350095
       -0.0335384052       -1.9997178491
       -0.0342447748       -1.9997045131
       -0.0346185899       -1.9996959454
       -0.0345622985       -1.9996941664
       -0.0339446299       -1.9997021696
       -0.0329767363       -1.9997171851
       -0.0316335126       -1.9997389731
       -0.0299814660       -1.9997656862
       -0.0280321261       -1.9997960477
       -0.0257666030       -1.9998289930
       -0.0231427262       -1.9998634544
       -0.0200836964       -1.9998983169
       -0.0164543084       -1.9999322915
       -0.0122033823       -1.9999624028
       -0.0084019551       -1.9999811305
       -0.0045963789       -1.9999926815
       -0.0009418194       -1.9999973302
        0.0025934415       -1.9999959401
        0.0060574697       -1.9999889110
        0.0094893232       -1.9999762461
        0.0129279905       -1.9999576374
        0.0164277345       -1.9999324022
        0.0200543098       -1.9998994524
        0.0231335289       -1.9998661282
        0.0258677821       -1.9998325840
        0.0281107753       -1.9998023748
        0.0299622887       -1.9997755527
        0.0315011359       -1.9997517622
        0.0327610895       -1.9997309342
        0.0337431555       -1.9997133618
        0.0344175319       -1.9996998423
        0.0347067740       -1.9996921159
        0.0344690704       -1.9996934465
        0.0338060463       -1.9997032872
        0.0327450437       -1.9997207351
        0.0313553813       -1.9997440436
        0.0296573159       -1.9997719008
        0.0276380895       -1.9998032742
        0.0252609778       -1.9998371825
        0.0224565877       -1.9998726517
        0.0190993192       -1.9999086627
        0.0150828590       -1.9999429805
        0.0113569985       -1.9999669289
        0.0075856375       -1.9999840286
        0.0039449131       -1.9999940852
        0.0004038259       -1.9999979302
       -0.0030884779       -1.9999959539
       -0.0065730024       -1.9999881174
       -0.0100899566       -1.9999740521
       -0.0136950159       -1.9999530113
       -0.0174683479       -1.9999237073
       -0.0208577832       -1.9998911229
       -0.0236458303       -1.9998600340
       -0.0261425834       -1.9998290110
       -0.0282752620       -1.9998001017
       -0.0300931486       -1.9997735354
       -0.0316340660       -1.9997493294
       -0.0329086594       -1.9997277129
       -0.0339004974       -1.9997093107
       -0.0345550668       -1.9996954936
       -0.0347458812       -1.9996892358
       -0.0344393947       -1.9996926548
       -0.0337043544       -1.9997045404
       -0.0326140740       -1.9997233091
       -0.0312027549       -1.9997475529
       -0.0294669712       -1.9997762409
       -0.0273780275       -1.9998084623
       -0.0248773644       -1.9998433625
       -0.0218557760       -1.9998801514
       -0.0181675563       -1.9999174728
       -0.0145331215       -1.9999467434
       -0.0108031596       -1.9999696798
       -0.0071921798       -1.9999854521
       -0.0036690521       -1.9999949261
       -0.0001769446       -1.9999985465
        0.0033284841       -1.9999962688
        0.0068883462       -1.9999876923
        0.0105573010       -1.9999720489
        0.0144218543       -1.9999479934
        0.0184318557       -1.9999149044
        0.0214692406       -1.9998845116
        0.0242240426       -1.9998530990
        0.0266024721       -1.9998230192
        0.0286600253       -1.9997946245
        0.0304427783       -1.9997679546
        0.0319686548       -1.9997432095
        0.0332297374       -1.9997209247
        0.0341852783       -1.9997022693
        0.0347265351       -1.9996899226
        0.0347325647       -1.9996877091
        0.0342903115       -1.9996944506
        0.0334679702       -1.9997088633
        0.0323102975       -1.9997294813
        0.0308216534       -1.9997552657
        0.0289790001       -1.9997853625
        0.0267297690       -1.9998190236
        0.0239731848       -1.9998556420
        0.0205585187       -1.9998943282
        0.0170705998       -1.9999268898
        0.0134464503       -1.9999539541
        0.0099146623       -1.9999741388
        0.0064471278       -1.9999882105
        0.0029859572       -1.9999965826
       -0.0005145311       -1.9999991587
       -0.0040968395       -1.9999954695
       -0.0078174377       -1.9999846756
       -0.0117681555       -1.9999653500
       -0.0159533197       -1.9999361431
       -0.0192113782       -1.9999073804
       -0.0222013276       -1.9998764846
       -0.0248073673       -1.9998460385
       -0.0270893465       -1.9998165328
       -0.0291002222       -1.9997880496
       -0.0308640012       -1.9997607758
       -0.0323798078       -1.9997351775
       -0.0336181873       -1.9997122560
       -0.0344881020       -1.9996943833
       -0.0348007958       -1.9996866758
       -0.0346491394       -1.9996882055
       -0.0340921495       -1.9996980790
       -0.0331848749       -1.9997147866
       -0.0319397975       -1.9997372733
       -0.0303395465       -1.9997647321
       -0.0283370267       -1.9997965104
       -0.0258387604       -1.9998321635
       -0.0226948839       -1.9998711805
       -0.0193825694       -1.9999059446
       -0.0158964881       -1.9999362128
       -0.0124725343       -1.9999600997
       -0.0090867567       -1.9999782344
       -0.0056816928       -1.9999909794
       -0.0022109326       -1.9999981812
        0.0013694222       -1.9999993028
        0.0051180740       -1.9999934366
        0.0091319265       -1.9999790872
        0.0134526181       -1.9999544332
        0.0169005626       -1.9999281214
        0.0200990259       -1.9998986019
        0.0229119103       -1.9998685778
        0.0254015610       -1.9998386780
        0.0276261808       -1.9998090403
        0.0296146209       -1.9997798501
        0.0313717985       -1.9997515166
        0.0328776724       -1.9997248979
        0.0340571753       -1.9997020779
        0.0346680684       -1.9996891488
        0.0348026405       -1.9996855330
        0.0345073273       -1.9996907981
        0.0338467432       -1.9997034178
        0.0328415703       -1.9997223201
        0.0314800832       -1.9997467382
        0.0297203171       -1.9997761061
        0.0274752804       -1.9998101248
        0.0245986085       -1.9998485998
        0.0214852840       -1.9998845348
        0.0181644162       -1.9999170765
        0.0148730205       -1.9999439166
        0.0115920801       -1.9999655199
        0.0082658573       -1.9999821810
        0.0048477718       -1.9999936888
        0.0012925535       -1.9999994458
       -0.0024610647       -1.9999984855
       -0.0065151650       -1.9999892620
       -0.0109378781       -1.9999696426
       -0.0145445316       -1.9999464906
       -0.0179241175       -1.9999191334
       -0.0209226857       -1.9998902800
       -0.0236032618       -1.9998606856
       -0.0260276615       -1.9998305491
       -0.0282284537       -1.9998000586
       -0.0302153702       -1.9997695722
       -0.0319764907       -1.9997398165
       -0.0334510901       -1.9997126042
       -0.0343521965       -1.9996947842
       -0.0347687624       -1.9996861606
       -0.0347320902       -1.9996868133
       -0.0343155552       -1.9996952298
       -0.0335480169       -1.9997103261
       -0.0324234236       -1.9997313716
       -0.0309048406       -1.9997578782
       -0.0289114524       -1.9997896760
       -0.0263017628       -1.9998268427
       -0.0231460119       -1.9998660303
       -0.0202189817       -1.9998974875
       -0.0171407841       -1.9999259521
       -0.0139994523       -1.9999503177
       -0.0107764776       -1.9999704094
       -0.0074343729       -1.9999858809
       -0.0039285689       -1.9999960739
       -0.0001957082       -1.9999999823
        0.0038709069       -1.9999960415
        0.0083618435       -1.9999819175
        0.0121030302       -1.9999625695
        0.0156427755       -1.9999381006
        0.0188101742       -1.9999111358
        0.0216679658       -1.9998825403
        0.0242807322       -1.9998525717
        0.0266841344       -1.9998214181
        0.0288921606       -1.9997893835
        0.0309003545       -1.9997570614
        0.0326620816       -1.9997259795
        0.0338534289       -1.9997035211
        0.0345540347       -1.9996899719
        0.0347778621       -1.9996859750
        0.0346071665       -1.9996900539
        0.0340794505       -1.9997011141
        0.0331947127       -1.9997184556
        0.0319214341       -1.9997416562
        0.0301855391       -1.9997706538
        0.0278518152       -1.9998057614
        0.0249550632       -1.9998442996
        0.0222220354       -1.9998763375
        0.0193129654       -1.9999063065
        0.0163155539       -1.9999329292
        0.0132131226       -1.9999559444
        0.0099685058       -1.9999749622
        0.0065360908       -1.9999892966
        0.0028503524       -1.9999979297
       -0.0011993116       -1.9999993166
       -0.0057231680       -1.9999910245
       -0.0095751317       -1.9999760474
       -0.0132542710       -1.9999551394
       -0.0165732426       -1.9999307574
       -0.0195937971       -1.9999038563
       -0.0223826728       -1.9998747450
       -0.0249781355       -1.9998436052
       -0.0273979610       -1.9998106807
       -0.0296445978       -1.9997764282
       -0.0316854098       -1.9997420748
       -0.0331688225       -1.9997152806
       -0.0341569332       -1.9996969380
       -0.0346439672       -1.9996883057
       -0.0347214515       -1.9996879646
       -0.0344361561       -1.9996948112
       -0.0337945688       -1.9997081706
       -0.0327710228       -1.9997276745
       -0.0312988465       -1.9997533444
       -0.0292506194       -1.9997856860
       -0.0266271139       -1.9998227410
       -0.0241022405       -1.9998546389
       -0.0213778529       -1.9998854206
       -0.0185416280       -1.9999136631
       -0.0155790811       -1.9999390320
       -0.0124536601       -1.9999611107
       -0.0091190456       -1.9999792082
       -0.0055081118       -1.9999923239
       -0.0015075766       -1.9999989755
        0.0030107513       -1.9999967358
        0.0069513187       -1.9999866290
        0.0107505541       -1.9999699042
        0.0142041601       -1.9999487744
        0.0173725920       -1.9999242637
        0.0203245412       -1.9998967224
        0.0231006050       -1.9998663168
        0.0257219788       -1.9998332228
        0.0281975025       -1.9997977548
        0.0305085868       -1.9997608231
        0.0322893250       -1.9997300318
        0.0335713233       -1.9997070600
        0.0343260120       -1.9996938449
        0.0346551084       -1.9996890443
        0.0346156292       -1.9996915455
        0.0342211286       -1.9997006929
        0.0334522937       -1.9997161591
        0.0322506049       -1.9997380228
        0.0304981393       -1.9997669332
        0.0281627052       -1.9998016938
        0.0258593337       -1.9998327465
        0.0233340598       -1.9998636475
        0.0206752501       -1.9998928487
        0.0178711387       -1.9999199545
        0.0148861857       -1.9999445388
        0.0116738508       -1.9999659280
        0.0081662109       -1.9999831684
        0.0042489027       -1.9999948825
       -0.0002221721       -1.9999987569
       -0.0042296369       -1.9999939421
       -0.0081301959       -1.9999819643
       -0.0117010338       -1.9999647206
       -0.0150012883       -1.9999432854
       -0.0181017492       -1.9999180406
       -0.0210452440       -1.9998891273
       -0.0238560667       -1.9998566451
       -0.0265488780       -1.9998207623
       -0.0291189240       -1.9997820642
       -0.0312047468       -1.9997476862
       -0.0326744146       -1.9997223090
       -0.0337241714       -1.9997041881
       -0.0343518726       -1.9996940955
       -0.0346049176       -1.9996913390
       -0.0345044985       -1.9996953139
       -0.0340414511       -1.9997056912
       -0.0331713978       -1.9997225205
       -0.0317953899       -1.9997464618
       -0.0298230665       -1.9997775654
       -0.0277768188       -1.9998070836
       -0.0254781838       -1.9998375674
       -0.0230287105       -1.9998672129
       -0.0204222623       -1.9998955844
       -0.0176252363       -1.9999222985
       -0.0145929254       -1.9999467530
       -0.0112612540       -1.9999681018
       -0.0075242273       -1.9999851683
       -0.0032208812       -1.9999960191
        0.0008958430       -1.9999979201
        0.0049487032       -1.9999919768
        0.0086630540       -1.9999797902
        0.0121044744       -1.9999626060
        0.0153552306       -1.9999408810
        0.0184647823       -1.9999147379
        0.0214619355       -1.9998841955
        0.0243670543       -1.9998492692
        0.0271918680       -1.9998101553
        0.0298107228       -1.9997695952
        0.0315818335       -1.9997403071
        0.0329291936       -1.9997176363
        0.0338369797       -1.9997028490
        0.0343611931       -1.9996953394
        0.0345322078       -1.9996945194
        0.0343493700       -1.9997000684
        0.0337791055       -1.9997120238
        0.0327383903       -1.9997310252
        0.0311172097       -1.9997577733
        0.0293316282       -1.9997849008
        0.0272676853       -1.9998140250
        0.0250341133       -1.9998431761
        0.0226305733       -1.9998718606
        0.0200260344       -1.9998997190
        0.0171774727       -1.9999262108
        0.0140232267       -1.9999505879
        0.0104624286       -1.9999718462
        0.0063320720       -1.9999883935
        0.0021738644       -1.9999966161
       -0.0016228476       -1.9999970149
       -0.0053620763       -1.9999908755
       -0.0089064576       -1.9999789654
       -0.0122860224       -1.9999618216
       -0.0155426582       -1.9999395921
       -0.0187066814       -1.9999122364
       -0.0218023198       -1.9998796401
       -0.0248527382       -1.9998417014
       -0.0278114791       -1.9997995512
       -0.0299772966       -1.9997658207
       -0.0317079881       -1.9997377432
       -0.0329600518       -1.9997174544
       -0.0338072355       -1.9997044152
       -0.0342965580       -1.9996979964
       -0.0344405051       -1.9996978406
       -0.0342205718       -1.9997039088
       -0.0335770141       -1.9997166826
       -0.0323964183       -1.9997372769
       -0.0309174458       -1.9997610017
       -0.0291201285       -1.9997879584
       -0.0271347173       -1.9998158250
       -0.0249719236       -1.9998440204
       -0.0226046956       -1.9998722403
       -0.0199935128       -1.9999000388
       -0.0170827026       -1.9999267954
       -0.0137835741       -1.9999517093
       -0.0099456420       -1.9999736265
       -0.0055110767       -1.9999899111
       -0.0016776446       -1.9999965291
        0.0021356821       -1.9999964043
        0.0057657729       -1.9999899933
        0.0092437880       -1.9999778402
        0.0126161416       -1.9999600770
        0.0159164889       -1.9999365926
        0.0191721924       -1.9999071534
        0.0224130947       -1.9998714470
        0.0256387787       -1.9998296676
        0.0281807324       -1.9997927975
        0.0302801893       -1.9997603637
        0.0318587170       -1.9997354432
        0.0330083607       -1.9997176069
        0.0337932013       -1.9997062005
        0.0342376574       -1.9997008479
        0.0343351181       -1.9997014662
        0.0340434535       -1.9997084155
        0.0332661261       -1.9997227974
        0.0320985806       -1.9997423506
        0.0305748929       -1.9997662705
        0.0288396560       -1.9997919991
        0.0269163289       -1.9998188179
        0.0247830714       -1.9998464375
        0.0224038463       -1.9998744819
        0.0197274316       -1.9999024369
        0.0166732328       -1.9999296658
        0.0131036541       -1.9999553311
        0.0088824247       -1.9999775278
        0.0050418813       -1.9999904374
        0.0011774758       -1.9999966311
       -0.0025135894       -1.9999961426
       -0.0060636515       -1.9999895336
       -0.0095248163       -1.9999769357
       -0.0129343826       -1.9999581750
       -0.0163222279       -1.9999329094
       -0.0197221790       -1.9999006600
       -0.0231633751       -1.9998610140
       -0.0260999601       -1.9998220090
       -0.0284028619       -1.9997886584
       -0.0303164384       -1.9997597061
       -0.0318049712       -1.9997369587
       -0.0329204963       -1.9997202786
       -0.0336971338       -1.9997093605
       -0.0341414936       -1.9997040760
       -0.0342306199       -1.9997046251
       -0.0338964979       -1.9997118480
       -0.0330414306       -1.9997269119
       -0.0319345038       -1.9997450303
       -0.0305257784       -1.9997670014
       -0.0288918557       -1.9997912654
       -0.0270386976       -1.9998172119
       -0.0249421716       -1.9998444441
       -0.0225600174       -1.9998725336
       -0.0198249602       -1.9999009934
       -0.0166230185       -1.9999292688
       -0.0127809812       -1.9999563698
       -0.0089240647       -1.9999765256
       -0.0049829900       -1.9999901386
       -0.0012273908       -1.9999965846
        0.0023808180       -1.9999965862
        0.0059081762       -1.9999903811
        0.0093995875       -1.9999777831
        0.0128878636       -1.9999583723
        0.0164079238       -1.9999315560
        0.0200051785       -1.9998965622
        0.0235989965       -1.9998542832
        0.0262640929       -1.9998187862
        0.0285375681       -1.9997863589
        0.0303549158       -1.9997595725
        0.0317819818       -1.9997384506
        0.0328673869       -1.9997227079
        0.0336297762       -1.9997121949
        0.0340605604       -1.9997070146
        0.0341151078       -1.9997077665
        0.0336957738       -1.9997158494
        0.0329228444       -1.9997289861
        0.0318143634       -1.9997469351
        0.0304601333       -1.9997680049
        0.0288796792       -1.9997914742
        0.0270566604       -1.9998169582
        0.0249556566       -1.9998441002
        0.0225190789       -1.9998725284
        0.0196502934       -1.9999018806
        0.0161870078       -1.9999316865
        0.0121141943       -1.9999594002
        0.0085033203       -1.9999777000
        0.0048235825       -1.9999903887
        0.0012168129       -1.9999968419
       -0.0023363397       -1.9999970887
       -0.0058734431       -1.9999908979
       -0.0094271394       -1.9999777809
       -0.0130321974       -1.9999570497
       -0.0167375832       -1.9999277727
       -0.0205614146       -1.9998892868
       -0.0236441507       -1.9998526660
       -0.0263321110       -1.9998173288
       -0.0285110165       -1.9997869492
       -0.0302684714       -1.9997617662
       -0.0316743281       -1.9997415047
       -0.0327616681       -1.9997259990
       -0.0335357774       -1.9997152752
       -0.0339731170       -1.9997097081
       -0.0340024064       -1.9997104176
       -0.0336038175       -1.9997176055
       -0.0328241312       -1.9997306253
       -0.0317671322       -1.9997476795
       -0.0304728835       -1.9997678314
       -0.0289358160       -1.9997906572
       -0.0271284292       -1.9998158435
       -0.0250028907       -1.9998431035
       -0.0224789885       -1.9998722110
       -0.0194179104       -1.9999030184
       -0.0156766673       -1.9999344967
       -0.0121373805       -1.9999584559
       -0.0084768406       -1.9999774762
       -0.0048811548       -1.9999903713
       -0.0013308734       -1.9999971856
        0.0022179093       -1.9999977130
        0.0058010709       -1.9999914251
        0.0094534806       -1.9999775593
        0.0132229311       -1.9999550999
        0.0171687963       -1.9999227719
        0.0207001399       -1.9998866375
        0.0235891097       -1.9998526154
        0.0261249721       -1.9998200369
        0.0282423832       -1.9997913602
        0.0299961146       -1.9997669150
        0.0314298069       -1.9997466538
        0.0325623441       -1.9997305728
        0.0333890304       -1.9997188657
        0.0338718894       -1.9997122075
        0.0339154830       -1.9997122357
        0.0335617214       -1.9997183752
        0.0328751997       -1.9997297801
        0.0319176274       -1.9997452922
        0.0307095595       -1.9997642145
        0.0292391714       -1.9997861633
        0.0274722921       -1.9998108767
        0.0253482199       -1.9998381951
        0.0227612616       -1.9998681237
        0.0195408583       -1.9999006829
        0.0160857879       -1.9999303305
        0.0124343963       -1.9999560595
        0.0088592734       -1.9999756938
        0.0053393820       -1.9999894183
        0.0018159268       -1.9999971979
       -0.0017543742       -1.9999985445
       -0.0054072491       -1.9999926689
       -0.0091862777       -1.9999785288
       -0.0131580764       -1.9999547226
       -0.0173112164       -1.9999203516
       -0.0205894653       -1.9998869705
       -0.0235182548       -1.9998531361
       -0.0259855441       -1.9998222176
       -0.0280635062       -1.9997948144
       -0.0298141992       -1.9997709447
       -0.0312697121       -1.9997506107
       -0.0324387490       -1.9997339257
       -0.0333053471       -1.9997212920
       -0.0338062663       -1.9997138940
       -0.0338525867       -1.9997134374
       -0.0335238532       -1.9997190173
       -0.0328889261       -1.9997295543
       -0.0319907791       -1.9997441310
       -0.0308317367       -1.9997622795
       -0.0293887062       -1.9997837387
       -0.0276145532       -1.9998083858
       -0.0254259320       -1.9998362965
       -0.0226772442       -1.9998678141
       -0.0192556378       -1.9999021453
       -0.0160081471       -1.9999301056
       -0.0125913451       -1.9999547740
       -0.0091596954       -1.9999744785
       -0.0057014161       -1.9999888380
       -0.0021804140       -1.9999973332
        0.0014377893       -1.9999991535
        0.0051931722       -1.9999932326
        0.0091468785       -1.9999781776
        0.0133713278       -1.9999522189
        0.0170987031       -1.9999213488
        0.0204834527       -1.9998875430
        0.0233312073       -1.9998554485
        0.0257435771       -1.9998260582
        0.0278118944       -1.9997994644
        0.0295851623       -1.9997756937
        0.0310846268       -1.9997548282
        0.0323107786       -1.9997371016
        0.0332337754       -1.9997231988
        0.0337476845       -1.9997151554
        0.0337969263       -1.9997144200
        0.0335171199       -1.9997191259
        0.0329486280       -1.9997285781
        0.0321124977       -1.9997421526
        0.0310003283       -1.9997595107
        0.0295790199       -1.9997805147
        0.0277852504       -1.9998052472
        0.0255053036       -1.9998341296
        0.0225696761       -1.9998676565
        0.0194870483       -1.9998989154
        0.0161710653       -1.9999282576
        0.0128347157       -1.9999532061
        0.0094691302       -1.9999734012
        0.0060310024       -1.9999884258
        0.0024826473       -1.9999975001
       -0.0012142274       -1.9999995529
       -0.0051140046       -1.9999932163
       -0.0093023619       -1.9999766502
       -0.0137089321       -1.9999487492
       -0.0171606575       -1.9999200271
       -0.0203082230       -1.9998891971
       -0.0230428877       -1.9998592697
       -0.0254244852       -1.9998310867
       -0.0275084039       -1.9998048897
       -0.0293260094       -1.9997808076
       -0.0308899845       -1.9997589995
       -0.0321934935       -1.9997398322
       -0.0331797811       -1.9997245173
       -0.0336576226       -1.9997167514
       -0.0337668789       -1.9997149274
       -0.0335479674       -1.9997186112
       -0.0330462975       -1.9997269586
       -0.0322710096       -1.9997395009
       -0.0312034184       -1.9997560456
       -0.0297980126       -1.9997766390
       -0.0279700638       -1.9998016641
       -0.0255705398       -1.9998319660
       -0.0225222898       -1.9998669132
       -0.0195956135       -1.9998970582
       -0.0164578574       -1.9999256669
       -0.0132353612       -1.9999507846
       -0.0099209106       -1.9999716819
       -0.0064833091       -1.9999875648
       -0.0028873300       -1.9999973770
        0.0009142876       -1.9999997909
        0.0049987373       -1.9999930852
        0.0094432011       -1.9999750595
        0.0132960110       -1.9999509407
        0.0168618273       -1.9999222686
        0.0199527591       -1.9998930202
        0.0226521043       -1.9998644736
        0.0250405799       -1.9998370115
        0.0271644742       -1.9998108209
        0.0290474138       -1.9997860483
        0.0306974639       -1.9997629002
        0.0320978667       -1.9997419385
        0.0331252033       -1.9997256077
        0.0336011156       -1.9997177213
        0.0337474183       -1.9997152535
        0.0335889305       -1.9997179254
        0.0331502463       -1.9997251836
        0.0324283524       -1.9997367371
        0.0313938845       -1.9997525622
        0.0299853827       -1.9997729597
        0.0280889562       -1.9997987351
        0.0255424758       -1.9998308879
        0.0228436654       -1.9998623051
        0.0198721278       -1.9998938347
        0.0168050664       -1.9999228011
        0.0136413400       -1.9999484624
        0.0103461904       -1.9999701275
        0.0068838333       -1.9999868036
        0.0032117207       -1.9999972139
       -0.0007359803       -1.9999997567
       -0.0050628031       -1.9999922681
       -0.0096387712       -1.9999731733
       -0.0132502761       -1.9999506410
       -0.0166044240       -1.9999244021
       -0.0195928681       -1.9998971050
       -0.0222665633       -1.9998697438
       -0.0246763813       -1.9998427142
       -0.0268539728       -1.9998162232
       -0.0288170323       -1.9997904269
       -0.0305700577       -1.9997655779
       -0.0320636965       -1.9997428182
       -0.0329806491       -1.9997280450
       -0.0335332757       -1.9997188560
       -0.0337376429       -1.9997154216
       -0.0336432068       -1.9997169920
       -0.0332666122       -1.9997231135
       -0.0325947632       -1.9997336585
       -0.0315859365       -1.9997488202
       -0.0301577785       -1.9997692509
       -0.0281634375       -1.9997962575
       -0.0255456375       -1.9998295476
       -0.0229688315       -1.9998601022
       -0.0201424553       -1.9998909429
       -0.0171718929       -1.9999199652
       -0.0140528130       -1.9999461908
       -0.0107565841       -1.9999686297
       -0.0072456846       -1.9999860577
       -0.0034644610       -1.9999969760
        0.0006809501       -1.9999994503
        0.0052627736       -1.9999909261
        0.0091976060       -1.9999747603
        0.0129025377       -1.9999527185
        0.0161976744       -1.9999280419
        0.0191507283       -1.9999021383
        0.0218326772       -1.9998755770
        0.0242870250       -1.9998486427
        0.0265397261       -1.9998214988
        0.0286069453       -1.9997942725
        0.0304858179       -1.9997673334
        0.0319030149       -1.9997455045
        0.0328392891       -1.9997303759
        0.0334433769       -1.9997203597
        0.0337245417       -1.9997156421
        0.0337142667       -1.9997157338
        0.0334180281       -1.9997203673
        0.0328137560       -1.9997295884
        0.0318472546       -1.9997438403
        0.0304134549       -1.9997641946
        0.0283554963       -1.9997922115
        0.0260752020       -1.9998218451
        0.0234795888       -1.9998536995
        0.0207270100       -1.9998849513
        0.0178233892       -1.9999145911
        0.0147394759       -1.9999417620
        0.0114400764       -1.9999653594
        0.0078787818       -1.9999840119
        0.0039805741       -1.9999960295
       -0.0003731248       -1.9999991211
       -0.0050358148       -1.9999908943
       -0.0087852298       -1.9999762723
       -0.0123282959       -1.9999564533
       -0.0155518204       -1.9999337056
       -0.0185006479       -1.9999091077
       -0.0212233034       -1.9998831484
       -0.0237527235       -1.9998560652
       -0.0261122884       -1.9998279647
       -0.0283195333       -1.9997989163
       -0.0303403352       -1.9997697700
       -0.0317227145       -1.9997484014
       -0.0327423549       -1.9997319570
       -0.0333904737       -1.9997212483
       -0.0337237645       -1.9997156283
       -0.0337687952       -1.9997146513
       -0.0335203530       -1.9997182287
       -0.0329436660       -1.9997266488
       -0.0319640231       -1.9997407437
       -0.0304433708       -1.9997621769
       -0.0283142254       -1.9997914064
       -0.0261258357       -1.9998203958
       -0.0236505437       -1.9998515493
       -0.0209806270       -1.9998826950
       -0.0181147953       -1.9999126977
       -0.0150261701       -1.9999404650
       -0.0116748840       -1.9999647072
       -0.0079979239       -1.9999838815
       -0.0038873897       -1.9999960167
        0.0007251832       -1.9999982962
        0.0047075105       -1.9999912278
        0.0085196062       -1.9999772416
        0.0119849933       -1.9999588386
        0.0151598027       -1.9999374432
        0.0181079935       -1.9999137139
        0.0208713470       -1.9998879642
        0.0234786480       -1.9998603192
        0.0259549679       -1.9998307700
        0.0283138161       -1.9997993958
        0.0301918678       -1.9997720946
        0.0315606037       -1.9997509570
        0.0326007828       -1.9997342684
        0.0333056001       -1.9997226633
        0.0337109377       -1.9997157696
        0.0338292476       -1.9997133690
        0.0336448799       -1.9997155765
        0.0331100563       -1.9997229581
        0.0321270092       -1.9997368152
        0.0305462465       -1.9997591634
        0.0286979931       -1.9997850495
        0.0265037023       -1.9998149982
        0.0240967178       -1.9998463038
        0.0214885467       -1.9998777640
        0.0186555019       -1.9999083955
        0.0155627703       -1.9999370383
        0.0121590676       -1.9999623075
        0.0083579279       -1.9999825301
        0.0040274172       -1.9999953995
       -0.0002226785       -1.9999980104
       -0.0043541204       -1.9999917318
       -0.0080777646       -1.9999791854
       -0.0114717951       -1.9999623784
       -0.0146292812       -1.9999422379
       -0.0176066508       -1.9999191898
       -0.0204391906       -1.9998934056
       -0.0231560507       -1.9998648716
       -0.0257877870       -1.9998334187
       -0.0282980166       -1.9997997767
       -0.0300787945       -1.9997737957
       -0.0315107257       -1.9997517304
       -0.0325639968       -1.9997348768
       -0.0332953637       -1.9997227959
       -0.0337362987       -1.9997151294
       -0.0338865280       -1.9997118649
       -0.0337157734       -1.9997134028
       -0.0331534264       -1.9997207702
       -0.0320657198       -1.9997359914
       -0.0305530587       -1.9997576864
       -0.0286372031       -1.9997851598
       -0.0264831312       -1.9998152801
       -0.0241173104       -1.9998466860
       -0.0215194335       -1.9998784518
       -0.0186574701       -1.9999095144
       -0.0154858714       -1.9999386011
       -0.0119297764       -1.9999642135
       -0.0078621577       -1.9999844235
       -0.0032787418       -1.9999960527
        0.0006289250       -1.9999972775
        0.0044235170       -1.9999913835
        0.0079564869       -1.9999799831
        0.0112696233       -1.9999642597
        0.0144149632       -1.9999447905
        0.0174301723       -1.9999218023
        0.0203466513       -1.9998952873
        0.0231998809       -1.9998650106
        0.0260128155       -1.9998307824
        0.0282393157       -1.9998006198
        0.0300938270       -1.9997735420
        0.0315060994       -1.9997518103
        0.0325611001       -1.9997349186
        0.0333145695       -1.9997223355
        0.0337824689       -1.9997139191
        0.0339495545       -1.9997099291
        0.0337662148       -1.9997111648
        0.0331280858       -1.9997193491
        0.0319050499       -1.9997367468
        0.0304246262       -1.9997585622
        0.0285939497       -1.9997855408
        0.0265042231       -1.9998154580
        0.0241651981       -1.9998470458
        0.0215559454       -1.9998792211
        0.0186383595       -1.9999107975
        0.0153487097       -1.9999404286
        0.0115752083       -1.9999665019
        0.0072020169       -1.9999864594
        0.0032013746       -1.9999956702
       -0.0007327891       -1.9999969256
       -0.0043959447       -1.9999915730
       -0.0078364253       -1.9999810257
       -0.0111178507       -1.9999659932
       -0.0142840406       -1.9999467477
       -0.0173690123       -1.9999232856
       -0.0204101094       -1.9998953470
       -0.0234526831       -1.9998624148
       -0.0261423689       -1.9998291329
       -0.0282336113       -1.9998006585
       -0.0300018089       -1.9997749165
       -0.0314055725       -1.9997534054
       -0.0324937924       -1.9997359551
       -0.0332961183       -1.9997223768
       -0.0338129281       -1.9997127891
       -0.0340147941       -1.9997077507
       -0.0338298922       -1.9997085559
       -0.0331232285       -1.9997176767
       -0.0320187323       -1.9997338220
       -0.0305132518       -1.9997567067
       -0.0287223297       -1.9997838796
       -0.0266718611       -1.9998139380
       -0.0243481264       -1.9998458473
       -0.0217198299       -1.9998785297
       -0.0187345448       -1.9999107859
       -0.0153003029       -1.9999412630
       -0.0112726279       -1.9999681194
       -0.0071884552       -1.9999860938
       -0.0031098395       -1.9999954318
        0.0006725511       -1.9999969304
        0.0042172285       -1.9999923598
        0.0076068084       -1.9999826442
        0.0108946347       -1.9999681280
        0.0141181755       -1.9999488211
        0.0173153094       -1.9999244593
        0.0205377901       -1.9998944355
        0.0237851873       -1.9998585581
        0.0262420435       -1.9998277690
        0.0283677603       -1.9997987309
        0.0300902033       -1.9997736128
        0.0314750612       -1.9997522955
        0.0325686579       -1.9997345185
        0.0333840775       -1.9997203115
        0.0339051159       -1.9997100992
        0.0340797927       -1.9997049268
        0.0337962230       -1.9997069845
        0.0330432343       -1.9997173465
        0.0318469188       -1.9997356726
        0.0303331860       -1.9997595092
        0.0285440056       -1.9997872749
        0.0264732178       -1.9998179268
        0.0240945328       -1.9998504575
        0.0213616229       -1.9998837785
        0.0181926698       -1.9999167120
        0.0144481529       -1.9999478101
        0.0101490462       -1.9999736383
        0.0064002480       -1.9999881927
        0.0026729245       -1.9999958334
       -0.0008989679       -1.9999970680
       -0.0043463691       -1.9999927050
       -0.0077140044       -1.9999831026
       -0.0110390418       -1.9999682578
       -0.0143597456       -1.9999478749
       -0.0177297634       -1.9999212957
       -0.0211985774       -1.9998876487
       -0.0240222194       -1.9998556465
       -0.0265102701       -1.9998241746
       -0.0285482868       -1.9997961847
       -0.0302212802       -1.9997716548
       -0.0315944402       -1.9997502663
       -0.0326935430       -1.9997319782
       -0.0335137925       -1.9997171111
       -0.0340188341       -1.9997065146
       -0.0341211428       -1.9997020370
       -0.0336839388       -1.9997067811
       -0.0328685631       -1.9997190367
       -0.0316743464       -1.9997382615
       -0.0301678823       -1.9997627089
       -0.0283643628       -1.9997911199
       -0.0262481418       -1.9998224651
       -0.0237805566       -1.9998557343
       -0.0208900107       -1.9998898987
       -0.0174485256       -1.9999238296
       -0.0133762968       -1.9999550023
       -0.0096743041       -1.9999755464
       -0.0059500852       -1.9999892961
       -0.0023661135       -1.9999963244
        0.0011088522       -1.9999974585
        0.0045237560       -1.9999930782
        0.0079182387       -1.9999831594
        0.0113314676       -1.9999673663
        0.0148176389       -1.9999450003
        0.0184496142       -1.9999148963
        0.0216320267       -1.9998829019
        0.0242485836       -1.9998528224
        0.0265762217       -1.9998233012
        0.0285531576       -1.9997961554
        0.0302248287       -1.9997715448
        0.0316243649       -1.9997494686
        0.0327585684       -1.9997301527
        0.0336070308       -1.9997142329
        0.0341095963       -1.9997031168
        0.0341360235       -1.9996997642
        0.0336954659       -1.9997054403
        0.0328415531       -1.9997190938
        0.0316487029       -1.9997390811
        0.0301469478       -1.9997640449
        0.0283303764       -1.9997929670
        0.0261692631       -1.9998249163
        0.0236048800       -1.9998589906
        0.0205286357       -1.9998943161
        0.0167996592       -1.9999294055
        0.0131620738       -1.9999561118
        0.0094488503       -1.9999763495
        0.0058704088       -1.9999895586
        0.0023940069       -1.9999966584
       -0.0010372535       -1.9999981178
       -0.0044671639       -1.9999939286
       -0.0079356516       -1.9999837403
       -0.0114949544       -1.9999668535
       -0.0152262913       -1.9999420354
       -0.0190732328       -1.9999089057
       -0.0219727273       -1.9998790541
       -0.0245894003       -1.9998486427
       -0.0268369454       -1.9998198846
       -0.0287693821       -1.9997930566
       -0.0304303608       -1.9997681610
       -0.0318357037       -1.9997453736
       -0.0329753910       -1.9997252131
       -0.0338061429       -1.9997088326
       -0.0342183960       -1.9996988355
       -0.0341170881       -1.9996984693
       -0.0335766915       -1.9997067272
       -0.0326696443       -1.9997222284
       -0.0314387654       -1.9997435281
       -0.0298869154       -1.9997695961
       -0.0279909543       -1.9997995590
       -0.0256997409       -1.9998326209
       -0.0229160317       -1.9998680915
       -0.0194911268       -1.9999050205
       -0.0159803073       -1.9999358415
       -0.0123472411       -1.9999609207
       -0.0088286225       -1.9999790632
       -0.0053936914       -1.9999911492
       -0.0019821045       -1.9999976615
        0.0014523017       -1.9999985639
        0.0049507992       -1.9999934535
        0.0085664613       -1.9999815770
        0.0123844692       -1.9999616429
        0.0164212307       -1.9999323874
        0.0195785578       -1.9999038381
        0.0224649582       -1.9998735394
        0.0249663123       -1.9998440502
        0.0271440042       -1.9998157923
        0.0290513920       -1.9997887952
        0.0307121912       -1.9997632072
        0.0321249153       -1.9997394581
        0.0332596582       -1.9997184995
        0.0340288535       -1.9997025441
        0.0342642855       -1.9996961817
        0.0340380066       -1.9996988671
        0.0334149455       -1.9997096076
        0.0324512545       -1.9997268703
        0.0311593642       -1.9997495928
        0.0295227482       -1.9997769447
        0.0274969797       -1.9998082214
        0.0249943420       -1.9998428868
        0.0218685469       -1.9998803878
        0.0182271127       -1.9999167541
        0.0149570062       -1.9999433780
        0.0116003744       -1.9999652248
        0.0082530995       -1.9999816928
        0.0048935414       -1.9999929024
        0.0014839306       -1.9999987159
       -0.0020161490       -1.9999986670
       -0.0056605040       -1.9999919485
       -0.0095371134       -1.9999772274
       -0.0137095235       -1.9999527422
       -0.0170965325       -1.9999264845
       -0.0202292232       -1.9998972830
       -0.0229648703       -1.9998679469
       -0.0253709140       -1.9998390581
       -0.0275093490       -1.9998106944
       -0.0294106722       -1.9997829928
       -0.0310804585       -1.9997563150
       -0.0324996134       -1.9997314479
       -0.0336003680       -1.9997102443
       -0.0341678157       -1.9996980911
       -0.0342547865       -1.9996951769
       -0.0339134438       -1.9997010130
       -0.0332133590       -1.9997139935
       -0.0321771988       -1.9997330115
       -0.0307951764       -1.9997572672
       -0.0290290798       -1.9997861353
       -0.0267994606       -1.9998192126
       -0.0239661469       -1.9998562547
       -0.0205675130       -1.9998941639
       -0.0174562342       -1.9999233444
       -0.0142260680       -1.9999485366
       -0.0109790720       -1.9999688477
       -0.0076954347       -1.9999843077
       -0.0043370798       -1.9999947285
       -0.0008625991       -1.9999995935
        0.0027831057       -1.9999980499
        0.0066904928       -1.9999887394
        0.0109543380       -1.9999696346
        0.0145406113       -1.9999465604
        0.0178939428       -1.9999193908
        0.0208431511       -1.9998910690
        0.0234602276       -1.9998623425
        0.0258145979       -1.9998333523
        0.0279425022       -1.9998042350
        0.0298554229       -1.9997752962
        0.0315432754       -1.9997471808
        0.0329556060       -1.9997214170
        0.0334115198       -1.9997125799
