        0.0010000000        0.0174532925
        0.0203549889        0.0174532222
        0.0553727572        0.0174507133
        0.0948334818        0.0174331096
        0.1356847219        0.0173732568
        0.1780113985        0.0172278138
        0.2228482267        0.0169292770
        0.2719007161        0.0163665022
        0.3261847357        0.0153793964
        0.3739284732        0.0141460535
        0.4207643728        0.0125838691
        0.4653249306        0.0107789456
        0.5085679380        0.0087548573
        0.5515666903        0.0065164315
        0.5952742359        0.0040660319
        0.6407266592        0.0014032245
        0.6893709563       -0.0014816867
        0.7432891054       -0.0045968584
        0.7947951648       -0.0073719204
        0.8452836885       -0.0098047778
        0.8918195567       -0.0117359310
        0.9357000056       -0.0132551029
        0.9783950300       -0.0144464596
        1.0210066513       -0.0153655975
        1.0645249439       -0.0160544323
        1.1101563153       -0.0165512858
        1.1596959308       -0.0168961551
        1.2138588468       -0.0171292517
        1.2590710579       -0.0172693301
        1.3034347357       -0.0173936171
        1.3456217113       -0.0175106478
        1.3865729229       -0.0176157703
        1.4273706734       -0.0176899698
        1.4690007374       -0.0176990737
        1.5125455950       -0.0175887157
        1.5594913167       -0.0172708500
        1.6116805763       -0.0165992856
        1.6612973737       -0.0155886034
        1.7099553088       -0.0142098291
        1.7554759175       -0.0125667833
        1.7990318521       -0.0106918729
        1.8419248234       -0.0085901173
        1.8851854118       -0.0062629684
        1.9297999704       -0.0037103164
        1.9770213459       -0.0009246919
        2.0287475202        0.0021134860
        2.0857150634        0.0053010226
        2.1335849145        0.0077489272
        2.1805505947        0.0098774945
        2.2251396170        0.0116106661
        2.2682431247        0.0130053045
        2.3109071257        0.0141180844
        2.3540819261        0.0149936418
        2.3988256800        0.0156719871
        2.4466464906        0.0161950124
        2.4994541607        0.0166088812
        2.5469867499        0.0169021046
        2.5935904806        0.0171638216
        2.6370262632        0.0174053083
        2.6784556648        0.0176326062
        2.7192014245        0.0178360115
        2.7603301787        0.0179902125
        2.8028674364        0.0180520042
        2.8480964358        0.0179516697
        2.8978436214        0.0175715749
        2.9521422038        0.0167538873
        2.9987596089        0.0156696187
        3.0445086322        0.0142451078
        3.0883761596        0.0125514458
        3.1312601382        0.0106119907
        3.1741666849        0.0084331005
        3.2180455960        0.0060162917
        3.2640008145        0.0033567817
        3.3136398748        0.0004361722
        3.3689332444       -0.0027437155
        3.4190868199       -0.0054476148
        3.4682525575       -0.0078455371
        3.5141639367       -0.0098072896
        3.5579296787       -0.0114034424
        3.6008143487       -0.0127042624
        3.6438313293       -0.0137603047
        3.6879632776       -0.0146135762
        3.7344819410       -0.0153066779
        3.7852975904       -0.0158890010
        3.8401188685       -0.0163975319
        3.8848304232       -0.0167742506
        3.9287200747       -0.0171388521
        3.9706605484       -0.0174878726
        4.0115375423       -0.0178167105
        4.0523856230       -0.0181077891
        4.0941927442       -0.0183274022
        4.1380981999       -0.0184200646
        4.1857052740       -0.0182933608
        4.2385895928       -0.0177936442
        4.2867625740       -0.0169498779
        4.3340091962       -0.0157312660
        4.3786418707       -0.0142215461
        4.4217216759       -0.0124526577
        4.4644260069       -0.0104326627
        4.5077491764       -0.0081635632
        4.5527165991       -0.0056423808
        4.6007059846       -0.0028544810
        4.6537537807        0.0002255979
        4.7108869774        0.0033980057
        4.7580043742        0.0058059900
        4.8042561388        0.0079260432
        4.8485653591        0.0096985690
        4.8917467199        0.0111712978
        4.9347561285        0.0123942465
        4.9785204423        0.0134104238
        5.0241483617        0.0142625150
        5.0732923867        0.0150002924
        5.1275839485        0.0156772779
        5.1742357847        0.0162035766
        5.2199900721        0.0167078707
        5.2629945638        0.0171843206
        5.3042894931        0.0176378088
        5.3450815052        0.0180600895
        5.3864037051        0.0184265235
        5.4293161396        0.0186932193
        5.4752100975        0.0187872702
        5.5259679583        0.0185822519
        5.5799593474        0.0179260623
        5.6255257585        0.0169775670
        5.6702646304        0.0156817995
        5.7135048071        0.0140968209
        5.7561007973        0.0122446223
        5.7990120927        0.0101317669
        5.8432109327        0.0077576524
        5.8899136330        0.0051113509
        5.9409420563        0.0021646738
        5.9975147571       -0.0010315618
        6.0462137395       -0.0036184839
        6.0939785076       -0.0059343502
        6.1392092383       -0.0078828103
        6.1828462791       -0.0095179914
        6.2259699220       -0.0108971811
        6.2695234897       -0.0120662484
        6.3145157474       -0.0130681057
        6.3623536461       -0.0139515965
        6.4150662527       -0.0147773525
        6.4642527593       -0.0154733184
        6.5124691591       -0.0161340359
        6.5568927848       -0.0167455127
        6.5988285587       -0.0173243879
        6.6397647459       -0.0178732827
        6.6808422712       -0.0183763017
        6.7230990450       -0.0187988866
        6.7677828631       -0.0190821223
        6.8166679194       -0.0191242626
        6.8703544528       -0.0187613005
        6.9169358210       -0.0180443578
        6.9626423982       -0.0169534372
        7.0063395166       -0.0155538085
        7.0489734306       -0.0138744025
        7.0915995981       -0.0119243071
        7.1351952812       -0.0097045379
        7.1808754808       -0.0072071453
        7.2302402955       -0.0044072674
        7.2852521552       -0.0012914679
        7.3357483024        0.0014517749
        7.3852504344        0.0039456237
        7.4315219338        0.0060486804
        7.4756874575        0.0078238634
        7.5190114265        0.0093382396
        7.5624960392        0.0106415698
        7.6071027569        0.0117773621
        7.6540688707        0.0127934625
        7.7052951792        0.0137514745
        7.7610689027        0.0146944817
        7.8065404689        0.0154365597
        7.8511699328        0.0161675975
        7.8936243972        0.0168693510
        7.9348089308        0.0175425487
        7.9757970955        0.0181770766
        8.0175966696        0.0187462470
        8.0613484538        0.0192024222
        8.1086430027        0.0194639529
        8.1611104901        0.0193853423
        8.2090075843        0.0189092724
        8.2559842166        0.0180307731
        8.3003236627        0.0168206467
        8.3431146076        0.0153174455
        8.3855638032        0.0135339393
        8.4286925914        0.0114729348
        8.4735598610        0.0091289844
        8.5215926233        0.0064814689
        8.5748325166        0.0034971219
        8.6316913943        0.0003905421
        8.6788189886       -0.0020293930
        8.7250854127       -0.0042102655
        8.7695777574       -0.0060941968
        8.8131023692       -0.0077230213
        8.8565884113       -0.0091433768
        8.9009497352       -0.0103982678
        8.9473012815       -0.0115343971
        8.9973368182       -0.0126121817
        9.0527160932       -0.0136979100
        9.0998359787       -0.0145872709
        9.1460501186       -0.0154613095
        9.1894549420       -0.0162928592
        9.2310813409       -0.0170903575
        9.2721416378       -0.0178521097
        9.3136823908       -0.0185590898
        9.3567876127       -0.0191727750
        9.4028920167       -0.0196264759
        9.4538805107       -0.0197992029
        9.5074983141       -0.0195211437
        9.5525090131       -0.0188781216
        9.5967101391       -0.0178682395
        9.6395434752       -0.0165411194
        9.6818695769       -0.0149205746
        9.7246580198       -0.0130142123
        9.7689232468       -0.0108194229
        9.8159748386       -0.0083192577
        9.8677486220       -0.0054771698
        9.9244653456       -0.0023901656
        9.9724984805        0.0001049639
       10.0196288042        0.0023812351
       10.0646465179        0.0043592822
       10.1084285039        0.0060827435
       10.1519707862        0.0076011747
       10.1961880730        0.0089583711
       10.2421185901        0.0102002982
       10.2912789034        0.0113857892
       10.3457437329        0.0125915600
       10.3946736178        0.0136348787
       10.4426376156        0.0146591646
       10.4870970052        0.0156236524
       10.5292534346        0.0165450008
       10.5704987373        0.0174303767
       10.6119457338        0.0182678117
       10.6546563385        0.0190260718
       10.6999582517        0.0196492895
       10.7497163418        0.0200363571
       10.8034972712        0.0200122657
       10.8491137878        0.0195770540
       10.8938907787        0.0187568002
       10.9369700973        0.0176032438
       10.9792623503        0.0161459564
       11.0217906338        0.0143956772
       11.0655633845        0.0123521039
       11.1118090654        0.0100015305
       11.1623291239        0.0073090730
       11.2183677676        0.0043007766
       11.2673111099        0.0017565427
       11.3153138273       -0.0005910537
       11.3608528010       -0.0026403426
       11.4048922779       -0.0044370147
       11.4485125601       -0.0060339388
       11.4926466817       -0.0074759658
       11.5382849033       -0.0088085925
       11.5868087461       -0.0100892075
       11.6403217250       -0.0113980987
       11.6911154726       -0.0125981822
       11.7366064555       -0.0136750634
       11.7812942311       -0.0147515239
       11.8239694403       -0.0157942254
       11.8654885235       -0.0168037377
       11.9068911342       -0.0177726467
       11.9491964506       -0.0186771971
       11.9936111733       -0.0194727438
       12.0418498850       -0.0200795283
       12.0950748010       -0.0203435213
       12.1417982004       -0.0201593721
       12.1876362510       -0.0195665264
       12.2312371038       -0.0186182378
       12.2736145131       -0.0173535851
       12.3159016297       -0.0157883990
       12.3591241538       -0.0139258048
       12.4044277856       -0.0117566003
       12.4534275561       -0.0092514732
       12.5080138125       -0.0063874350
       12.5583742757       -0.0037838646
       12.6077492841       -0.0013498194
       12.6540759388        0.0007765532
       12.6984764583        0.0026455957
       12.7421899500        0.0043167377
       12.7862023051        0.0058371341
       12.8314664254        0.0072517575
       12.8792195245        0.0086153464
       12.9314059310        0.0100064304
       12.9886109500        0.0114808544
       13.0351010182        0.0126834390
       13.0807264453        0.0138879268
       13.1240044229        0.0150521917
       13.1658485752        0.0161808330
       13.2073593752        0.0172718147
       13.2495647727        0.0183066479
       13.2936241336        0.0192473092
       13.3411561636        0.0200255067
       13.3937802315        0.0205055349
       13.4412292638        0.0205229914
       13.4877686112        0.0201155803
       13.5317142429        0.0193336344
       13.5741606546        0.0182239368
       13.6163287543        0.0168068547
       13.6592733376        0.0150880811
       13.7041166310        0.0130608349
       13.7523943116        0.0106989250
       13.8060903966        0.0079686569
       13.8571282200        0.0053813774
       13.9071687706        0.0029386866
       13.9538714882        0.0007969573
       13.9984484249       -0.0010949244
       14.0422295646       -0.0027990392
       14.0862353562       -0.0043636100
       14.1314109957       -0.0058337710
       14.1789423200       -0.0072640851
       14.2306861983       -0.0087336725
       14.2879507698       -0.0103190117
       14.3353103660       -0.0116411365
       14.3817727004       -0.0129698206
       14.4256080630       -0.0142527563
       14.4677818739       -0.0154976243
       14.5094517617       -0.0167069797
       14.5516599841       -0.0178666528
       14.5955382841       -0.0189437587
       14.6426369555       -0.0198784741
       14.6947665323       -0.0205504344
       14.7428138320       -0.0207556561
       14.7899351982       -0.0205228733
       14.8341672685       -0.0198970865
       14.8766755521       -0.0189324368
       14.9187594653       -0.0176540129
       14.9615042291       -0.0160701104
       15.0060238636       -0.0141760448
       15.0538077554       -0.0119481171
       15.1068552248       -0.0093489897
       15.1582787416       -0.0068117871
       15.2087034506       -0.0043956046
       15.2556107138       -0.0022673974
       15.3002732858       -0.0003769942
       15.3440836590        0.0013386198
       15.3880873991        0.0029281517
       15.4332281724        0.0044370268
       15.4806646568        0.0059202909
       15.5322010382        0.0074585785
       15.5894902569        0.0091415211
       15.6375271628        0.0105737454
       15.6846427348        0.0120193385
       15.7289342318        0.0134159963
       15.7714066211        0.0147732900
       15.8132598951        0.0160972474
       15.8555489269        0.0173769820
       15.8993915522        0.0185834625
       15.9462986301        0.0196630215
       15.9981550204        0.0205064113
       16.0465999975        0.0208816666
       16.0941100027        0.0208096035
       16.1385274538        0.0203282070
       16.1810673128        0.0194977868
       16.2230853823        0.0183479125
       16.2656913240        0.0168894026
       16.3100002048        0.0151193924
       16.3574818253        0.0130160675
       16.4101303498        0.0105415022
       16.4659182811        0.0078803232
       16.5127504671        0.0056976176
       16.5587302139        0.0036513926
       16.6031834587        0.0017911733
       16.6469399359        0.0000831604
       16.6909189087       -0.0015149011
       16.7360349859       -0.0030475388
       16.7834263707       -0.0045704537
       16.8348645339       -0.0061663566
       16.8921904085       -0.0079348824
       16.9407698781       -0.0094673783
       16.9884095923       -0.0110220578
       17.0330844178       -0.0125270308
       17.0758288023       -0.0139928457
       17.1178732299       -0.0154281751
       17.1602818605       -0.0168247409
       17.2041641002       -0.0181566502
       17.2510059588       -0.0193752562
       17.3027291928       -0.0203802477
       17.3514620570       -0.0209164082
       17.3992540041       -0.0209984184
       17.4438023369       -0.0206561969
       17.4863577502       -0.0199554826
       17.5283181986       -0.0189302345
       17.5708128017       -0.0175938587
       17.6149604704       -0.0159453373
       17.6622224966       -0.0139646791
       17.7145854975       -0.0116145991
       17.7701793850       -0.0090623283
       17.8169416599       -0.0069508822
       17.8628512412       -0.0049596725
       17.9072386685       -0.0031376786
       17.9509432395       -0.0014519760
       17.9948899060        0.0001394247
       18.0399947284        0.0016815286
       18.0873924511        0.0032313964
       18.1388460359        0.0048747205
       18.1962765028        0.0067188535
       18.2452191555        0.0083394633
       18.2932108128        0.0099929681
       18.3381695242        0.0115992255
       18.3811432530        0.0131686847
       18.4233756078        0.0147116088
       18.4659340512        0.0162215609
       18.5099237052        0.0176750907
       18.5568202582        0.0190275881
       18.6085644869        0.0201854478
       18.6574497426        0.0208708772
       18.7053906305        0.0210980626
       18.7500005789        0.0208884324
       18.7925485265        0.0203119900
       18.8344559009        0.0194067043
       18.8768641160        0.0181885140
       18.9208975054        0.0166582365
       18.9680187733        0.0147976350
       19.0202072279        0.0125709483
       19.0755699680        0.0101374879
       19.1221758121        0.0081110427
       19.1679321972        0.0061898672
       19.2121964283        0.0044206765
       19.2558128926        0.0027714138
       19.2997082937        0.0012004116
       19.3448014722       -0.0003379788
       19.3922318290       -0.0019025981
       19.4437703200       -0.0035828500
       19.5013528533       -0.0054924035
       19.5505090403       -0.0071887175
       19.5987087713       -0.0089302258
       19.6438664036       -0.0106300988
       19.6870297952       -0.0122977993
       19.7294410573       -0.0139442651
       19.7721654163       -0.0155642730
       19.8163057179       -0.0171363188
       19.8633368410       -0.0186192232
       19.9152117545       -0.0199246315
       19.9641548449       -0.0207505487
       20.0121515137       -0.0211162657
       20.0567756091       -0.0210346569
       20.0993010514       -0.0205790196
       20.1411585071       -0.0197909728
       20.1834957565       -0.0186889507
       20.2274424899       -0.0172756734
       20.2744678292       -0.0155347694
       20.3265436158       -0.0134326523
       20.3816538028       -0.0111254636
       20.4280469919       -0.0091941578
       20.4735960245       -0.0073544037
       20.5176957778       -0.0056497193
       20.5611929819       -0.0040488547
       20.6050139734       -0.0025104428
       20.6500811858       -0.0009880535
       20.6975430866        0.0005792090
       20.7491868474        0.0022848869
       20.8069220870        0.0042480128
       20.8561920990        0.0060080397
       20.9045039099        0.0078268780
       20.9498012043        0.0096123903
       20.9931234190        0.0113724525
       21.0357020487        0.0131180174
       21.0785962612        0.0148446401
       21.1229070154        0.0165324599
       21.1701127547        0.0181434412
       21.2221760011        0.0195938080
       21.2711359982        0.0205554212
       21.3191480881        0.0210563004
       21.3637680279        0.0211007387
       21.4062674963        0.0207647449
       21.4480787229        0.0200933813
       21.4903521187        0.0191076078
       21.5342213989        0.0178122070
       21.5811623899        0.0161929618
       21.6331388420        0.0142189662
       21.6879895115        0.0120438658
       21.7341441886        0.0102149154
       21.7794606820        0.0084649344
       21.8233706707        0.0068340638
       21.8667222539        0.0052917950
       21.9104411366        0.0037970086
       21.9554536492        0.0023024279
       22.0029180080        0.0007450322
       22.0546372588       -0.0009728702
       22.1124743142       -0.0029751078
       22.1618125539       -0.0047873133
       22.2101923313       -0.0066731203
       22.2555981922       -0.0085360177
       22.2990588202       -0.0103819808
       22.3417920322       -0.0122216068
       22.3848491042       -0.0140509912
       22.4293280404       -0.0158517815
       22.4767101166       -0.0175890452
       22.5289672563       -0.0191836948
       22.5779597212       -0.0202807421
       22.6260024610       -0.0209172537
       22.6706308492       -0.0210886518
       22.7131136454       -0.0208735494
       22.7548839819       -0.0203204861
       22.7970935751       -0.0194530802
       22.8408777092       -0.0182784301
       22.8877147166       -0.0167849174
       22.9395607795       -0.0149446774
       22.9941634767       -0.0129062359
       23.0400812745       -0.0111846781
       23.0851662814       -0.0095304977
       23.1288755793       -0.0079809037
       23.1720591376       -0.0065061122
       23.2156433066       -0.0050652250
       23.2605579638       -0.0036101690
       23.3079680250       -0.0020759855
       23.3596839086       -0.0003613186
       23.4175265709        0.0016624210
       23.4669378270        0.0035153657
       23.5153897090        0.0054578772
       23.5608993769        0.0073894350
       23.6044878961        0.0093140292
       23.6473618635        0.0112417996
       23.6905646103        0.0131693195
       23.7351886591        0.0150797372
       23.7827123702        0.0169413493
       23.8351192036        0.0186806359
       23.8842153470        0.0199176159
       23.9323585493        0.0206943869
       23.9770385947        0.0209966783
       24.0195272062        0.0209061101
       24.0612646341        0.0204750347
       24.1034049779        0.0197299834
       24.1470816586        0.0186807061
       24.1937671961        0.0173187436
       24.2454127701        0.0156195136
       24.2997999041        0.0137214391
       24.3455073029        0.0121107693
       24.3903856217        0.0105567185
       24.4338963693        0.0090944921
       24.4768931123        0.0076951035
       24.5203054076        0.0063179202
       24.5650656459        0.0049142721
       24.6123389388        0.0034177345
       24.6639275361        0.0017242982
       24.7216424747       -0.0002999168
       24.7711761898       -0.0021817201
       24.8197470989       -0.0041703666
       24.8653792196       -0.0061610740
       24.9090939036       -0.0081559142
       24.9520938316       -0.0101646913
       24.9954159103       -0.0121845355
       25.0401433523       -0.0142001669
       25.0877412591       -0.0161833104
       25.1402071314       -0.0180675362
       25.1895320638       -0.0194536707
       25.2378984398       -0.0203795707
       25.2827033288       -0.0208196504
       25.3252338547       -0.0208594727
       25.3669504296       -0.0205558865
       25.4090131498       -0.0199387239
       25.4525496028       -0.0190207762
       25.4990148759       -0.0177973572
       25.5503576989       -0.0162474140
       25.6045773678       -0.0144931322
       25.6501243349       -0.0129958170
       25.6948432656       -0.0115450333
       25.7381704907       -0.0101752540
       25.7809661106       -0.0088584710
       25.8241667538       -0.0075544594
       25.8687059142       -0.0062143066
       25.9157398542       -0.0047708612
       25.9670421407       -0.0031189480
       26.0244634639       -0.0011187252
       26.0742078432        0.0007790718
       26.1229820590        0.0028025350
       26.1687756428        0.0048417549
       26.2126225104        0.0068970211
       26.2557332185        0.0089780937
       26.2991414160        0.0110828379
       26.3439164993        0.0131976444
       26.3914966177        0.0152978287
       26.4438907751        0.0173258247
       26.4936197854        0.0188745234
       26.5423818682        0.0199623104
       26.5874133124        0.0205495907
       26.6300356302        0.0207273488
       26.6717494584        0.0205580034
       26.7137274216        0.0200752044
       26.7570876919        0.0192951851
       26.8032546813        0.0182176100
       26.8541718479        0.0168253937
       26.9082708877        0.0152188232
       26.9537300702        0.0138367360
       26.9983587466        0.0124915946
       27.0415310855        0.0112185945
       27.0841181167        0.0099909928
       27.1270690186        0.0087692100
       27.1713173587        0.0075045692
       27.2180007749        0.0061301126
       27.2688419160        0.0045412885
       27.3257738327        0.0025924185
       27.3758478040        0.0006928857
       27.4249397807       -0.0013529635
       27.4709500028       -0.0034286846
       27.5149413961       -0.0055329036
       27.5581485315       -0.0076757328
       27.6016069643       -0.0098560044
       27.6463683243       -0.0120618569
       27.6938293029       -0.0142722145
       27.7459962456       -0.0164397208
       27.7963436353       -0.0181670602
       27.8417172120       -0.0193469334
       27.8862887310       -0.0201180640
       27.9290025871       -0.0204827949
       27.9707396395       -0.0204931866
       28.0125489186       -0.0201866539
       28.0554923471       -0.0195846562
       28.1008920296       -0.0186936438
       28.1506287435       -0.0175023636
       28.2046106375       -0.0160602339
       28.2504685200       -0.0147860308
       28.2954714888       -0.0135361588
       28.3387224662       -0.0123555301
       28.3811405369       -0.0112198466
       28.4237278466       -0.0100908014
       28.4674194775       -0.0089217932
       28.5132893036       -0.0076499245
       28.5628993259       -0.0061789535
       28.6183817007       -0.0043609337
       28.6697285730       -0.0024735347
       28.7200547464       -0.0004117722
       28.7667902210        0.0016877919
       28.8111406889        0.0038236259
       28.8544790332        0.0060099318
       28.8978847081        0.0082488003
       28.9423797362        0.0105312739
       28.9892529904        0.0128406128
       29.0404192057        0.0151446757
       29.0960372086        0.0172652024
       29.1419870845        0.0186323083
       29.1870911445        0.0195873022
       29.2301037146        0.0201224601
       29.2719354255        0.0202950487
       29.3136649632        0.0201477648
       29.3563420423        0.0197065868
       29.4012246241        0.0189833948
       29.4501123130        0.0179734704
       29.5037374885        0.0167020271
       29.5499213472        0.0155447173
       29.5952318380        0.0144007643
       29.6385376741        0.0133216126
       29.6808045345        0.0122853844
       29.7230870002        0.0112551264
       29.7663311126        0.0101858783
       29.8115749539        0.0090174885
       29.8602762558        0.0076591814
       29.9145523985        0.0059669413
       29.9668425906        0.0041122346
       30.0180980279        0.0020549074
       30.0653704009       -0.0000527453
       30.1099828190       -0.0022073459
       30.1534252377       -0.0044255369
       30.1968172780       -0.0067115669
       30.2411666771       -0.0090584955
       30.2876954966       -0.0114525945
       30.3382223318       -0.0138705167
       30.3937667501       -0.0161813777
       30.4404887306       -0.0177538941
       30.4863339553       -0.0189111230
       30.5297773796       -0.0196305272
       30.5717764860       -0.0199760162
       30.6134608185       -0.0199967838
       30.6558761705       -0.0197237807
       30.7002133703       -0.0191743777
       30.7481565888       -0.0183510736
       30.8011233076       -0.0172633228
       30.8478883250       -0.0162250896
       30.8937551526       -0.0151879256
       30.9372579294       -0.0142122740
       30.9794364412       -0.0132792837
       31.0214277562       -0.0123536306
       31.0642025055       -0.0113924517
       31.1087662911       -0.0103390323
       31.1564681777       -0.0091091693
       31.2093323081       -0.0075674730
       31.2667694848       -0.0056205202
       31.3143765765       -0.0037636100
       31.3611047113       -0.0017226918
       31.4058102226        0.0004164871
       31.4493359494        0.0026430271
       31.4926752692        0.0049556074
       31.5367870752        0.0073476802
       31.5828039291        0.0098078843
       31.6323875342        0.0123202115
       31.6872932615        0.0148077915
       31.7352924878        0.0166307422
       31.7823670503        0.0180327282
       31.8265296616        0.0189671684
       31.8688409088        0.0195089702
       31.9105383168        0.0197170834
       31.9526866385        0.0196287164
       31.9964073903        0.0192670904
       32.0432264148        0.0186425112
       32.0949978799        0.0177581847
       32.1428666310        0.0168411354
       32.1898047714        0.0159087234
       32.2337969616        0.0150359379
       32.2760193894        0.0142080009
       32.3177594150        0.0133913852
       32.3600426058        0.0125458517
       32.4038497246        0.0116190560
       32.4504138994        0.0105348704
       32.5015882313        0.0091713824
       32.5583094426        0.0073874891
       32.6068489150        0.0055977207
       32.6544651849        0.0035956915
       32.6996706906        0.0014805964
       32.7433897982       -0.0007355516
       32.7866942101       -0.0030537318
       32.8305477993       -0.0054697132
       32.8760077434       -0.0079744658
       32.9245589606       -0.0105569025
       32.9782426587       -0.0131796627
       33.0280297496       -0.0152858859
       33.0768397727       -0.0169645797
       33.1220160038       -0.0181327571
       33.1647973327       -0.0188818015
       33.2066061809       -0.0192845043
       33.2485643267       -0.0193856397
       33.2917452979       -0.0192141587
       33.3375198901       -0.0187875304
       33.3878077261       -0.0181122754
       33.4413571428       -0.0172548628
       33.4859111703       -0.0164960239
       33.5296500850       -0.0157456774
       33.5718470722       -0.0150284820
       33.6133768151       -0.0143241414
       33.6552080959       -0.0135979202
       33.6982862969       -0.0128025822
       33.7437405427       -0.0118701158
       33.7932242234       -0.0106932762
       33.8484972219       -0.0091157518
       33.8982580632       -0.0074146735
       33.9470487244       -0.0054697471
       33.9929061907       -0.0033973076
       34.0368854320       -0.0012112535
       34.0801871428        0.0010921620
       34.1238089275        0.0035112588
       34.1687550472        0.0060390788
       34.2163521681        0.0086675414
       34.2685884953        0.0113806239
       34.3249373243        0.0139693458
       34.3709419578        0.0157350659
       34.4161070176        0.0171124031
       34.4592549029        0.0180762196
       34.5012403528        0.0186833719
       34.5430884895        0.0189818544
       34.5858097379        0.0190056468
       34.6306275301        0.0187785121
       34.6793149195        0.0183140664
       34.7326719082        0.0176417412
       34.7782105927        0.0170025638
       34.8228885834        0.0163598419
       34.8654915156        0.0157502212
       34.9069819021        0.0151586315
       34.9484284826        0.0145543147
       34.9907902980        0.0138952811
       35.0351117207        0.0131220462
       35.0828339706        0.0121430744
       35.1359511970        0.0108118829
       35.1874850507        0.0092242428
       35.2380139641        0.0073545593
       35.2848280303        0.0053435567
       35.3291985225        0.0032088894
       35.3725513931        0.0009429831
       35.4159656573       -0.0014557640
       35.4604188188       -0.0039825389
       35.5071006380       -0.0066311847
       35.5577994083       -0.0093960016
       35.6138169817       -0.0121799536
       35.6613358456       -0.0142197570
       35.7079518367       -0.0158682178
       35.7519661834       -0.0170710542
       35.7943384560       -0.0178957932
       35.8362024624       -0.0184004607
       35.8785725210       -0.0186253145
       35.9225590945       -0.0185997723
       35.9697124429       -0.0183448253
       36.0218204303       -0.0178788508
       36.0689305988       -0.0173670346
       36.1151256072       -0.0168349115
       36.1584844542       -0.0163337779
       36.2001355688       -0.0158549713
       36.2413304490       -0.0153719681
       36.2830885324       -0.0148479579
       36.3264054537       -0.0142312893
       36.3725468434       -0.0134442906
       36.4233734627       -0.0123610497
       36.4792477974       -0.0108406322
       36.5269791457       -0.0092304698
       36.5738135629       -0.0073607252
       36.6185122640       -0.0053199735
       36.6619653849       -0.0031249289
       36.7051924682       -0.0007782733
       36.7491341841        0.0017156474
       36.7948528797        0.0043515777
       36.8438713050        0.0071276741
       36.8982307176        0.0100186952
       36.9481023942        0.0123864409
       36.9969920935        0.0143590245
       37.0423511615        0.0158326858
       37.0853668485        0.0168941841
       37.1274056849        0.0176182144
       37.1695507744        0.0180535509
       37.2128407379        0.0182351515
       37.2586039654        0.0181903442
       37.3087463492        0.0179406085
       37.3623830567        0.0175366011
       37.4067206827        0.0171565382
       37.4502451829        0.0167756400
       37.4921035739        0.0164116576
       37.5331735639        0.0160493225
       37.5744430879        0.0156587571
       37.6168670342        0.0151961844
       37.6615678747        0.0145965236
       37.7101585846        0.0137560756
       37.7643368072        0.0125175103
       37.8136669161        0.0110639040
       37.8620396138        0.0093137391
       37.9075650063        0.0073756574
       37.9513027452        0.0052703950
       37.9944449976        0.0029982658
       38.0379786657        0.0005612839
       38.0828943821       -0.0020364783
       38.1304974499       -0.0047940450
       38.1827633529       -0.0077113409
       38.2395230754       -0.0106073209
       38.2861242734       -0.0126794237
       38.3318663674       -0.0143870335
       38.3754807500       -0.0156859835
       38.4178183048       -0.0166335154
       38.4598964715       -0.0172818380
       38.5026924484       -0.0176704717
       38.5473580577       -0.0178316137
       38.5955671470       -0.0177928114
       38.6486981968       -0.0175849887
       38.6946477430       -0.0173346301
       38.7397176115       -0.0170694500
       38.7823570339       -0.0168188382
       38.8235821199       -0.0165752769
       38.8645365491       -0.0163152873
       38.9062089121       -0.0160026902
       38.9496279204       -0.0155837966
       38.9961607821       -0.0149751317
       39.0477290745       -0.0140398710
       39.1030866079       -0.0126608156
       39.1496642301       -0.0111644621
       39.1953891503       -0.0093894101
       39.2394014743       -0.0074087902
       39.2825332927       -0.0052402857
       39.3257340785       -0.0028889517
       39.3699384399       -0.0003588758
       39.4162778786        0.0023485748
       39.4664405590        0.0052394092
       39.5221824773        0.0082676213
       39.5709312319        0.0106500359
       39.6187336136        0.0126690806
       39.6635859409        0.0142356445
       39.7065141378        0.0154212433
       39.7487140493        0.0162914056
       39.7911959265        0.0168925617
       39.8349979510        0.0172613138
       39.8815167894        0.0174301967
       39.9326956705        0.0174305524
       39.9811855457        0.0173280258
       40.0287292778        0.0171886114
       40.0727029652        0.0170547249
       40.1144012898        0.0169289593
       40.1552724912        0.0167949694
       40.1964206106        0.0166237970
       40.2388435336        0.0163713025
       40.2837323652        0.0159697454
       40.3328059039        0.0153086620
       40.3872191519        0.0142295378
       40.4352226476        0.0129271146
       40.4823096375        0.0113102015
       40.5270246621        0.0094687203
       40.5703343113        0.0074251447
       40.6133253722        0.0051835403
       40.6569517353        0.0027467808
       40.7022361150        0.0001164115
       40.7505927215       -0.0027132164
       40.8040882223       -0.0057459837
       40.8556771029       -0.0084539463
       40.9021542423       -0.0106269841
       40.9478059877       -0.0124608146
       40.9914888776       -0.0139085790
       41.0340144484       -0.0150229165
       41.0763573772       -0.0158545146
       41.1194741458       -0.0164440505
       41.1645172129       -0.0168276269
       41.2131857406       -0.0170407698
       41.2667585807       -0.0171218108
       41.3125305960       -0.0171288111
       41.3574301129       -0.0171204167
       41.3999190889       -0.0171137774
       41.4409926454       -0.0171044948
       41.4817846540       -0.0170731682
       41.5232877583       -0.0169863395
       41.5665472048       -0.0167920239
       41.6129609207       -0.0164076759
       41.6644309341       -0.0156961752
       41.7191552237       -0.0145372097
       41.7651938704       -0.0132042998
       41.8103963452       -0.0115693959
       41.8540384819       -0.0096983468
       41.8969469021       -0.0076099080
       41.9400583994       -0.0053098289
       41.9843153430       -0.0028007528
       42.0308857247       -0.0000797938
       42.0815277194        0.0028668306
       42.1377585422        0.0059855557
       42.1863009951        0.0084422144
       42.2339074609        0.0105649881
       42.2787700858        0.0122641001
       42.3218626724        0.0136039610
       42.3643199356        0.0146466832
       42.4071200498        0.0154385037
       42.4512908247        0.0160184166
       42.4982394980        0.0164247776
       42.5499276573        0.0166989187
       42.5983761116        0.0168636194
       42.6458755695        0.0169929077
       42.6898005810        0.0171104153
       42.7314287799        0.0172230980
       42.7722005463        0.0173205992
       42.8132229221        0.0173779185
       42.8555050793        0.0173535582
       42.9002594428        0.0171818551
       42.9492263655        0.0167539199
       43.0033220801        0.0159102699
       43.0507178986        0.0148006887
       43.0972150333        0.0133545478
       43.1415037550        0.0116520506
       43.1845340647        0.0097179114
       43.2273697269        0.0075581974
       43.2709638044        0.0051754082
       43.3163626840        0.0025681297
       43.3650363766       -0.0002755657
       43.4190584143       -0.0033652161
       43.4703011646       -0.0061131269
       43.5205309658       -0.0085391824
       43.5669509964       -0.0104878264
       43.6108217910       -0.0120425572
       43.6535696567       -0.0132835804
       43.6962733541       -0.0142650578
       43.7399114357       -0.0150290597
       43.7856850273       -0.0156156515
       43.8353925460       -0.0160689904
       43.8897638868       -0.0164321276
       43.9350421543       -0.0166880120
       43.9794709022       -0.0169319628
       44.0216910509       -0.0171672922
       44.0626397893       -0.0173905652
       44.1034014843       -0.0175848519
       44.1449641372       -0.0177179933
       44.1884123788       -0.0177378630
       44.2352347073       -0.0175594200
       44.2872609889       -0.0170395998
       44.3365699736       -0.0161708756
       44.3849263310       -0.0149264012
       44.4301914694       -0.0134020895
       44.4735323877       -0.0116325252
       44.5162438451       -0.0096249373
       44.5593562477       -0.0073815194
       44.6038621102       -0.0049017131
       44.6510279000       -0.0021764951
       44.7027650669        0.0008161991
       44.7596428540        0.0039689118
       44.8074137876        0.0064049168
       44.8542843754        0.0085396667
       44.8988511355        0.0102981087
       44.9419941710        0.0117340039
       44.9847415836        0.0129021317
       45.0280318738        0.0138466920
       45.0729160891        0.0146086695
       45.1209002251        0.0152329742
       45.1739133304        0.0157711523
       45.2215941144        0.0161854193
       45.2683418225        0.0165733759
       45.3118719528        0.0169380016
       45.3533478353        0.0172867599
       45.3940993881        0.0176126132
       45.4351975633        0.0178925700
       45.4776702077        0.0180857359
       45.5228023816        0.0181253287
       45.5724202246        0.0178976719
       45.6265115168        0.0172429455
       45.6728739819        0.0162953975
       45.7183740142        0.0149999731
       45.7620199698        0.0134233496
       45.8047106803        0.0115901199
       45.8474531611        0.0095076771
       45.8912027100        0.0071775336
       45.9370754502        0.0045938638
       45.9866984622        0.0017361251
       46.0419865376       -0.0013936056
       46.0919367760       -0.0040603311
       46.1409054076       -0.0064422753
       46.1867317201       -0.0084126671
       46.2305021565       -0.0100371250
       46.2734518386       -0.0113826162
       46.3165775531       -0.0124984584
       46.3608537501       -0.0134269439
       46.4075499098       -0.0142127230
       46.4585860182       -0.0149100244
       46.5136830650       -0.0155565567
       46.5585120813       -0.0160536151
       46.6025174588       -0.0165430807
       46.6445410356       -0.0170163723
       46.6854646144       -0.0174699802
       46.7263246137       -0.0178884179
       46.7681112649       -0.0182401928
       46.8119666626       -0.0184724992
       46.8594982668       -0.0184966578
       46.9122609977       -0.0181617651
       46.9601574567       -0.0174664407
       47.0071337299       -0.0163897413
       47.0515303020       -0.0150086081
       47.0944052762       -0.0133569108
       47.1369334123       -0.0114446385
       47.1801126558       -0.0092744117
       47.2249793358       -0.0068427245
       47.2729318431       -0.0041332976
       47.3260086149       -0.0011191501
       47.3829151527        0.0019896214
       47.4299014748        0.0043675166
       47.4760273158        0.0064767668
       47.5202944859        0.0082602385
       47.5635099387        0.0097629366
       47.6066141182        0.0110330683
       47.6505257658        0.0121133397
       47.6963539627        0.0130477801
       47.7457642045        0.0138900435
       47.8003863339        0.0146988396
       47.8471510954        0.0153476449
       47.8930164838        0.0159809601
       47.9361182985        0.0165851781
       47.9774892565        0.0171659553
       48.0183334286        0.0177172203
       48.0596847528        0.0182164711
       48.1026074110        0.0186221677
       48.1485021210        0.0188645251
       48.1992515077        0.0188207680
       48.2530522042        0.0183324592
       48.2983492812        0.0175237871
       48.3428260721        0.0163619128
       48.3858416825        0.0149010257
       48.4282506033        0.0131640986
       48.4710139164        0.0111585477
       48.5151143584        0.0088836291
       48.5617920787        0.0063271384
       48.6128991493        0.0034589222
       48.6694011809        0.0003403757
       48.7178067661       -0.0021853653
       48.7652890496       -0.0044614348
       48.8103775051       -0.0063976472
       48.8539907797       -0.0080438193
       48.8971791351       -0.0094540291
       48.9408721651       -0.0106730620
       48.9860798127       -0.0117445711
       49.0342282268       -0.0127204871
       49.0873675118       -0.0136675552
       49.1365909395       -0.0144859129
       49.1848413922       -0.0152787424
       49.2293338888       -0.0160210763
       49.2713530686       -0.0167296991
       49.3123692846       -0.0174094164
       49.3535175297       -0.0180463865
       49.3958385592       -0.0186081307
       49.4405925255       -0.0190383443
       49.4895712916       -0.0192385917
       49.5432107113       -0.0190438091
       49.5894623337       -0.0184720308
       49.6348487449       -0.0175220937
       49.6782877892       -0.0162534483
       49.7207175244       -0.0146962322
       49.7631870122       -0.0128609896
       49.8066803085       -0.0107491121
       49.8523356148       -0.0083518269
       49.9017950496       -0.0056423346
       49.9569125494       -0.0026125518
       50.0069144708        0.0000363199
       50.0559365876        0.0024587498
       50.1019420723        0.0045250261
       50.1460112238        0.0062915505
       50.1893552352        0.0078202442
       50.2329524283        0.0091588564
       50.2777623145        0.0103510871
       50.3250415620        0.0114472431
       50.3767321871        0.0125147662
       50.4328691804        0.0135953411
       50.4783712407        0.0144587398
       50.5230348083        0.0153188765
       50.5655610871        0.0161513375
       50.6068390825        0.0169567788
       50.6479300043        0.0177264000
       50.6898412900        0.0184351671
       50.7337269454        0.0190375523
       50.7812065703        0.0194546386
       50.8338232893        0.0195416359
       50.8812955869        0.0192149427
       50.9278579072        0.0184839276
       50.9718868719        0.0174110461
       51.0144487837        0.0160360659
       51.0567292152        0.0143738702
       51.0997491258        0.0124282199
       51.1445876335        0.0101933396
       51.1927170639        0.0076469844
       51.2461685596        0.0047573352
       51.2978260818        0.0020177221
       51.3484728715       -0.0005236474
       51.3954266035       -0.0026925654
       51.4399625062       -0.0045526450
       51.4834932967       -0.0061750855
       51.5270733950       -0.0076112698
       51.5716458193       -0.0089053653
       51.6183581110       -0.0101065284
       51.6689710372       -0.0112810029
       51.7249517541       -0.0124978282
       51.7719151704       -0.0135029311
       51.8179828400       -0.0145037069
       51.8613686804       -0.0154657140
       51.9030643902       -0.0163960465
       51.9442451833       -0.0172934917
       51.9859469212       -0.0181400313
       52.0292670279       -0.0188985438
       52.0756815120       -0.0195041008
       52.1270547944       -0.0198357587
       52.1757922445       -0.0197461556
       52.2235906446       -0.0192274515
       52.2682559621       -0.0183410150
       52.3110041710       -0.0171380107
       52.3531841661       -0.0156387950
       52.3958774321       -0.0138497032
       52.4401414345       -0.0117673530
       52.4873424116       -0.0093731288
       52.5394595153       -0.0066302069
       52.5959341690       -0.0036734117
       52.6434185722       -0.0012921559
       52.6900216464        0.0008914521
       52.7347333158        0.0028103096
       52.7784008461        0.0045041252
       52.8219816166        0.0060191137
       52.8663817799        0.0073984176
       52.9126652320        0.0086899633
       52.9624224426        0.0099581570
       53.0176828278        0.0112862486
       53.0662726656        0.0124371083
       53.1139086924        0.0135835577
       53.1582579564        0.0146769789
       53.2004539765        0.0157313035
       53.2418212397        0.0167533426
       53.2834474907        0.0177316763
       53.3264017596        0.0186361680
       53.3720514988        0.0194125271
       53.4222920179        0.0199601469
       53.4760314420        0.0200955112
       53.5211941269        0.0197950571
       53.5655342053        0.0191099308
       53.6083040121        0.0180862092
       53.6503954487        0.0167537153
       53.6928169019        0.0151242784
       53.7365909466        0.0131978337
       53.7829978081        0.0109595183
       53.8339116968        0.0083732243
       53.8899743335        0.0054965578
       53.9381611854        0.0030958947
       53.9854346226        0.0008710292
       54.0305341420       -0.0010937266
       54.0743740074       -0.0028389267
       54.1179752399       -0.0044128345
       54.1622528158       -0.0058590958
       54.2082193343       -0.0072249398
       54.2573319446       -0.0085731575
       54.3117445876       -0.0099927831
       54.3619982765       -0.0112889586
       54.4112500119       -0.0125829430
       54.4565892135       -0.0138079035
       54.4993179284       -0.0149845979
       54.5409326033       -0.0161280672
       54.5825873005       -0.0172330138
       54.6253428507       -0.0182750796
       54.6704927698       -0.0192080411
       54.7198768064       -0.0199466844
       54.7736220731       -0.0203178052
       54.8193119913       -0.0202173257
       54.8641550155       -0.0197178814
       54.9071468928       -0.0188643297
       54.9492252893       -0.0176923298
       54.9914492440       -0.0162174754
       55.0348442656       -0.0144423761
       55.0806374073       -0.0123553242
       55.1306057868       -0.0099228747
       55.1860273708       -0.0071599588
       55.2348019488       -0.0047699852
       55.2826388679       -0.0025335378
       55.3280532929       -0.0005496972
       55.3720268485        0.0012225410
       55.4156451011        0.0028331842
       55.4598397574        0.0043264392
       55.5055936125        0.0057492439
       55.5542724918        0.0071634997
       55.6080015424        0.0086606230
       55.6597471452        0.0100939083
       55.7058833757        0.0113991952
       55.7511996470        0.0127209139
       55.7943850000        0.0140126603
       55.8363015818        0.0152760741
       55.8780013408        0.0165078595
       55.9205037995        0.0176894137
       55.9650033444        0.0187833670
       56.0131983062        0.0197218145
       56.0663995190        0.0203607066
       56.1131121348        0.0205075349
       56.1589375019        0.0202356682
       56.2024208205        0.0195869305
       56.2445948519        0.0186067773
       56.2866213068        0.0173169034
       56.3295453101        0.0157240362
       56.3745271302        0.0138212537
       56.4231917953        0.0115810028
       56.4773601833        0.0089817309
       56.5272022382        0.0065936073
       56.5760728554        0.0043325504
       56.6220476184        0.0023248936
       56.6662367036        0.0005274792
       56.7098556374       -0.0011138934
       56.7538801590       -0.0026448118
       56.7992631837       -0.0041115069
       56.8472511462       -0.0055732443
       56.8998183339       -0.0071189882
       56.9576083922       -0.0088155194
       57.0045896017       -0.0102318616
       57.0506949796       -0.0116712055
       57.0944089399       -0.0130777944
       57.1366407612       -0.0144558177
       57.1784896288       -0.0158061364
       57.2209812527       -0.0171143150
       57.2652728711       -0.0183482720
       57.3129867832       -0.0194494220
       57.3657708732       -0.0202917203
       57.4130918849       -0.0206350859
       57.4595054764       -0.0205475325
       57.5032804107       -0.0200649192
       57.5455139943       -0.0192400099
       57.5874394245       -0.0180995687
       57.6301256004       -0.0166534590
       57.6747140507       -0.0148976453
       57.7227678215       -0.0128081178
       57.7762049615       -0.0103556578
       57.8264548864       -0.0080279241
       57.8757254113       -0.0058048093
       57.9218929984       -0.0038233933
       57.9661334991       -0.0020411445
       58.0097286474       -0.0004028234
       58.0536797855        0.0011376762
       58.0989339557        0.0026267829
       58.1466974149        0.0041238602
       58.1988739226        0.0057187192
       58.2566952375        0.0074984305
       58.3043968185        0.0090157802
       58.3511953559        0.0105653279
       58.3953888946        0.0120812253
       58.4379265664        0.0135692938
       58.4799496839        0.0150338114
       58.5224922815        0.0164637711
       58.5666864213        0.0178313699
       58.6140961411        0.0190853740
       58.6665360707        0.0201148328
       58.7143911256        0.0206457195
       58.7613234817        0.0207357389
       58.8053585419        0.0204129489
       58.8476518588        0.0197371786
       58.8895020223        0.0187404340
       58.9320021302        0.0174358049
       58.9762839848        0.0158220334
       59.0238678482        0.0138784365
       59.0767064737        0.0115732342
       59.1271962770        0.0093278483
       59.1767048635        0.0071662568
       59.2229610432        0.0052318654
       59.2671909198        0.0034836023
       59.3107278416        0.0018660829
       59.3545943368        0.0003329537
       59.3997359940       -0.0011625581
       59.4473340642       -0.0026803870
       59.4992415632       -0.0043117537
       59.5570181318       -0.0061579546
       59.6053126628       -0.0077647805
       59.6526824309       -0.0094149976
       59.6972846212       -0.0110331150
       59.7401014165       -0.0126257189
       59.7823074544       -0.0141996753
       59.8249439440       -0.0157466781
       59.8691258695       -0.0172423670
       59.9163756987       -0.0186414034
       59.9685893717       -0.0198449907
       60.0168821098       -0.0205534283
       60.0642411404       -0.0208135186
       60.1084913095       -0.0206441765
       60.1508356647       -0.0201116937
       60.1926272881       -0.0192532780
       60.2349806028       -0.0180852799
       60.2790228786       -0.0166091609
       60.3262458725       -0.0148074085
       60.3786112310       -0.0126483431
       60.4291903997       -0.0105029492
       60.4787901378       -0.0084225875
       60.5250402709       -0.0065529054
       60.5692021770       -0.0048549349
       60.6126460171       -0.0032739563
       60.6564103047       -0.0017636328
       60.7014414365       -0.0002767495
       60.7489059151        0.0012475620
       60.8006225177        0.0029024462
       60.8583304843        0.0047997655
       60.9070904797        0.0064831268
       60.9549092929        0.0082229437
       60.9998466798        0.0099349771
       61.0429093646        0.0116257581
       61.0852952410        0.0133039319
       61.1280497841        0.0149632579
       61.1722753680        0.0165821855
       61.2194646957        0.0181203007
       61.2715562168        0.0194888629
       61.3202073830        0.0203667301
       61.3679165807        0.0207909551
       61.4123449417        0.0207703580
       61.4547327800        0.0203770504
       61.4964770836        0.0196533379
       61.5387097720        0.0186188663
       61.5825556071        0.0172778454
       61.6294859467        0.0156159410
       61.6814619484        0.0136030086
       61.7363046274        0.0113979833
       61.7824148662        0.0095546506
       61.8276877602        0.0077991716
       61.8715434931        0.0061717995
       61.9148237458        0.0046417534
       61.9584494466        0.0031680624
       62.0033413094        0.0017041051
       62.0506485269        0.0001882471
       62.1021570774       -0.0014744252
       62.1597307462       -0.0034048232
       62.2089060207       -0.0051519578
       62.2571256019       -0.0069704013
       62.3023653527       -0.0087675772
       62.3456548328       -0.0105494750
       62.3882123392       -0.0123260857
       62.4310862697       -0.0140929012
       62.4753666694       -0.0158308682
       62.5225178839       -0.0175040903
       62.5745054897       -0.0190334584
       62.6235300716       -0.0200809008
       62.6716047773       -0.0206704379
       62.7162251373       -0.0207995164
       62.7586686733       -0.0205461560
       62.8003763939       -0.0199580395
       62.8424971578       -0.0190583304
       62.8861522456       -0.0178542165
       62.9327912497       -0.0163348751
       62.9843716639       -0.0144725147
       63.0390425872       -0.0124031837
       63.0850558811       -0.0106596499
       63.1302305186       -0.0089905908
       63.1739558211       -0.0074364970
       63.2170845838       -0.0059674848
       63.2605476641       -0.0045428174
       63.3052666414       -0.0031155271
       63.3523784587       -0.0016231642
       63.4036353289        0.0000306210
       63.4609927246        0.0019745857
       63.5105539871        0.0037718798
       63.5591461699        0.0056570631
       63.6046653259        0.0075295454
       63.6481644033        0.0093943871
       63.6908817226        0.0112625990
       63.7338680029        0.0131311544
       63.7782003522        0.0149832595
       63.8253135287        0.0167872373
       63.8771883830        0.0184734872
       63.9266305566        0.0196927423
       63.9751149546        0.0204506093
       64.0199574907        0.0207316008
       64.0624763034        0.0206199595
       64.1041602787        0.0201691513
       64.1461759972        0.0194061159
       64.1896398600        0.0183412589
       64.2359762108        0.0169676211
       64.2871347314        0.0152605051
       64.3416370076        0.0133332963
       64.3875612307        0.0116960415
       64.4326447862        0.0101208686
       64.4762324465        0.0086487964
       64.5191890940        0.0072509633
       64.5624574431        0.0058869776
       64.6069601309        0.0045096943
       64.6538196654        0.0030561667
       64.7047475967        0.0014293115
       64.7617744981       -0.0005063548
       64.8117299525       -0.0023395491
       64.8607028254       -0.0042789597
       64.9064976580       -0.0062159313
       64.9501956846       -0.0081543405
       64.9930594018       -0.0101060721
       65.0361428886       -0.0120694516
       65.0805089972       -0.0140297883
       65.1275585318       -0.0159594134
       65.1792750750       -0.0177983941
       65.2292232662       -0.0191950174
       65.2782057984       -0.0201272180
       65.3233258037       -0.0205643737
       65.3659509291       -0.0205976813
       65.4076280103       -0.0202870642
       65.4495445960       -0.0196635799
       65.4928108053       -0.0187411107
       65.5388201975       -0.0175169214
       65.5895074679       -0.0159701487
       65.6438437075       -0.0141910240
       65.6897106058       -0.0126650133
       65.7347332178       -0.0111895461
       65.7781902556       -0.0098067861
       65.8209611625       -0.0084890787
       65.8640040578       -0.0071965361
       65.9082430375       -0.0058820974
       65.9547827137       -0.0044827927
       66.0052841579       -0.0029017708
       66.0618391163       -0.0009982900
       66.1122289045        0.0008556853
       66.1616219094        0.0028360312
       66.2077051382        0.0048255789
       66.2515972199        0.0068268348
       66.2945934239        0.0088525574
       66.3377541001        0.0109023849
       66.3821266448        0.0129636151
       66.4290721274        0.0150123723
       66.4805604967        0.0169984719
       66.5311377852        0.0185803053
       66.5765705763        0.0196193928
       66.6211936101        0.0202482587
       66.6639030048        0.0204735895
       66.7055974655        0.0203467762
       66.7473388101        0.0199032319
       66.7901848946        0.0191621708
       66.8354331285        0.0181275447
       66.8849355493        0.0167846015
       66.9389912810        0.0151736209
       66.9852885731        0.0137504310
       67.0307165447        0.0123632482
       67.0742784469        0.0110648591
       67.1169084894        0.0098296112
       67.1596238129        0.0086183152
       67.2033551476        0.0073854037
       67.2491505583        0.0060711471
       67.2985196370        0.0045856149
       67.3536423545        0.0027883027
       67.4054161604        0.0009229246
       67.4561563495       -0.0010956902
       67.5030405706       -0.0031283769
       67.5473452705       -0.0051781460
       67.5905190216       -0.0072625670
       67.6336740688       -0.0093849532
       67.6778353809       -0.0115358390
       67.7242676752       -0.0136960465
       67.7748400464       -0.0158293788
       67.8300451996       -0.0177733299
       67.8760578381       -0.0190045951
       67.9212176105       -0.0198211611
       67.9642222697       -0.0202199507
       68.0060042769       -0.0202579632
       68.0476600080       -0.0199760683
       68.0902400923       -0.0193980207
       68.1349848527       -0.0185330889
       68.1836633661       -0.0173729926
       68.2372572671       -0.0159358787
       68.2838721502       -0.0146278567
       68.3296003569       -0.0133433167
       68.3732173851       -0.0121418549
       68.4157071841       -0.0109998964
       68.4581416640       -0.0098791664
       68.5014655531       -0.0087352398
       68.5466970699       -0.0075104064
       68.5952521623       -0.0061189386
       68.6492559332       -0.0044241108
       68.7020132472       -0.0025710034
       68.7494430936       -0.0007139089
       68.7960256770        0.0012894394
       68.8405715012        0.0033563441
       68.8839123309        0.0054786618
       68.9270468968        0.0076556791
       68.9709481127        0.0098794734
       69.0167721394        0.0121346542
       69.0662123144        0.0143958932
       69.1208601473        0.0165650221
       69.1682224746        0.0180724711
       69.2146796995        0.0191548217
       69.2584206876        0.0197875829
       69.3004828082        0.0200399065
       69.3420740095        0.0199629668
       69.3842587088        0.0195874856
       69.4281887615        0.0189297790
       69.4754529689        0.0179906894
       69.5278008135        0.0167679687
       69.5755399192        0.0155685853
       69.6223533988        0.0143737113
       69.6664545775        0.0132622933
       69.7089646105        0.0122138332
       69.7511043904        0.0111906857
       69.7938682976        0.0101505147
       69.8382345333        0.0090400481
       69.8854669754        0.0077825402
       69.9375001574        0.0062551896
       69.9949743917        0.0043353890
       70.0432267488        0.0025023518
       70.0905688903        0.0004991227
       70.1355646362       -0.0015807331
       70.1791118440       -0.0037287066
       70.2222672374       -0.0059463298
       70.2660024242       -0.0082280861
       70.3114061451       -0.0105615416
       70.3600254648       -0.0129279039
       70.4138207602       -0.0152669123
       70.4625610012       -0.0170325575
       70.5103517214       -0.0183655747
       70.5548635913       -0.0192156761
       70.5972615059       -0.0196649500
       70.6388874233       -0.0197754719
       70.6808420048       -0.0195845606
       70.7242271154       -0.0191143030
       70.7704930152       -0.0183731271
       70.8215632012       -0.0173581052
       70.8704083282       -0.0162804290
       70.9183068301       -0.0151888219
       70.9629053916       -0.0141781013
       71.0054726052       -0.0132312877
       71.0473939767       -0.0123115772
       71.0897291923       -0.0113783259
       71.1334459023       -0.0103813742
       71.1797189071       -0.0092498462
       71.2303106449       -0.0078717203
       71.2867621046       -0.0060988612
       71.3359911983       -0.0043118905
       71.3842680220       -0.0023272150
       71.4298058882       -0.0002524476
       71.4735957846        0.0019029467
       71.5167839765        0.0041430136
       71.5603587911        0.0064647015
       71.6053546837        0.0088581299
       71.6531764911        0.0113091575
       71.7058501742        0.0137832690
       71.7562921799        0.0158218905
       71.8017631076        0.0173083999
       71.8464320228        0.0184004657
       71.8892168577        0.0190867871
       71.9309673936        0.0194211544
       71.9727046872        0.0194463838
       72.0154577080        0.0191909887
       72.0604995818        0.0186715514
       72.1096639848        0.0178914654
       72.1632249102        0.0168894828
       72.2086634990        0.0159853835
       72.2532508396        0.0150924322
       72.2959648620        0.0142493778
       72.3377354821        0.0134364882
       72.3795872365        0.0126192841
       72.4224621345        0.0117532845
       72.4674175694        0.0107768958
       72.5159522712        0.0095956497
       72.5701072604        0.0080612682
       72.6213802362        0.0063500471
       72.6716424608        0.0044030037
       72.7183027200        0.0023569137
       72.7625855838        0.0002226478
       72.8058726982       -0.0020095350
       72.8492315007       -0.0043409858
       72.8936520384       -0.0067649187
       72.9403618204       -0.0092707471
       72.9912041779       -0.0118421517
       73.0470413838       -0.0143460596
       73.0937536020       -0.0160913541
       73.1395908002       -0.0174366018
       73.1830577538       -0.0183495362
       73.2250831813       -0.0188931941
       73.2667675486       -0.0191190146
       73.3091313092       -0.0190615946
       73.3533357617       -0.0187438721
       73.4010288660       -0.0181773173
       73.4537208855       -0.0173770108
       73.5002918443       -0.0165931545
       73.5459660702       -0.0158055066
       73.5891738923       -0.0150671741
       73.6309649782       -0.0143631169
       73.6724965409       -0.0136617411
       73.7147480080       -0.0129225741
       73.7587205850       -0.0120906254
       73.8057372108       -0.0110836951
       73.8577565619       -0.0097691855
       73.9143978690       -0.0080347669
       73.9618298312       -0.0063067290
       74.0083822844       -0.0043597565
       74.0529277180       -0.0022781087
       74.0963156972       -0.0000754994
       74.1395349242        0.0022455036
       74.1835289018        0.0046789859
       74.2293997004        0.0072163652
       74.2787572006        0.0098485255
       74.3334910987        0.0125208159
       74.3820998643        0.0145732380
       74.4297629918        0.0162190216
       74.4743058173        0.0173897474
       74.5168211608        0.0181638359
       74.5585791030        0.0186060709
       74.6006384371        0.0187587027
       74.6440740807        0.0186508371
       74.6903157225        0.0183018091
       74.7412850164        0.0177235126
       74.7897087134        0.0170680037
       74.8371911841        0.0163873960
       74.8813133583        0.0157543372
       74.9233432335        0.0151599326
       74.9646790103        0.0145755585
       75.0063924003        0.0139648010
       75.0494609502        0.0132790767
       75.0950640323        0.0124475111
       75.1449387180        0.0113569943
       75.2004420064        0.0098540563
       75.2491939441        0.0082400660
       75.2970080521        0.0063737357
       75.3422450995        0.0043568995
       75.3858803366        0.0022054338
       75.4290274337       -0.0000807667
       75.4726514523       -0.0024983230
       75.5177696529       -0.0050405421
       75.5657714311       -0.0077015265
       75.6186951599       -0.0104646121
       75.6697949015       -0.0128473617
       75.7157290263       -0.0146702290
       75.7608485589       -0.0161168461
       75.8039909806       -0.0171583152
       75.8459910241       -0.0178499418
       75.8878548721       -0.0182398724
       75.9305771980       -0.0183633988
       75.9753642950       -0.0182469971
       76.0239723192       -0.0179091759
       76.0772881140       -0.0173811474
       76.1227727876       -0.0168694296
       76.1673965276       -0.0163550108
       76.2098879980       -0.0158708994
       76.2512112894       -0.0154037993
       76.2924429579       -0.0149250242
       76.3345445113       -0.0143943154
       76.3785556625       -0.0137539594
       76.4259011633       -0.0129148922
       76.4785486083       -0.0117336119
       76.5298656400       -0.0102746320
       76.5801860091       -0.0085164985
       76.6268068119       -0.0065940021
       76.6710014496       -0.0045283049
       76.7141967124       -0.0023142843
       76.7574691243        0.0000489011
       76.8017900512        0.0025568339
       76.8483369420        0.0052048564
       76.8988777011        0.0079908638
       76.9548072362        0.0108299554
       77.0025272924        0.0129491508
       77.0493361621        0.0146888634
       77.0934866798        0.0159869159
       77.1359443262        0.0169106472
       77.1778461179        0.0175193194
       77.2201960621        0.0178547663
       77.2640770793        0.0179488485
       77.3109895749        0.0178269092
       77.3627970363        0.0175118917
       77.4102249242        0.0171336573
       77.4567284720        0.0167340291
       77.5001917407        0.0163613216
       77.5417833551        0.0160097956
       77.5828042502        0.0156559225
       77.6242934482        0.0152654859
       77.6672420848        0.0147896128
       77.7128857879        0.0141545957
       77.7630337380        0.0132407865
       77.8183566910        0.0118989956
       77.8660800029        0.0104182974
       77.9129011320        0.0086600554
       77.9575144218        0.0067120864
       78.0008317358        0.0045929674
       78.0438908863        0.0023060287
       78.0876329582       -0.0001446861
       78.1331013506       -0.0027549582
       78.1817726602       -0.0055252409
       78.2357072707       -0.0084414087
       78.2861167633       -0.0109070805
       78.3355312253       -0.0129916529
       78.3812208040       -0.0145745156
       78.4244230625       -0.0157447151
       78.4665533493       -0.0165804286
       78.5087049625       -0.0171326638
       78.5518950916       -0.0174385582
       78.5973952827       -0.0175289003
       78.6470645812       -0.0174307551
       78.7008006227       -0.0171872647
       78.7454351638       -0.0169386133
       78.7892421566       -0.0166883941
       78.8311861537       -0.0164540527
       78.8721669471       -0.0162233241
       78.9132034402       -0.0159695323
       78.9552533649       -0.0156523797
       78.9994078694       -0.0152115357
       79.0472058237       -0.0145511739
       79.1004660483       -0.0135192878
       79.1500731322       -0.0122227759
       79.1987155677       -0.0106085964
       79.2443072887       -0.0087861395
       79.2879674943       -0.0067797034
       79.3309485712       -0.0045905967
       79.3742576714       -0.0022206236
       79.4188733751        0.0003269121
       79.4660524481        0.0030524032
       79.5177027972        0.0059612505
       79.5743361972        0.0089200813
       79.6214507322        0.0111002384
       79.6676834971        0.0129281076
       79.7116150913        0.0143469316
       79.7541249834        0.0154154251
       79.7962560965        0.0161883308
       79.8389754096        0.0167072609
       79.8833812488        0.0170070862
       79.9310469030        0.0171200039
       79.9837034934        0.0170797991
       80.0303972160        0.0169698966
       80.0761857740        0.0168420562
       80.1191792682        0.0167248973
       80.1604671631        0.0166151454
       80.2012781487        0.0164934698
       80.2426308177        0.0163277409
       80.2855361586        0.0160692436
       80.3312909764        0.0156422900
       80.3817576255        0.0149219605
       80.4367148759        0.0137652252
       80.4835097990        0.0124327844
       80.5294352323        0.0108012968
       80.5734680466        0.0089460798
       80.6164775570        0.0068870971
       80.6594488393        0.0046297527
       80.7033159598        0.0021776883
       80.7491665881       -0.0004684458
       80.7985881142       -0.0033166310
       80.8535531948       -0.0063485338
       80.9032048760       -0.0088532396
       80.9518800589       -0.0110097323
       80.9972716521       -0.0127058247
       81.0404918746       -0.0140175086
       81.0828199621       -0.0150154950
       81.1252864535       -0.0157490270
       81.1688954613       -0.0162569134
       81.2149473531       -0.0165749888
       81.2653493344       -0.0167399857
       81.3193907919       -0.0167950667
       81.3636991878       -0.0168034530
       81.4071954213       -0.0168095957
       81.4489110676       -0.0168207464
       81.4897189221       -0.0168266010
       81.5306208828       -0.0168032006
       81.5725824846       -0.0167117581
       81.6167303937       -0.0164921505
       81.6646666142       -0.0160468229
       81.7180025369       -0.0152212090
       81.7665711736       -0.0141113355
       81.8142021171       -0.0126633741
       81.8591282217       -0.0109707146
       81.9024014792       -0.0090602609
       81.9451965670       -0.0069370274
       81.9884952562       -0.0046036374
       82.0332950589       -0.0020611995
       82.0809210673        0.0006964287
       82.1333664556        0.0036820311
       82.1902361720        0.0067167836
       82.2370846843        0.0089631306
       82.2830681829        0.0108849167
       82.3269811140        0.0124276421
       82.3696559262        0.0136439338
       82.4120788291        0.0145854614
       82.4551933355        0.0152940647
       82.5001082246        0.0158078974
       82.5484476700        0.0161666627
       82.6018241405        0.0164134447
       82.6482084089        0.0165665161
       82.6936987228        0.0167038243
       82.7365004213        0.0168383224
       82.7776593878        0.0169693681
       82.8183706985        0.0170817840
       82.8596484184        0.0171461146
       82.9025236618        0.0171150870
       82.9483414159        0.0169132943
       82.9989819218        0.0164140399
       83.0534559377        0.0154751185
       83.0995479544        0.0143133359
       83.1447942649        0.0128326865
       83.1883635592        0.0110989965
       83.2311069420        0.0091331697
       83.2739848449        0.0069416635
       83.3179394851        0.0045268994
       83.3641090857        0.0018852776
       83.4141849345       -0.0009990901
       83.4699079192       -0.0040975873
       83.5189864461       -0.0066213517
       83.5671089311       -0.0088308429
       83.6123106593       -0.0106219759
       83.6556125419       -0.0120598338
       83.6981910806       -0.0132084571
       83.7410294603       -0.0141152995
       83.7851259476       -0.0148207322
       83.8318155534       -0.0153658283
       83.8830537999       -0.0157974356
       83.9325010979       -0.0161217232
       83.9769458791       -0.0163854632
       84.0205990136       -0.0166456997
       84.0623916318       -0.0169015630
       84.1031912674       -0.0171460530
       84.1440116453       -0.0173594231
       84.1858286101       -0.0175065470
       84.2297765669       -0.0175309989
       84.2774608174       -0.0173397148
       84.3304450530       -0.0167800437
       84.3785730077       -0.0158959875
       84.4257745688       -0.0146508469
       84.4703562444       -0.0131283509
       84.5133678317       -0.0113590487
       84.5559777412       -0.0093507532
       84.5991719371       -0.0071062541
       84.6439646123       -0.0046244118
       84.6917148766       -0.0018939969
       84.7444402870        0.0011052854
       84.8013211622        0.0041810010
       84.8482242940        0.0064979914
       84.8942645024        0.0085199521
       84.9383385128        0.0101902494
       84.9812636323        0.0115573832
       85.0240003000        0.0126712470
       85.0674755628        0.0135742001
       85.1127913022        0.0143075355
       85.1615802700        0.0149182978
       85.2154900076        0.0154583616
       85.2620861619        0.0158735706
       85.3077840554        0.0162740699
       85.3507251928        0.0166589782
       85.3919537313        0.0170312219
       85.4326752171        0.0173806695
       85.4739148003        0.0176818071
       85.5167164832        0.0178907814
       85.5624435163        0.0179358814
       85.6129741051        0.0176940094
       85.6670380393        0.0170140269
       85.7127039418        0.0160560601
       85.7575361842        0.0147595654
       85.8007850160        0.0131840420
       85.8433043998        0.0113518738
       85.8860552667        0.0092703343
       85.9299956869        0.0069405266
       85.9763033863        0.0043549117
       86.0267346168        0.0014905928
       86.0827803142       -0.0016165230
       86.1315934093       -0.0041515554
       86.1794627249       -0.0064074674
       86.2246402936       -0.0082840570
       86.2681006972       -0.0098385073
       86.3109618104       -0.0111300549
       86.3541779010       -0.0122048906
       86.3987424499       -0.0131049729
       86.4460118675       -0.0138766216
       86.4979824695       -0.0145769674
       86.5475280777       -0.0151687574
       86.5920826874       -0.0156831695
       86.6358483706       -0.0161954734
       86.6777426091       -0.0166952743
       86.7186214757       -0.0171777869
       86.7594986239       -0.0176267700
       86.8013607657       -0.0180101659
       86.8453671521       -0.0182744645
       86.8931623823       -0.0183294675
       86.9461491680       -0.0180221975
       86.9936310513       -0.0173570854
       87.0402041544       -0.0163152597
       87.0843352018       -0.0149688671
       87.1270489219       -0.0133508317
       87.1694856352       -0.0114716041
       87.2126329814       -0.0093341478
       87.2575382130       -0.0069348281
       87.3056346346       -0.0042567017
       87.3589680103       -0.0012751742
       87.4108269361        0.0015174556
       87.4616694245        0.0040555257
       87.5085857930        0.0061606767
       87.5528900159        0.0079086616
       87.5960505705        0.0093780371
       87.6391496355        0.0106228077
       87.6831390626        0.0116865672
       87.7291593342        0.0126142460
       87.7789326117        0.0134615538
       87.8338636169        0.0142866410
       87.8802487656        0.0149501935
       87.9257492993        0.0156052233
       87.9686486962        0.0162363633
       88.0099385808        0.0168473443
       88.0507804413        0.0174309436
       88.0921933240        0.0179639392
       88.1352504863        0.0184041281
       88.1813871032        0.0186805776
       88.2324744025        0.0186677292
       88.2817719165        0.0182649403
       88.3301218866        0.0174506758
       88.3751831425        0.0163034361
       88.4181936896        0.0148691443
       88.4605267198        0.0131626650
       88.5032554187        0.0111885318
       88.5473950570        0.0089450441
       88.5942237601        0.0064190704
       88.6456423542        0.0035803515
       88.7021769851        0.0005170015
       88.7501164684       -0.0019342103
       88.7971502115       -0.0041416860
       88.8419575589       -0.0060253171
       88.8854240340       -0.0076320819
       88.9285631336       -0.0090133731
       88.9722932103       -0.0102130179
       89.0176379691       -0.0112750360
       89.0660686020       -0.0122530883
       89.1196252279       -0.0132160654
       89.1683886803       -0.0140458410
       89.2161896814       -0.0148587589
       89.2604375858       -0.0156281652
       89.3023560556       -0.0163682628
       89.3433524958       -0.0170824170
       89.3845358520       -0.0177561068
       89.4269459570       -0.0183564903
       89.4718634706       -0.0188268734
       89.5211069667       -0.0190675908
       89.5747866921       -0.0189117984
       89.6207238438       -0.0183766439
       89.6658067879       -0.0174667975
       89.7090372931       -0.0162383744
       89.7513338837       -0.0147209593
       89.7937266162       -0.0129254355
       89.8371981462       -0.0108534066
       89.8829045065       -0.0084958783
       89.9325260636       -0.0058256126
       89.9877917211       -0.0028438690
       90.0373204366       -0.0002711907
       90.0858829625        0.0020810887
       90.1315961229        0.0040942597
       90.1755007537        0.0058213294
       90.2187649188        0.0073210164
       90.2623495372        0.0086398002
       90.3072166870        0.0098214120
       90.3546461263        0.0109173273
       90.4066130202        0.0119974651
       90.4581336271        0.0130086863
       90.5038009776        0.0138995608
       90.5486444493        0.0147923886
       90.5912825147        0.0156602442
       90.6326080359        0.0165042285
       90.6736915885        0.0173167190
       90.7155388103        0.0180742110
       90.7592879657        0.0187334536
       90.8065286620        0.0192196000
       90.8588962458        0.0193937579
       90.9065119760        0.0191502763
       90.9532125410        0.0184998207
       90.9972713223        0.0175027018
       91.0397766476        0.0162010417
       91.0819391798        0.0146114008
       91.1247871440        0.0127386853
       91.1693906231        0.0105783347
       91.2171936222        0.0081098791
       91.2702169777        0.0053011532
       91.3220116650        0.0026004224
       91.3727974754        0.0000884948
       91.4197903093       -0.0020557183
       91.4642966050       -0.0038957644
       91.5077624238       -0.0055033834
       91.5512542215       -0.0069300861
       91.5957114416       -0.0082199812
       91.6422620998       -0.0094221440
       91.6926284877       -0.0106029802
       91.7484441424       -0.0118367790
       91.7957156318       -0.0128717132
       91.8420792159       -0.0139076809
       91.8856438099       -0.0149068286
       91.9274239388       -0.0158769991
       91.9686187540       -0.0168184912
       92.0102687202       -0.0177149622
       92.0534576656       -0.0185315474
       92.0996279616       -0.0192071867
       92.1506664937       -0.0196280561
       92.1996600060       -0.0196320651
       92.2477110297       -0.0192034578
       92.2924713130       -0.0184000321
       92.3351930691       -0.0172765057
       92.3772674802       -0.0158556455
       92.4197912549       -0.0141452598
       92.4638159982       -0.0121433670
       92.5106806300       -0.0098333298
       92.5623328784       -0.0071796910
       92.6185799464       -0.0042930421
       92.6661173362       -0.0019485270
       92.7127671951        0.0002064078
       92.7574610979        0.0021017387
       92.8010614740        0.0037770186
       92.8445390013        0.0052785839
       92.8887982829        0.0066495079
       92.9348832071        0.0079374714
       92.9843369756        0.0092065107
       93.0392494346        0.0105428948
       93.0883052390        0.0117258182
       93.1363917875        0.0129104505
       93.1810087255        0.0140428854
       93.2233351562        0.0151381995
       93.2647413620        0.0162052551
       93.3063292924        0.0172345619
       93.3491575772        0.0181982850
       93.3945585094        0.0190458526
       93.4444076144        0.0196839962
       93.4981390660        0.0199324228
       93.5434383093        0.0197302502
       93.5879065180        0.0191402429
       93.6306899028        0.0182073665
       93.6726926169        0.0169638793
       93.7149375542        0.0154235669
       93.7584414392        0.0135881697
       93.8044518104        0.0114452867
       93.8547898182        0.0089615147
       93.9104437815        0.0061725560
       93.9587921146        0.0038098329
       94.0062171101        0.0016138106
       94.0513494855       -0.0003255823
       94.0951327974       -0.0020491050
       94.1386163594       -0.0036056397
       94.1827199492       -0.0050389080
       94.2284359334       -0.0063957391
       94.2771651292       -0.0077379803
       94.3310429495       -0.0091554015
       94.3819904858       -0.0104868351
       94.4276734903       -0.0117077358
       94.4725512908       -0.0129462431
       94.5154210902       -0.0141610064
       94.5571259406       -0.0153519104
       94.5986939556       -0.0165132530
       94.6411374619       -0.0176242648
       94.6856610993       -0.0186451481
       94.7339855391       -0.0195041489
       94.7872522925       -0.0200515834
       94.8337126251       -0.0201184699
       94.8792936931       -0.0197749115
       94.9226302530       -0.0190642018
       94.9647288568       -0.0180290423
       95.0067224499       -0.0166895439
       95.0496415571       -0.0150518818
       95.0946421859       -0.0131091770
       95.1433533591       -0.0108345000
       95.1975770241       -0.0082099697
       95.2472748456       -0.0058210569
       95.2960037094       -0.0035711061
       95.3418540506       -0.0015839245
       95.3859228719        0.0001845844
       95.4294148827        0.0017887593
       95.4733001905        0.0032740310
       95.5185286495        0.0046861422
       95.5663438911        0.0060832107
       95.6187097899        0.0075516035
       95.6761995391        0.0091556898
       95.7229431872        0.0104945681
       95.7688164057        0.0118569209
       95.8123295080        0.0131911042
       95.8543863021        0.0145005629
       95.8960777826        0.0157848873
       95.9384226667        0.0170285566
       95.9825701528        0.0181984262
       96.0301301664        0.0192346807
       96.0827590099        0.0200113410
       96.1300822675        0.0203020048
       96.1764971566        0.0201660298
       96.2202560749        0.0196410791
       96.2624555433        0.0187789411
       96.3043265466        0.0176055991
       96.3469297481        0.0161308144
       96.3913894018        0.0143512160
       96.4392380834        0.0122444179
       96.4924224960        0.0097807005
       96.5428661526        0.0074291092
       96.5923263350        0.0051911331
       96.6385599001        0.0032099311
       96.6827669321        0.0014407298
       96.7262583225       -0.0001735591
       96.7700449390       -0.0016794455
       96.8150671333       -0.0031226435
       96.8625053335       -0.0045604636
       96.9142099019       -0.0060784244
       96.9715976526       -0.0077665259
       97.0193361201       -0.0092153038
       97.0661651998       -0.0106960513
       97.1103079328       -0.0121450549
       97.1527317224       -0.0135685753
       97.1945948983       -0.0149709504
       97.2369311843       -0.0163411433
       97.2808533666       -0.0176513576
       97.3278820623       -0.0188508724
       97.3798828442       -0.0198336639
       97.4280348759       -0.0203400830
       97.4752566211       -0.0204057391
       97.5194321199       -0.0200597233
       97.5617498712       -0.0193633187
       97.6035421893       -0.0183489492
       97.6459063910       -0.0170301370
       97.6899507721       -0.0154067924
       97.7371399135       -0.0134606770
       97.7894484765       -0.0111588402
       97.8447523505       -0.0086809792
       97.8911618160       -0.0066459666
       97.9367275457       -0.0047359186
       97.9808067394       -0.0029957854
       98.0242264122       -0.0013927965
       98.0679001921        0.0001145232
       98.1127380756        0.0015708768
       98.1598714055        0.0030330242
       98.2110556751        0.0045859271
       98.2681459088        0.0063356665
       98.3168024424        0.0078840764
       98.3645149298        0.0094752701
       98.4092456098        0.0110327427
       98.4520278978        0.0125648369
       98.4940870938        0.0140800230
       98.5364756107        0.0155710480
       98.5802822552        0.0170144599
       98.6269591685        0.0183666615
       98.6784424884        0.0195375650
       98.7273553855        0.0202512467
       98.7753233066        0.0205124516
       98.8198891003        0.0203390912
       98.8623279720        0.0198019432
       98.9040697946        0.0189402620
       98.9462497762        0.0177714944
       98.9899694036        0.0162987338
       99.0366454368        0.0145075832
       99.0882408047        0.0123655989
       99.1434285139        0.0100052865
       99.1899609587        0.0080396697
       99.2356391198        0.0061817226
       99.2797283689        0.0044810753
       99.3230804112        0.0029057604
       99.3666310403        0.0014142513
       99.4112891363       -0.0000382314
       99.4581542178       -0.0015083771
       99.5089060321       -0.0030809626
       99.5656187316       -0.0048724298
       99.6151018036       -0.0065078142
       99.6636113333       -0.0081992249
       99.7088768092       -0.0098571578
       99.7519963774       -0.0114912528
       99.7942587076       -0.0131134670
       99.8367353668       -0.0147197162
       99.8804983758       -0.0162901383
       99.9269464180       -0.0177869371
       99.9780276526       -0.0191329716
      100.0000000000       -0.0195905351
