       -0.0174523192       -0.9998476967
       -0.0174163163       -0.9998483245
       -0.0171872874       -0.9998522877
       -0.0166869899       -0.9998607625
       -0.0159234566       -0.9998732137
       -0.0149078609       -0.9998888717
       -0.0136369487       -0.9999070125
       -0.0120893532       -0.9999269211
       -0.0102785712       -0.9999471741
       -0.0086727353       -0.9999623911
       -0.0071348346       -0.9999745467
       -0.0057331008       -0.9999835656
       -0.0044406456       -0.9999901403
       -0.0032194982       -0.9999948174
       -0.0020307908       -0.9999979379
       -0.0008280893       -0.9999996571
        0.0004544174       -0.9999998968
        0.0019150633       -0.9999981663
        0.0033884168       -0.9999942593
        0.0049314409       -0.9999878404
        0.0064449748       -0.9999792309
        0.0079410111       -0.9999684697
        0.0094370716       -0.9999554698
        0.0109352328       -0.9999402086
        0.0124241507       -0.9999228173
        0.0138807556       -0.9999036577
        0.0152628255       -0.9998835163
        0.0164402511       -0.9998648499
        0.0170918569       -0.9998539235
        0.0174010109       -0.9998485909
        0.0173786731       -0.9998489795
        0.0170672715       -0.9998543435
        0.0164932012       -0.9998639779
        0.0156692204       -0.9998772302
        0.0145969141       -0.9998934594
        0.0132633167       -0.9999120383
        0.0116489778       -0.9999321484
        0.0100638116       -0.9999493586
        0.0085219928       -0.9999636872
        0.0071264751       -0.9999746064
        0.0058494240       -0.9999828920
        0.0046489153       -0.9999891937
        0.0034858173       -0.9999939245
        0.0023168934       -0.9999973160
        0.0010839842       -0.9999994125
       -0.0003019054       -0.9999999544
       -0.0019198362       -0.9999981571
       -0.0033825090       -0.9999942793
       -0.0049192122       -0.9999879006
       -0.0064648293       -0.9999791028
       -0.0080196013       -0.9999678425
       -0.0095863171       -0.9999540502
       -0.0111578338       -0.9999377494
       -0.0127168908       -0.9999191371
       -0.0142340182       -0.9998986912
       -0.0156383592       -0.9998777134
       -0.0165835067       -0.9998624842
       -0.0171641734       -0.9998526847
       -0.0173720658       -0.9998490943
       -0.0172675064       -0.9998509055
       -0.0168894882       -0.9998573624
       -0.0162581014       -0.9998678283
       -0.0153813530       -0.9998817000
       -0.0142548136       -0.9998983950
       -0.0128587008       -0.9999173235
       -0.0112385776       -0.9999368452
       -0.0098324554       -0.9999516602
       -0.0084803294       -0.9999640414
       -0.0072303854       -0.9999738604
       -0.0060582073       -0.9999816489
       -0.0049284096       -0.9999878553
       -0.0038011452       -0.9999927756
       -0.0026250393       -0.9999965546
       -0.0013235589       -0.9999991241
        0.0002110853       -0.9999999777
        0.0017157277       -0.9999985281
        0.0033126977       -0.9999945130
        0.0049121411       -0.9999879354
        0.0065185808       -0.9999787538
        0.0081427921       -0.9999668469
        0.0097835954       -0.9999521395
        0.0114288693       -0.9999346883
        0.0130567958       -0.9999147564
        0.0146261325       -0.9998930324
        0.0159740018       -0.9998724075
        0.0167450077       -0.9998597925
        0.0171801289       -0.9998524107
        0.0172867940       -0.9998505722
        0.0171061613       -0.9998536789
        0.0166656363       -0.9998611186
        0.0159795534       -0.9998723188
        0.0150508512       -0.9998867295
        0.0138677847       -0.9999038376
        0.0124240683       -0.9999228183
        0.0110616538       -0.9999388180
        0.0097325979       -0.9999526371
        0.0085114482       -0.9999637770
        0.0073747906       -0.9999728059
        0.0062859432       -0.9999802433
        0.0052064842       -0.9999864462
        0.0040898433       -0.9999916366
        0.0028695927       -0.9999958827
        0.0014428857       -0.9999989590
       -0.0002324858       -0.9999999730
       -0.0017460939       -0.9999984756
       -0.0033522786       -0.9999943811
       -0.0049916679       -0.9999875415
       -0.0066604472       -0.9999778190
       -0.0083575912       -0.9999650747
       -0.0100742036       -0.9999492539
       -0.0117933092       -0.9999304565
       -0.0134871219       -0.9999090446
       -0.0150689713       -0.9998864566
       -0.0161116808       -0.9998701984
       -0.0168018820       -0.9998588384
       -0.0171287785       -0.9998532917
       -0.0171476277       -0.9998529686
       -0.0168967101       -0.9998572404
       -0.0163972781       -0.9998655556
       -0.0156587576       -0.9998773941
       -0.0146778616       -0.9998922744
       -0.0134393489       -0.9999096879
       -0.0120326221       -0.9999276054
       -0.0108308262       -0.9999413449
       -0.0096710461       -0.9999532343
       -0.0085832909       -0.9999631629
       -0.0075440600       -0.9999715432
       -0.0065188807       -0.9999787519
       -0.0054652943       -0.9999850652
       -0.0043245910       -0.9999906489
       -0.0030056999       -0.9999954829
       -0.0014063824       -0.9999990110
        0.0001156986       -0.9999999933
        0.0017499014       -0.9999984689
        0.0034196983       -0.9999941528
        0.0051232072       -0.9999868763
        0.0068644131       -0.9999764396
        0.0086385886       -0.9999626867
        0.0104327297       -0.9999455776
        0.0122263009       -0.9999252560
        0.0139736597       -0.9999023637
        0.0153037023       -0.9998828915
        0.0162624541       -0.9998677575
        0.0168098295       -0.9998587048
        0.0170213989       -0.9998551255
        0.0169503151       -0.9998563331
        0.0166257429       -0.9998617828
        0.0160629401       -0.9998709827
        0.0152655607       -0.9998834745
        0.0142232348       -0.9998988447
        0.0129596851       -0.9999160198
        0.0118251864       -0.9999300800
        0.0107175200       -0.9999425657
        0.0096827597       -0.9999531210
        0.0086997703       -0.9999621563
        0.0077350643       -0.9999700839
        0.0067489286       -0.9999772257
        0.0056884912       -0.9999838204
        0.0044736544       -0.9999899932
        0.0029880296       -0.9999955358
        0.0014665226       -0.9999989247
       -0.0001889915       -0.9999999821
       -0.0018811402       -0.9999982307
       -0.0036096528       -0.9999934852
       -0.0053840050       -0.9999855061
       -0.0072035987       -0.9999740537
       -0.0090587056       -0.9999589691
       -0.0109331068       -0.9999402318
       -0.0127988248       -0.9999180917
       -0.0145118103       -0.9998946981
       -0.0155937292       -0.9998784104
       -0.0163401356       -0.9998664911
       -0.0167440157       -0.9998598091
       -0.0168526350       -0.9998579843
       -0.0167008448       -0.9998605312
       -0.0163094819       -0.9998669916
       -0.0156882995       -0.9998769311
       -0.0148342252       -0.9998899668
       -0.0137449753       -0.9999055334
       -0.0126876517       -0.9999195085
       -0.0116396639       -0.9999322568
       -0.0106651155       -0.9999431260
       -0.0097452846       -0.9999525136
       -0.0088471094       -0.9999608636
       -0.0079329182       -0.9999685339
       -0.0069543425       -0.9999758183
       -0.0058401248       -0.9999829463
       -0.0044788925       -0.9999899697
       -0.0028314244       -0.9999959915
       -0.0012923588       -0.9999991649
        0.0003736383       -0.9999999302
        0.0021070792       -0.9999977801
        0.0039013742       -0.9999923896
        0.0057542218       -0.9999834443
        0.0076575135       -0.9999706808
        0.0095978497       -0.9999539396
        0.0115558799       -0.9999332286
        0.0134529689       -0.9999095047
        0.0147661856       -0.9998909739
        0.0157340656       -0.9998762119
        0.0163299917       -0.9998666568
        0.0166124680       -0.9998620034
        0.0166257698       -0.9998617823
        0.0163967080       -0.9998655649
        0.0159403380       -0.9998729447
        0.0152602780       -0.9998835552
        0.0143506953       -0.9998970235
        0.0132979816       -0.9999115779
        0.0123891935       -0.9999232510
        0.0115021109       -0.9999338485
        0.0106569667       -0.9999432129
        0.0098320024       -0.9999516647
        0.0089935987       -0.9999595568
        0.0080971661       -0.9999672174
        0.0070778443       -0.9999749517
        0.0058328021       -0.9999829891
        0.0042708322       -0.9999908800
        0.0027592230       -0.9999961933
        0.0011013090       -0.9999993936
       -0.0006333491       -0.9999997994
       -0.0024382743       -0.9999970274
       -0.0043135738       -0.9999906965
       -0.0062534339       -0.9999804471
       -0.0082467900       -0.9999659946
       -0.0102790991       -0.9999471687
       -0.0123076712       -0.9999242577
       -0.0138453852       -0.9999041481
       -0.0150291886       -0.9998870554
       -0.0158075639       -0.9998750527
       -0.0162522725       -0.9998679231
       -0.0164183901       -0.9998652091
       -0.0163388404       -0.9998665122
       -0.0160333208       -0.9998714581
       -0.0155109328       -0.9998796982
       -0.0147695423       -0.9998909244
       -0.0138524792       -0.9999040498
       -0.0130350166       -0.9999150406
       -0.0122288341       -0.9999252250
       -0.0114618635       -0.9999343107
       -0.0107151398       -0.9999425912
       -0.0099570965       -0.9999504269
       -0.0091460978       -0.9999581736
       -0.0082224699       -0.9999661949
       -0.0070919270       -0.9999748520
       -0.0056385242       -0.9999841034
       -0.0041662225       -0.9999913213
       -0.0025275510       -0.9999968057
       -0.0008022989       -0.9999996782
        0.0010027103       -0.9999994973
        0.0028897819       -0.9999958246
        0.0048551850       -0.9999882135
        0.0068898121       -0.9999762650
        0.0089822330       -0.9999596589
        0.0111085900       -0.9999382977
        0.0128596673       -0.9999173111
        0.0141448554       -0.9998999565
        0.0151091265       -0.9998858506
        0.0157380210       -0.9998761497
        0.0160776776       -0.9998707458
        0.0161653130       -0.9998693328
        0.0160256150       -0.9998715816
        0.0156733969       -0.9998771648
        0.0151128286       -0.9998857947
        0.0143575003       -0.9998969258
        0.0136353380       -0.9999070345
        0.0129110786       -0.9999166486
        0.0122244398       -0.9999252787
        0.0115602096       -0.9999331785
        0.0108892973       -0.9999407098
        0.0101737501       -0.9999482461
        0.0093603064       -0.9999561914
        0.0083662004       -0.9999650027
        0.0070679953       -0.9999750214
        0.0056545159       -0.9999840131
        0.0040499779       -0.9999917988
        0.0023503801       -0.9999972379
        0.0005633331       -0.9999998413
       -0.0013168322       -0.9999991330
       -0.0032892337       -0.9999945905
       -0.0053469085       -0.9999857052
       -0.0074807551       -0.9999720188
       -0.0096788938       -0.9999531584
       -0.0118143967       -0.9999302076
       -0.0132635973       -0.9999120346
       -0.0143898751       -0.9998964604
       -0.0151662002       -0.9998849866
       -0.0156440744       -0.9998776240
       -0.0158660531       -0.9998741263
       -0.0158607451       -0.9998742105
       -0.0156469085       -0.9998775796
       -0.0152338293       -0.9998839585
       -0.0146302843       -0.9998929717
       -0.0140151507       -0.9999017830
       -0.0133875220       -0.9999103831
       -0.0127918444       -0.9999181810
       -0.0122159707       -0.9999253822
       -0.0116328975       -0.9999323356
       -0.0110068694       -0.9999394226
       -0.0102876921       -0.9999470803
       -0.0093977724       -0.9999558400
       -0.0082159574       -0.9999662485
       -0.0068642861       -0.9999764405
       -0.0053013973       -0.9999859475
       -0.0036306770       -0.9999934091
       -0.0018616551       -0.9999982671
        0.0000123358       -0.9999999999
        0.0019917400       -0.9999980165
        0.0040709733       -0.9999917136
        0.0062427689       -0.9999805137
        0.0085004005       -0.9999638709
        0.0107557411       -0.9999421553
        0.0123483698       -0.9999237560
        0.0136193381       -0.9999072525
        0.0145284809       -0.9998944561
        0.0151317276       -0.9998855089
        0.0154763566       -0.9998802340
        0.0155943858       -0.9998784002
        0.0155078895       -0.9998797455
        0.0152305675       -0.9998840082
        0.0147721095       -0.9998908864
        0.0142699997       -0.9998981784
        0.0137465772       -0.9999055113
        0.0132478486       -0.9999122434
        0.0127647408       -0.9999185274
        0.0122725343       -0.9999246896
        0.0117374622       -0.9999311136
        0.0111116400       -0.9999382638
        0.0103210088       -0.9999467370
        0.0092473440       -0.9999572424
        0.0079660922       -0.9999682702
        0.0064552915       -0.9999791644
        0.0048218445       -0.9999883748
        0.0030777210       -0.9999952638
        0.0012162556       -0.9999992604
       -0.0007637373       -0.9999997084
       -0.0028577880       -0.9999959165
       -0.0050603394       -0.9999871964
       -0.0073686241       -0.9999728513
       -0.0097176145       -0.9999527829
       -0.0114284811       -0.9999346928
       -0.0128217335       -0.9999177982
       -0.0138458232       -0.9999041420
       -0.0145596344       -0.9998940029
       -0.0150140348       -0.9998872830
       -0.0152437564       -0.9998838072
       -0.0152736089       -0.9998833516
       -0.0151210629       -0.9998856702
       -0.0147989328       -0.9998904898
       -0.0144135764       -0.9998961190
       -0.0140003762       -0.9999019899
       -0.0136034900       -0.9999074682
       -0.0132167427       -0.9999126550
       -0.0128178685       -0.9999178477
       -0.0123749216       -0.9999234277
       -0.0118417138       -0.9999298844
       -0.0111463775       -0.9999378772
       -0.0101727056       -0.9999482567
       -0.0088558458       -0.9999607862
       -0.0074993958       -0.9999718791
       -0.0059421925       -0.9999823450
       -0.0042385051       -0.9999910175
       -0.0023986432       -0.9999971233
       -0.0004258036       -0.9999999093
        0.0016753745       -0.9999985966
        0.0039007724       -0.9999923920
        0.0062511022       -0.9999804617
        0.0086771097       -0.9999623532
        0.0104884161       -0.9999449951
        0.0119883135       -0.9999281376
        0.0131152570       -0.9999139913
        0.0139299399       -0.9999029737
        0.0144859376       -0.9998950733
        0.0148201867       -0.9998901750
        0.0149598641       -0.9998880950
        0.0149258534       -0.9998886032
        0.0147348170       -0.9998914367
        0.0144679843       -0.9998953332
        0.0141684812       -0.9998996220
        0.0138765649       -0.9999037158
        0.0135888555       -0.9999076672
        0.0132857103       -0.9999117411
        0.0129370199       -0.9999163133
        0.0124981272       -0.9999218954
        0.0118989159       -0.9999292054
        0.0110247977       -0.9999392251
        0.0098004476       -0.9999519745
        0.0085082830       -0.9999638039
        0.0070028237       -0.9999754799
        0.0053375992       -0.9999857549
        0.0035234786       -0.9999937925
        0.0015635556       -0.9999987776
       -0.0005383802       -0.9999998551
       -0.0027799145       -0.9999961360
       -0.0051651450       -0.9999866605
       -0.0076544843       -0.9999707040
       -0.0095453980       -0.9999544417
       -0.0111332565       -0.9999380234
       -0.0123489305       -0.9999237491
       -0.0132534572       -0.9999121691
       -0.0139019572       -0.9999033631
       -0.0143329569       -0.9998972779
       -0.0145756371       -0.9998937698
       -0.0146540063       -0.9998926243
       -0.0145888820       -0.9998935766
       -0.0144406858       -0.9998957279
       -0.0142569066       -0.9998983651
       -0.0140720819       -0.9999009834
       -0.0138853479       -0.9999035939
       -0.0136797221       -0.9999064282
       -0.0134268876       -0.9999098553
       -0.0130835381       -0.9999144069
       -0.0125808919       -0.9999208574
       -0.0118054423       -0.9999303133
       -0.0106753659       -0.9999430167
       -0.0094514131       -0.9999553344
       -0.0080028012       -0.9999679771
       -0.0063814727       -0.9999796382
       -0.0045988093       -0.9999894254
       -0.0026579005       -0.9999964678
       -0.0005617166       -0.9999998422
        0.0016891036       -0.9999985735
        0.0041020466       -0.9999915866
        0.0066431894       -0.9999779338
        0.0085958759       -0.9999630548
        0.0102555614       -0.9999474103
        0.0115478122       -0.9999333218
        0.0125327992       -0.9999214614
        0.0132661860       -0.9999120003
        0.0137875666       -0.9999049470
        0.0141278466       -0.9999001970
        0.0143139927       -0.9998975496
        0.0143711103       -0.9998967303
        0.0143405221       -0.9998971694
        0.0142730261       -0.9998981352
        0.0141963567       -0.9998992267
        0.0141118757       -0.9999004225
        0.0140052268       -0.9999019220
        0.0138498622       -0.9999040861
        0.0136037732       -0.9999074644
        0.0131993753       -0.9999128845
        0.0125240269       -0.9999215713
        0.0114910793       -0.9999339754
        0.0103395294       -0.9999465456
        0.0089529216       -0.9999599218
        0.0073811605       -0.9999727589
        0.0056360971       -0.9999841171
        0.0037208555       -0.9999930776
        0.0016375898       -0.9999986591
       -0.0006148890       -0.9999998110
       -0.0030474472       -0.9999953565
       -0.0056293951       -0.9999841548
       -0.0076302174       -0.9999708895
       -0.0093493248       -0.9999562941
       -0.0107086493       -0.9999426608
       -0.0117667121       -0.9999307698
       -0.0125790232       -0.9999208810
       -0.0131858667       -0.9999130627
       -0.0136196768       -0.9999072479
       -0.0139102922       -0.9999032472
       -0.0140871852       -0.9999007707
       -0.0141726278       -0.9998995633
       -0.0142210136       -0.9998988763
       -0.0142528030       -0.9998984236
       -0.0142713607       -0.9998981589
       -0.0142649112       -0.9998982510
       -0.0142087034       -0.9998990513
       -0.0140621050       -0.9999011237
       -0.0137588709       -0.9999053423
       -0.0131873913       -0.9999130426
       -0.0122560962       -0.9999248912
       -0.0111819619       -0.9999374799
       -0.0098630709       -0.9999513587
       -0.0083472040       -0.9999651615
       -0.0066466851       -0.9999779105
       -0.0047646908       -0.9999886488
       -0.0027025686       -0.9999963481
       -0.0004573173       -0.9999998954
        0.0019851882       -0.9999980295
        0.0045965290       -0.9999894359
        0.0066360903       -0.9999779809
        0.0084060836       -0.9999646683
        0.0098256493       -0.9999517271
        0.0109513148       -0.9999400326
        0.0118380764       -0.9999299275
        0.0125266805       -0.9999215381
        0.0130509542       -0.9999148327
        0.0134435506       -0.9999096314
        0.0137383685       -0.9999056242
        0.0139382142       -0.9999028584
        0.0141016442       -0.9999005669
        0.0142417479       -0.9998985812
        0.0143637939       -0.9998968354
        0.0144585982       -0.9998954690
        0.0145033088       -0.9998948215
        0.0144588831       -0.9998954649
        0.0142608172       -0.9998983094
        0.0137991055       -0.9999047878
        0.0129759093       -0.9999158093
        0.0119854384       -0.9999281721
        0.0107409344       -0.9999423145
        0.0092882558       -0.9999568632
        0.0076402852       -0.9999708126
        0.0058002909       -0.9999831782
        0.0037688664       -0.9999928978
        0.0015413245       -0.9999988122
       -0.0008994239       -0.9999995955
       -0.0035278797       -0.9999937770
       -0.0056004786       -0.9999843172
       -0.0074162868       -0.9999724990
       -0.0088916150       -0.9999604688
       -0.0100810220       -0.9999491852
       -0.0110389340       -0.9999390691
       -0.0118064587       -0.9999303013
       -0.0124187096       -0.9999228849
       -0.0129110635       -0.9999166487
       -0.0133218974       -0.9999112596
       -0.0136348517       -0.9999070411
       -0.0139125050       -0.9999032164
       -0.0141605968       -0.9998997337
       -0.0143863612       -0.9998965110
       -0.0145833269       -0.9998936576
       -0.0147307392       -0.9998914968
       -0.0147914790       -0.9998906001
       -0.0147034105       -0.9998918990
       -0.0143591257       -0.9998969024
       -0.0136525599       -0.9999067995
       -0.0127535169       -0.9999186706
       -0.0115913173       -0.9999328184
       -0.0102102929       -0.9999478736
       -0.0086240818       -0.9999628119
       -0.0068361402       -0.9999766333
       -0.0048464344       -0.9999882560
       -0.0026488552       -0.9999964918
       -0.0002238483       -0.9999999749
        0.0024082468       -0.9999971002
        0.0045110910       -0.9999898250
        0.0063704641       -0.9999797084
        0.0078989442       -0.9999688029
        0.0091494245       -0.9999581431
        0.0101759581       -0.9999482236
        0.0110200112       -0.9999392778
        0.0117178709       -0.9999313434
        0.0123074582       -0.9999242604
        0.0128316529       -0.9999176710
        0.0132570387       -0.9999121216
        0.0136484784       -0.9999068552
        0.0140042542       -0.9999019356
        0.0143338098       -0.9998972657
        0.0146336610       -0.9998929222
        0.0148854479       -0.9998892056
        0.0150544018       -0.9998866761
        0.0150815323       -0.9998862672
        0.0148634356       -0.9998895330
        0.0142841449       -0.9998979764
        0.0134858954       -0.9999090612
        0.0124152716       -0.9999229275
        0.0111155657       -0.9999382202
        0.0096014993       -0.9999539045
        0.0078768991       -0.9999689767
        0.0059413203       -0.9999823502
        0.0037876377       -0.9999928269
        0.0013945339       -0.9999990276
       -0.0012260057       -0.9999992485
       -0.0033582492       -0.9999943611
       -0.0052609301       -0.9999861612
       -0.0068411602       -0.9999765990
       -0.0081506746       -0.9999667827
       -0.0092435573       -0.9999572774
       -0.0101617023       -0.9999483686
       -0.0109424280       -0.9999401298
       -0.0116258895       -0.9999324171
       -0.0122593879       -0.9999248509
       -0.0127973200       -0.9999181109
       -0.0133027614       -0.9999115144
       -0.0137660734       -0.9999052431
       -0.0141993376       -0.9998991843
       -0.0146025083       -0.9998933777
       -0.0149600047       -0.9998880929
       -0.0152398721       -0.9998838664
       -0.0153870696       -0.9998816120
       -0.0153038947       -0.9998828885
       -0.0148642332       -0.9998895212
       -0.0141774785       -0.9998994945
       -0.0132088356       -0.9999127595
       -0.0120010156       -0.9999279852
       -0.0105702933       -0.9999441329
       -0.0089211517       -0.9999602057
       -0.0070530386       -0.9999751270
       -0.0049583265       -0.9999877074
       -0.0026148049       -0.9999965814
       -0.0000233524       -0.9999999997
        0.0021381270       -0.9999977142
        0.0040847091       -0.9999916575
        0.0057155608       -0.9999836660
        0.0070819062       -0.9999749230
        0.0082384328       -0.9999660635
        0.0092275852       -0.9999574249
        0.0100875381       -0.9999491195
        0.0108602370       -0.9999410259
        0.0115970743       -0.9999327517
        0.0122484259       -0.9999249852
        0.0128186963       -0.9999178371
        0.0133791437       -0.9999104953
        0.0139157807       -0.9999031708
        0.0144254339       -0.9998959480
        0.0148953604       -0.9998890580
        0.0152984040       -0.9998829726
        0.0155871975       -0.9998785123
        0.0156776055       -0.9998770988
        0.0154353249       -0.9998808683
        0.0149072020       -0.9998888815
        0.0140823678       -0.9999008385
        0.0130056572       -0.9999154229
        0.0116972239       -0.9999315851
        0.0101631946       -0.9999483534
        0.0084038091       -0.9999646874
        0.0064126611       -0.9999794387
        0.0041697812       -0.9999913064
        0.0016543545       -0.9999986316
       -0.0005873120       -0.9999998275
       -0.0026310776       -0.9999965387
       -0.0043485432       -0.9999905450
       -0.0057956859       -0.9999832049
       -0.0070328737       -0.9999752690
       -0.0081049654       -0.9999671542
       -0.0090509458       -0.9999590394
       -0.0099131236       -0.9999508638
       -0.0107449944       -0.9999422709
       -0.0115804267       -0.9999329446
       -0.0122547518       -0.9999249077
       -0.0129209948       -0.9999165205
       -0.0135608883       -0.9999080469
       -0.0141740997       -0.9998995424
       -0.0147515907       -0.9998911894
       -0.0152702445       -0.9998834030
       -0.0156884113       -0.9998769293
       -0.0159321104       -0.9998730759
       -0.0158700422       -0.9998740630
       -0.0154912943       -0.9998800027
       -0.0148032004       -0.9998904266
       -0.0138507516       -0.9999040737
       -0.0126580858       -0.9999198832
       -0.0112333316       -0.9999369041
       -0.0095776518       -0.9999541332
       -0.0076855581       -0.9999704657
       -0.0055387736       -0.9999846609
       -0.0031091148       -0.9999951667
       -0.0008265674       -0.9999996584
        0.0012770770       -0.9999991845
        0.0030508785       -0.9999953461
        0.0045535928       -0.9999896323
        0.0058497607       -0.9999828900
        0.0069859752       -0.9999755978
        0.0080018352       -0.9999679848
        0.0089401052       -0.9999600365
        0.0098558392       -0.9999514300
        0.0107971871       -0.9999417087
        0.0115757195       -0.9999329991
        0.0123484985       -0.9999237544
        0.0130912729       -0.9999143056
        0.0138070443       -0.9999046782
        0.0144911033       -0.9998949984
        0.0151247617       -0.9998856142
        0.0156723063       -0.9998771819
        0.0160704063       -0.9998708627
        0.0161992661       -0.9998687833
        0.0159867488       -0.9998722038
        0.0154505429       -0.9998806332
        0.0146352212       -0.9998928994
        0.0135705685       -0.9999079156
        0.0122676567       -0.9999247495
        0.0107291160       -0.9999424414
        0.0089508743       -0.9999599401
        0.0069171287       -0.9999760764
        0.0045969305       -0.9999894341
        0.0021087866       -0.9999977765
        0.0001484258       -0.9999999890
       -0.0016366507       -0.9999986607
       -0.0031889071       -0.9999949154
       -0.0045439236       -0.9999896763
       -0.0057433232       -0.9999835070
       -0.0068259004       -0.9999767033
       -0.0078338277       -0.9999693151
       -0.0088216643       -0.9999610884
       -0.0098520094       -0.9999514678
       -0.0107401565       -0.9999423229
       -0.0116245008       -0.9999324332
       -0.0124716910       -0.9999222254
       -0.0132896005       -0.9999116894
       -0.0140794534       -0.9999008796
       -0.0148279834       -0.9998900594
       -0.0155060563       -0.9998797739
       -0.0160617570       -0.9998710017
       -0.0163953713       -0.9998655869
       -0.0163792241       -0.9998658515
       -0.0160207418       -0.9998716597
       -0.0153628583       -0.9998819843
       -0.0144444883       -0.9998956729
       -0.0132813985       -0.9999117983
       -0.0118785012       -0.9999294481
       -0.0102337815       -0.9999476335
       -0.0083348323       -0.9999652647
       -0.0061522933       -0.9999810745
       -0.0037240446       -0.9999930657
       -0.0017188647       -0.9999985228
        0.0001274113       -0.9999999919
        0.0017379510       -0.9999984898
        0.0031498385       -0.9999950392
        0.0044072849       -0.9999902879
        0.0055497587       -0.9999846000
        0.0066186498       -0.9999780965
        0.0076666186       -0.9999706110
        0.0087636036       -0.9999615989
        0.0097678932       -0.9999522930
        0.0107703349       -0.9999419983
        0.0117236530       -0.9999312756
        0.0126421448       -0.9999200849
        0.0135346267       -0.9999084027
        0.0143938696       -0.9998964029
        0.0151970690       -0.9998845179
        0.0159023150       -0.9998735502
        0.0164307027       -0.9998650069
        0.0166290633       -0.9998617276
        0.0164610719       -0.9998645074
        0.0159816290       -0.9998722856
        0.0152243357       -0.9998841031
        0.0142126948       -0.9998989946
        0.0129563514       -0.9999160630
        0.0114563229       -0.9999343742
        0.0097039625       -0.9999529154
        0.0076744239       -0.9999705512
        0.0053582014       -0.9999856447
        0.0033132260       -0.9999945113
        0.0014081991       -0.9999990085
       -0.0002543668       -0.9999999676
       -0.0017143370       -0.9999985305
       -0.0030200450       -0.9999954397
       -0.0042122267       -0.9999911285
       -0.0053315497       -0.9999857872
       -0.0064282952       -0.9999793383
       -0.0075729109       -0.9999713251
       -0.0087937118       -0.9999613346
       -0.0098118647       -0.9999518625
       -0.0108430413       -0.9999412125
       -0.0118536450       -0.9999297431
       -0.0128439143       -0.9999175135
       -0.0138090472       -0.9999046506
       -0.0147315990       -0.9998914841
       -0.0155783017       -0.9998786509
       -0.0162885933       -0.9998673321
       -0.0167326685       -0.9998599991
       -0.0167791543       -0.9998592201
       -0.0164970871       -0.9998639138
       -0.0159190037       -0.9998732846
       -0.0150765076       -0.9998863430
       -0.0139841828       -0.9999022165
       -0.0126464092       -0.9999200310
       -0.0110586493       -0.9999388513
       -0.0092023397       -0.9999576576
       -0.0070486638       -0.9999751579
       -0.0049608811       -0.9999876948
       -0.0029888483       -0.9999955334
       -0.0012739161       -0.9999991886
        0.0002287858       -0.9999999738
        0.0015748933       -0.9999987599
        0.0028077027       -0.9999960584
        0.0039674401       -0.9999921297
        0.0051017069       -0.9999869862
        0.0062774139       -0.9999802968
        0.0075620102       -0.9999714076
        0.0086761832       -0.9999623612
        0.0098092134       -0.9999518885
        0.0109157754       -0.9999404211
        0.0120010275       -0.9999279851
        0.0130668055       -0.9999146257
        0.0141018879       -0.9999005634
        0.0150807441       -0.9998862791
        0.0159574979       -0.9998726710
        0.0166365170       -0.9998616036
        0.0169229766       -0.9998567962
        0.0168597435       -0.9998578644
        0.0164742694       -0.9998642900
        0.0158104505       -0.9998750070
        0.0148901470       -0.9998891356
        0.0137219005       -0.9999058503
        0.0123052729       -0.9999242873
        0.0106279673       -0.9999435216
        0.0086609537       -0.9999624932
        0.0064568967       -0.9999791540
        0.0046141156       -0.9999893549
        0.0028918950       -0.9999958185
        0.0013552380       -0.9999990817
       -0.0000271418       -0.9999999996
       -0.0012951246       -0.9999991613
       -0.0024874843       -0.9999969062
       -0.0036484942       -0.9999933442
       -0.0048386795       -0.9999882935
       -0.0061413683       -0.9999811416
       -0.0073617529       -0.9999729019
       -0.0086072274       -0.9999629571
       -0.0098123666       -0.9999518576
       -0.0109896574       -0.9999396119
       -0.0121503453       -0.9999261818
       -0.0132905048       -0.9999116773
       -0.0143918936       -0.9998964313
       -0.0154202299       -0.9998811012
       -0.0163096695       -0.9998669885
       -0.0168988446       -0.9998572043
       -0.0170507000       -0.9998546262
       -0.0168793125       -0.9998575343
       -0.0164114318       -0.9998653234
       -0.0156763426       -0.9998771186
       -0.0146888369       -0.9998921132
       -0.0134533166       -0.9999095000
       -0.0119636638       -0.9999284328
       -0.0101977152       -0.9999480020
       -0.0081435475       -0.9999668408
       -0.0062759296       -0.9999803062
       -0.0045071524       -0.9999898427
       -0.0029345356       -0.9999956942
       -0.0015242435       -0.9999988383
       -0.0002319074       -0.9999999731
        0.0009820562       -0.9999995178
        0.0021595868       -0.9999976681
        0.0033552938       -0.9999943710
        0.0046495875       -0.9999891906
        0.0060853601       -0.9999814840
        0.0073177258       -0.9999732251
        0.0085854570       -0.9999631443
        0.0098425670       -0.9999515608
        0.0110897068       -0.9999385073
        0.0123255875       -0.9999240371
        0.0135376035       -0.9999083624
        0.0147000777       -0.9998919480
        0.0157668469       -0.9998756955
        0.0166279156       -0.9998617467
        0.0170426100       -0.9998547642
        0.0171134863       -0.9998535536
        0.0168607455       -0.9998578475
        0.0163259578       -0.9998667227
        0.0155320480       -0.9998793705
        0.0144887979       -0.9998950319
        0.0131959984       -0.9999129290
        0.0116400607       -0.9999322522
        0.0097936874       -0.9999520407
        0.0077681434       -0.9999698275
        0.0060958077       -0.9999814204
        0.0045243188       -0.9999897652
        0.0030987958       -0.9999951987
        0.0017913057       -0.9999983956
        0.0005651328       -0.9999998403
       -0.0006191090       -0.9999998084
       -0.0018104945       -0.9999983611
       -0.0030803564       -0.9999952557
       -0.0045172629       -0.9999897971
       -0.0058321615       -0.9999829928
       -0.0071929285       -0.9999741306
       -0.0085344367       -0.9999635810
       -0.0098631116       -0.9999513583
       -0.0111860179       -0.9999374345
       -0.0124975127       -0.9999219030
       -0.0137793514       -0.9999050602
       -0.0149985715       -0.9998875151
       -0.0160878245       -0.9998705826
       -0.0168007174       -0.9998588580
       -0.0171429096       -0.9998530495
       -0.0171184516       -0.9998534686
       -0.0167890854       -0.9998590534
       -0.0161903682       -0.9998689274
       -0.0153387436       -0.9998823546
       -0.0142395267       -0.9998986128
       -0.0128866711       -0.9999169634
       -0.0112578288       -0.9999366286
       -0.0093634454       -0.9999561620
       -0.0076891488       -0.9999704381
       -0.0060955588       -0.9999814219
       -0.0046556395       -0.9999891625
       -0.0033408789       -0.9999944192
       -0.0021121764       -0.9999977694
       -0.0009308853       -0.9999995667
        0.0002478230       -0.9999999693
        0.0014861589       -0.9999988957
        0.0028767734       -0.9999958621
        0.0042800131       -0.9999908407
        0.0056203128       -0.9999842059
        0.0070139964       -0.9999754016
        0.0084110871       -0.9999646262
        0.0098100673       -0.9999518801
        0.0112091008       -0.9999371761
        0.0125963687       -0.9999206626
        0.0139486272       -0.9999027132
        0.0152245240       -0.9998841002
        0.0163137017       -0.9998669227
        0.0169165077       -0.9998569056
        0.0171743230       -0.9998525104
        0.0170991651       -0.9998537986
        0.0167353971       -0.9998599534
        0.0161097684       -0.9998702293
        0.0152350247       -0.9998839403
        0.0141132568       -0.9999004030
        0.0127330022       -0.9999189320
        0.0110709330       -0.9999387153
        0.0092471797       -0.9999572439
        0.0077300836       -0.9999701225
        0.0062935558       -0.9999801954
        0.0049745916       -0.9999876266
        0.0037469145       -0.9999929803
        0.0025749041       -0.9999966849
        0.0014181189       -0.9999989945
        0.0002237734       -0.9999999750
       -0.0010872461       -0.9999994089
       -0.0026074675       -0.9999966006
       -0.0040076521       -0.9999919693
       -0.0054749773       -0.9999850122
       -0.0069404925       -0.9999759145
       -0.0084073695       -0.9999646574
       -0.0098812952       -0.9999511788
       -0.0113567539       -0.9999355100
       -0.0128171241       -0.9999178573
       -0.0142333084       -0.9998987013
       -0.0155436083       -0.9998791908
       -0.0164571657       -0.9998645717
       -0.0169999947       -0.9998554896
       -0.0171627951       -0.9998527084
       -0.0170111133       -0.9998553005
       -0.0165858123       -0.9998624460
       -0.0159072335       -0.9998734720
       -0.0149836342       -0.9998877391
       -0.0138116414       -0.9999046147
       -0.0123722119       -0.9999234613
       -0.0106829504       -0.9999429357
       -0.0091872826       -0.9999577960
       -0.0077529729       -0.9999699453
       -0.0064423264       -0.9999792480
       -0.0052297297       -0.9999863249
       -0.0040784580       -0.9999916831
       -0.0029498205       -0.9999956493
       -0.0017965504       -0.9999983862
       -0.0005507479       -0.9999998483
        0.0008890618       -0.9999996048
        0.0023497923       -0.9999972392
        0.0038952418       -0.9999924135
        0.0054272390       -0.9999852724
        0.0069545797       -0.9999758166
        0.0084927025       -0.9999639364
        0.0100429567       -0.9999495682
        0.0115942692       -0.9999327842
        0.0131249746       -0.9999138638
        0.0145961100       -0.9998934711
        0.0158794521       -0.9998739136
        0.0166226958       -0.9998618334
        0.0170260257       -0.9998550467
        0.0170961058       -0.9998538509
        0.0168767490       -0.9998575775
        0.0163964539       -0.9998655691
        0.0156699911       -0.9998772182
        0.0147011337       -0.9998919325
        0.0134797984       -0.9999091434
        0.0119901157       -0.9999281160
        0.0105257377       -0.9999446029
        0.0090983751       -0.9999586089
        0.0078037495       -0.9999695503
        0.0066159983       -0.9999781140
        0.0054951668       -0.9999849015
        0.0044028127       -0.9999903076
        0.0032953914       -0.9999945702
        0.0021134786       -0.9999977666
        0.0007655352       -0.9999997070
       -0.0008279186       -0.9999996573
       -0.0022851656       -0.9999973890
       -0.0038299877       -0.9999926656
       -0.0053974056       -0.9999854339
       -0.0069859964       -0.9999755976
       -0.0085975966       -0.9999630400
       -0.0102250081       -0.9999477232
       -0.0118518966       -0.9999297638
       -0.0134512905       -0.9999095273
       -0.0149569038       -0.9998881393
       -0.0159995579       -0.9998719989
       -0.0166812296       -0.9998608586
       -0.0169866142       -0.9998557171
       -0.0169777295       -0.9998558680
       -0.0166962144       -0.9998606085
       -0.0161644349       -0.9998693470
       -0.0153926359       -0.9998815264
       -0.0143791466       -0.9998966147
       -0.0131079642       -0.9999140869
       -0.0116245274       -0.9999324329
       -0.0103351062       -0.9999465914
       -0.0090932218       -0.9999586558
       -0.0079429784       -0.9999684540
       -0.0068609778       -0.9999764632
       -0.0058127221       -0.9999831060
       -0.0047583876       -0.9999886788
       -0.0036457451       -0.9999933542
       -0.0023962594       -0.9999971290
       -0.0008999090       -0.9999995951
        0.0005817503       -0.9999998308
        0.0021712882       -0.9999976428
        0.0037801939       -0.9999928550
        0.0054103411       -0.9999853640
        0.0070707355       -0.9999750020
        0.0087596337       -0.9999616337
        0.0104653655       -0.9999452366
        0.0121678663       -0.9999259688
        0.0138298506       -0.9999043630
        0.0152886759       -0.9998831214
        0.0161542759       -0.9998695112
        0.0166874507       -0.9998607548
        0.0168914556       -0.9998573292
        0.0168086824       -0.9998587241
        0.0164686216       -0.9998643831
        0.0158877916       -0.9998737811
        0.0150717133       -0.9998864153
        0.0140122098       -0.9999018242
        0.0127066133       -0.9999192677
        0.0114728170       -0.9999341851
        0.0102667340       -0.9999472957
        0.0091565919       -0.9999580775
        0.0081206241       -0.9999670272
        0.0071237841       -0.9999746255
        0.0061281481       -0.9999812227
        0.0050866682       -0.9999870628
        0.0039313765       -0.9999922721
        0.0025567529       -0.9999967315
        0.0009230655       -0.9999995740
       -0.0005739081       -0.9999998353
       -0.0021775276       -0.9999976292
       -0.0038295763       -0.9999926671
       -0.0055248474       -0.9999847379
       -0.0072614226       -0.9999736355
       -0.0090304385       -0.9999592248
       -0.0108160872       -0.9999415044
       -0.0125935608       -0.9999206980
       -0.0142791037       -0.9998980484
       -0.0154140026       -0.9998811972
       -0.0162016797       -0.9998687442
       -0.0166255591       -0.9998617858
       -0.0167416439       -0.9998598489
       -0.0165902368       -0.9998623726
       -0.0161947093       -0.9998688571
       -0.0155668715       -0.9998788289
       -0.0147066157       -0.9998918519
       -0.0136031900       -0.9999074723
       -0.0123446634       -0.9999238017
       -0.0112690982       -0.9999365017
       -0.0102299178       -0.9999476730
       -0.0092531486       -0.9999571887
       -0.0083161012       -0.9999654206
       -0.0073849626       -0.9999727308
       -0.0064170141       -0.9999794108
       -0.0053521895       -0.9999856769
       -0.0040965838       -0.9999916090
       -0.0025493715       -0.9999967503
       -0.0010613115       -0.9999994368
        0.0005540484       -0.9999998465
        0.0022231890       -0.9999975287
        0.0039420776       -0.9999922300
        0.0057129817       -0.9999836808
        0.0075306470       -0.9999716443
        0.0093827161       -0.9999559814
        0.0112508656       -0.9999367070
        0.0130927330       -0.9999142865
        0.0145082708       -0.9998947495
        0.0155606086       -0.9998789264
        0.0162027560       -0.9998687267
        0.0165098421       -0.9998637033
        0.0165366201       -0.9998632607
        0.0163142026       -0.9998669145
        0.0158600448       -0.9998742216
        0.0151806549       -0.9998847672
        0.0142698793       -0.9998981801
        0.0131560772       -0.9999134551
        0.0121582018       -0.9999260863
        0.0111827385       -0.9999374712
        0.0102695119       -0.9999472672
        0.0093985993       -0.9999558322
        0.0085377579       -0.9999635527
        0.0076473911       -0.9999707583
        0.0066735551       -0.9999777316
        0.0055334905       -0.9999846901
        0.0041092354       -0.9999915571
        0.0026414258       -0.9999965114
        0.0010236178       -0.9999994761
       -0.0006526549       -0.9999997870
       -0.0023840501       -0.9999971581
       -0.0041772724       -0.9999912752
       -0.0060305998       -0.9999818158
       -0.0079345440       -0.9999685210
       -0.0098746206       -0.9999512447
       -0.0118262699       -0.9999300672
       -0.0136369579       -0.9999070124
       -0.0147991430       -0.9998904867
       -0.0156331229       -0.9998777953
       -0.0161283105       -0.9998699303
       -0.0163316929       -0.9998666290
       -0.0162793127       -0.9998674832
       -0.0159938460       -0.9998720903
       -0.0154875619       -0.9998800605
       -0.0147611257       -0.9998910486
       -0.0138183664       -0.9999045218
       -0.0129080529       -0.9999166876
       -0.0120043887       -0.9999279447
       -0.0111619628       -0.9999377034
       -0.0103637680       -0.9999462947
       -0.0095787968       -0.9999541223
       -0.0087699844       -0.9999615429
       -0.0078882267       -0.9999688875
       -0.0068599158       -0.9999764705
       -0.0055703719       -0.9999844854
       -0.0041356354       -0.9999914482
       -0.0025258897       -0.9999968099
       -0.0008522462       -0.9999996368
        0.0008815064       -0.9999996115
        0.0026864290       -0.9999963915
        0.0045641629       -0.9999895842
        0.0065076932       -0.9999788247
        0.0085052032       -0.9999638301
        0.0105404255       -0.9999444482
        0.0125274163       -0.9999215288
        0.0139031104       -0.9999033471
        0.0149440883       -0.9998883309
        0.0156212557       -0.9998779807
        0.0159908517       -0.9998721382
        0.0160971240       -0.9998704329
        0.0159681171       -0.9998725015
        0.0156209606       -0.9998779854
        0.0150624570       -0.9998865548
        0.0142926255       -0.9998978552
        0.0134825400       -0.9999091064
        0.0126629514       -0.9999198216
        0.0119010591       -0.9999291799
        0.0111830673       -0.9999374675
        0.0104791831       -0.9999450919
        0.0097543230       -0.9999524255
        0.0089627963       -0.9999598333
        0.0080372079       -0.9999677011
        0.0068702271       -0.9999763997
        0.0053830048       -0.9999855115
        0.0039273133       -0.9999922881
        0.0023112806       -0.9999973290
        0.0005981036       -0.9999998211
       -0.0012040681       -0.9999992751
       -0.0030934941       -0.9999952151
       -0.0050638806       -0.9999871785
       -0.0071052385       -0.9999747575
       -0.0092059888       -0.9999576240
       -0.0113206907       -0.9999359189
       -0.0129061318       -0.9999167124
       -0.0141515900       -0.9998998612
       -0.0150047309       -0.9998874227
       -0.0155327060       -0.9998793602
       -0.0157891583       -0.9998753435
       -0.0158076581       -0.9998750512
       -0.0156096856       -0.9998781614
       -0.0152072820       -0.9998843626
       -0.0146034770       -0.9998933635
       -0.0138504712       -0.9999040776
       -0.0131829719       -0.9999131009
       -0.0125247449       -0.9999215623
       -0.0118962428       -0.9999292372
       -0.0112791945       -0.9999363879
       -0.0106429012       -0.9999433627
       -0.0099452756       -0.9999505445
       -0.0091243975       -0.9999583718
       -0.0080811819       -0.9999673467
       -0.0067068521       -0.9999775088
       -0.0053060654       -0.9999859227
       -0.0037253498       -0.9999930609
       -0.0020355458       -0.9999979283
       -0.0002454814       -0.9999999699
        0.0016446495       -0.9999986476
        0.0036302610       -0.9999934106
        0.0057031135       -0.9999837371
        0.0078546820       -0.9999691515
        0.0100616930       -0.9999493799
        0.0118448102       -0.9999298478
        0.0132851711       -0.9999117482
        0.0143033106       -0.9998977024
        0.0149782515       -0.9998878197
        0.0153737679       -0.9998818166
        0.0155289286       -0.9998794189
        0.0154690931       -0.9998803464
        0.0152106720       -0.9998843110
        0.0147614123       -0.9998910444
        0.0141526631       -0.9998998460
        0.0135900978       -0.9999076504
        0.0130284400       -0.9999151263
        0.0124921705       -0.9999219698
        0.0119659091       -0.9999284059
        0.0114213250       -0.9999347745
        0.0108191038       -0.9999414718
        0.0101015779       -0.9999489778
        0.0091766073       -0.9999578941
        0.0079229614       -0.9999686128
        0.0065870314       -0.9999783053
        0.0050521024       -0.9999872380
        0.0033952158       -0.9999942362
        0.0016263666       -0.9999986775
       -0.0002552975       -0.9999999674
       -0.0022465767       -0.9999974764
       -0.0043407443       -0.9999905789
       -0.0065315775       -0.9999786690
       -0.0088078332       -0.9999612103
       -0.0107640463       -0.9999420660
       -0.0122468820       -0.9999250041
       -0.0134220126       -0.9999099207
       -0.0142630603       -0.9998982774
       -0.0148176686       -0.9998902123
       -0.0151269562       -0.9998855811
       -0.0152201682       -0.9998841665
       -0.0151182349       -0.9998857130
       -0.0148345308       -0.9998899623
       -0.0143865813       -0.9998965078
       -0.0139332972       -0.9999029269
       -0.0134700672       -0.9999092745
       -0.0130283958       -0.9999151268
       -0.0125970512       -0.9999206540
       -0.0121509333       -0.9999261747
       -0.0116546393       -0.9999320824
       -0.0110565508       -0.9999388745
       -0.0102750320       -0.9999472105
       -0.0091859461       -0.9999578083
       -0.0079395620       -0.9999684812
       -0.0064706228       -0.9999790653
       -0.0048672882       -0.9999881547
       -0.0031415730       -0.9999950652
       -0.0012908378       -0.9999991669
        0.0006836754       -0.9999997663
        0.0027768509       -0.9999961445
        0.0049840855       -0.9999875794
        0.0073029262       -0.9999733333
        0.0096164505       -0.9999537609
        0.0112375575       -0.9999368567
        0.0125531020       -0.9999212067
        0.0135250505       -0.9999085323
        0.0142047110       -0.9998991080
        0.0146373000       -0.9998928690
        0.0148551753       -0.9998896558
        0.0148824950       -0.9998892495
        0.0147370826       -0.9998914033
        0.0144362073       -0.9998957925
        0.0140989433       -0.9999006050
        0.0137442248       -0.9999055437
        0.0134043974       -0.9999101570
        0.0130714746       -0.9999145646
        0.0127230729       -0.9999190584
        0.0123263109       -0.9999240281
        0.0118326747       -0.9999299915
        0.0111654171       -0.9999376648
        0.0102030460       -0.9999479476
        0.0090427620       -0.9999591134
        0.0076416736       -0.9999708020
        0.0060912783       -0.9999814480
        0.0044059847       -0.9999902936
        0.0025831338       -0.9999966637
        0.0006231449       -0.9999998058
       -0.0014700596       -0.9999989195
       -0.0036935892       -0.9999931787
       -0.0060494675       -0.9999817018
       -0.0084549595       -0.9999642562
       -0.0101957202       -0.9999480223
       -0.0116361962       -0.9999322972
       -0.0127264359       -0.9999190156
       -0.0135204691       -0.9999085943
       -0.0140669771       -0.9999010552
       -0.0144009739       -0.9998963006
       -0.0145493828       -0.9998941521
       -0.0145339719       -0.9998943763
       -0.0143746256       -0.9998966797
       -0.0141565430       -0.9998997911
       -0.0139148864       -0.9999031833
       -0.0136806182       -0.9999064160
       -0.0134489777       -0.9999095584
       -0.0132004605       -0.9999128701
       -0.0129046250       -0.9999167319
       -0.0125156534       -0.9999216761
       -0.0119607693       -0.9999284674
       -0.0111219080       -0.9999381497
       -0.0100548564       -0.9999494487
       -0.0087302927       -0.9999618903
       -0.0072406928       -0.9999737858
       -0.0056031615       -0.9999843022
       -0.0038156109       -0.9999927205
       -0.0018779789       -0.9999982366
        0.0002068644       -0.9999999786
        0.0024376902       -0.9999970288
        0.0048201862       -0.9999883828
        0.0072947023       -0.9999733933
        0.0091358600       -0.9999582672
        0.0106841673       -0.9999429227
        0.0118790192       -0.9999294420
        0.0127761775       -0.9999183813
        0.0134269826       -0.9999098540
        0.0138685935       -0.9999038264
        0.0141302859       -0.9999001625
        0.0142373485       -0.9998986438
        0.0142134871       -0.9998989833
        0.0141160872       -0.9999003631
        0.0139906247       -0.9999021264
        0.0138646171       -0.9999038816
        0.0137364053       -0.9999056511
        0.0135894817       -0.9999076587
        0.0133957892       -0.9999102724
        0.0131119198       -0.9999140351
        0.0126684129       -0.9999197524
        0.0119506026       -0.9999285890
        0.0109825279       -0.9999396902
        0.0097419282       -0.9999525463
        0.0083201620       -0.9999653869
        0.0067371643       -0.9999773051
        0.0049919068       -0.9999875404
        0.0030841400       -0.9999952440
        0.0010158040       -0.9999994841
       -0.0012135031       -0.9999992637
       -0.0036127229       -0.9999934741
       -0.0061381311       -0.9999811615
       -0.0080614503       -0.9999675060
       -0.0097012665       -0.9999529416
       -0.0109878720       -0.9999396315
       -0.0119777656       -0.9999282640
       -0.0127241221       -0.9999190451
       -0.0132657541       -0.9999120060
       -0.0136339446       -0.9999070535
       -0.0138571817       -0.9999039846
       -0.0139634609       -0.9999025061
       -0.0139868744       -0.9999021789
       -0.0139793051       -0.9999022847
       -0.0139632255       -0.9999025094
       -0.0139399149       -0.9999028347
       -0.0138959441       -0.9999034467
       -0.0138056331       -0.9999046977
       -0.0136278549       -0.9999071365
       -0.0132961461       -0.9999116023
       -0.0126991736       -0.9999193622
       -0.0117482754       -0.9999309866
       -0.0106644764       -0.9999431329
       -0.0093416916       -0.9999563654
       -0.0078276920       -0.9999693631
       -0.0061347409       -0.9999811823
       -0.0042663158       -0.9999908992
       -0.0022244646       -0.9999975259
       -0.0000074611       -1.0000000000
        0.0023964822       -0.9999971284
        0.0049570269       -0.9999877139
        0.0069510952       -0.9999758408
        0.0086724307       -0.9999623938
        0.0100427093       -0.9999495707
        0.0111186865       -0.9999381855
        0.0119549585       -0.9999285369
        0.0125916997       -0.9999207214
        0.0130619536       -0.9999146890
        0.0133971580       -0.9999102541
        0.0136297724       -0.9999071103
        0.0137738777       -0.9999051356
        0.0138850687       -0.9999035978
        0.0139798455       -0.9999022772
        0.0140624560       -0.9999011188
        0.0141227359       -0.9999002692
        0.0141375360       -0.9999000600
        0.0140681661       -0.9999010385
        0.0138513904       -0.9999040649
        0.0133798057       -0.9999104864
        0.0125521976       -0.9999212181
        0.0115625873       -0.9999331511
        0.0103224956       -0.9999467216
        0.0088791254       -0.9999605798
        0.0072456732       -0.9999737498
        0.0054257040       -0.9999852808
        0.0034205688       -0.9999941498
        0.0012271889       -0.9999992470
       -0.0011686905       -0.9999993171
       -0.0037485836       -0.9999929740
       -0.0058032608       -0.9999831609
       -0.0075972381       -0.9999711406
       -0.0090437684       -0.9999591043
       -0.0101995481       -0.9999479833
       -0.0111203119       -0.9999381674
       -0.0118473584       -0.9999298176
       -0.0124152621       -0.9999229277
       -0.0128581489       -0.9999173306
       -0.0132129732       -0.9999127049
       -0.0134773530       -0.9999091764
       -0.0137077493       -0.9999060444
       -0.0139138514       -0.9999031977
       -0.0141029532       -0.9999005484
       -0.0142683722       -0.9998982016
       -0.0143896710       -0.9998964633
       -0.0144307922       -0.9998958707
       -0.0143320396       -0.9998972910
       -0.0139907066       -0.9999021253
       -0.0132942127       -0.9999116280
       -0.0124064657       -0.9999230368
       -0.0112571571       -0.9999366362
       -0.0098929394       -0.9999510637
       -0.0083281814       -0.9999653201
       -0.0065667165       -0.9999784389
       -0.0046093665       -0.9999893768
       -0.0024519498       -0.9999969940
       -0.0000782656       -0.9999999969
        0.0025043965       -0.9999968640
        0.0046117717       -0.9999893657
        0.0064716075       -0.9999790589
        0.0079882689       -0.9999680933
        0.0092183418       -0.9999575102
        0.0102186411       -0.9999477883
        0.0110314464       -0.9999391517
        0.0116926507       -0.9999316386
        0.0122387666       -0.9999251035
        0.0127111324       -0.9999192103
        0.0130954863       -0.9999142504
        0.0134454641       -0.9999096057
        0.0137630877       -0.9999052842
        0.0140588835       -0.9999011690
        0.0143299566       -0.9998973209
        0.0145588158       -0.9998940148
        0.0147122801       -0.9998917686
        0.0147345793       -0.9998914402
        0.0145286695       -0.9998944533
        0.0139721575       -0.9999023846
        0.0131946589       -0.9999129467
        0.0121447471       -0.9999262498
        0.0108686212       -0.9999409348
        0.0093821620       -0.9999559865
        0.0076897117       -0.9999704337
        0.0057917873       -0.9999832275
        0.0036834332       -0.9999932161
        0.0013471360       -0.9999990926
       -0.0012204619       -0.9999992552
       -0.0033739516       -0.9999943082
       -0.0052941684       -0.9999859858
       -0.0068754736       -0.9999763637
       -0.0081745065       -0.9999665882
       -0.0092493074       -0.9999572242
       -0.0101430751       -0.9999485577
       -0.0108928147       -0.9999406715
       -0.0115370696       -0.9999334458
       -0.0121212706       -0.9999265347
       -0.0126255105       -0.9999202951
       -0.0130562804       -0.9999147631
       -0.0134772963       -0.9999091771
       -0.0138797134       -0.9999036721
       -0.0142595453       -0.9998983275
       -0.0146025807       -0.9998933766
       -0.0148804529       -0.9998892799
       -0.0150448459       -0.9998868199
       -0.0150115764       -0.9998873199
       -0.0146500278       -0.9998926826
       -0.0140268211       -0.9999016193
       -0.0131152505       -0.9999139914
       -0.0119640772       -0.9999284279
       -0.0105928093       -0.9999438946
       -0.0090070278       -0.9999594359
       -0.0072075888       -0.9999740250
       -0.0051901443       -0.9999865311
       -0.0029386284       -0.9999956822
       -0.0004325821       -0.9999999064
        0.0018187675       -0.9999983460
        0.0038530132       -0.9999925771
        0.0055346822       -0.9999846835
        0.0069263515       -0.9999760125
        0.0080927274       -0.9999672533
        0.0090799669       -0.9999587763
        0.0099263523       -0.9999507326
        0.0106714360       -0.9999430586
        0.0113631503       -0.9999354373
        0.0120383286       -0.9999275367
        0.0125783824       -0.9999208890
        0.0131093304       -0.9999140690
        0.0136184068       -0.9999072652
        0.0141046154       -0.9999005250
        0.0145574680       -0.9998940344
        0.0149525658       -0.9998882041
        0.0152470775       -0.9998837566
        0.0153662716       -0.9998819319
        0.0151820055       -0.9998847467
        0.0147042932       -0.9998918860
        0.0139247645       -0.9999030458
        0.0128925568       -0.9999168875
        0.0116308987       -0.9999323588
        0.0101470287       -0.9999485176
        0.0084423439       -0.9999643628
        0.0065128909       -0.9999787909
        0.0043435282       -0.9999905668
        0.0019079755       -0.9999981798
       -0.0003971362       -0.9999999211
       -0.0023367564       -0.9999972698
       -0.0040726372       -0.9999917068
       -0.0055501198       -0.9999845980
       -0.0068073879       -0.9999768295
       -0.0078870539       -0.9999688967
       -0.0088273687       -0.9999610380
       -0.0096679635       -0.9999532641
       -0.0104573422       -0.9999453205
       -0.0112472146       -0.9999367481
       -0.0119058092       -0.9999291233
       -0.0125543377       -0.9999211912
       -0.0131737602       -0.9999132223
       -0.0137686703       -0.9999052074
       -0.0143349171       -0.9998972498
       -0.0148542720       -0.9998896692
       -0.0152919234       -0.9998830717
       -0.0155872952       -0.9998785107
       -0.0156292353       -0.9998778560
       -0.0153494894       -0.9998821896
       -0.0147469121       -0.9998912584
       -0.0138728128       -0.9999037679
       -0.0127583940       -0.9999186084
       -0.0114142434       -0.9999348554
       -0.0098431724       -0.9999515548
       -0.0080427777       -0.9999676563
       -0.0060011125       -0.9999819932
       -0.0036904932       -0.9999931901
       -0.0011757013       -0.9999993089
        0.0008247046       -0.9999996599
        0.0026348048       -0.9999965289
        0.0041850404       -0.9999912427
        0.0055150900       -0.9999847918
        0.0066698469       -0.9999777563
        0.0076884957       -0.9999704431
        0.0086108472       -0.9999629260
        0.0094855509       -0.9999550111
        0.0103724595       -0.9999462046
        0.0111489984       -0.9999378480
        0.0119156470       -0.9999290062
        0.0126442235       -0.9999200586
        0.0133446781       -0.9999109558
        0.0140190182       -0.9999017287
        0.0146543487       -0.9998926193
        0.0152219790       -0.9998841390
        0.0156713601       -0.9998771967
        0.0159088926       -0.9998734456
        0.0158188708       -0.9998748738
        0.0153866550       -0.9998816184
        0.0146620297       -0.9998925067
        0.0136854273       -0.9999063502
        0.0124718052       -0.9999222240
        0.0110257659       -0.9999392144
        0.0093462439       -0.9999563229
        0.0074235185       -0.9999724453
        0.0052320152       -0.9999863129
        0.0027836014       -0.9999961258
        0.0007300042       -0.9999997335
       -0.0011497370       -0.9999993391
       -0.0027660370       -0.9999961745
       -0.0041607060       -0.9999913442
       -0.0053818145       -0.9999855179
       -0.0064697261       -0.9999790711
       -0.0074642138       -0.9999721424
       -0.0084132625       -0.9999646079
       -0.0093805426       -0.9999560017
       -0.0102787297       -0.9999471725
       -0.0110953263       -0.9999384450
       -0.0119170111       -0.9999289899
       -0.0127193430       -0.9999191059
       -0.0135005627       -0.9999088632
       -0.0142519756       -0.9998984354
       -0.0149516829       -0.9998882173
       -0.0155601534       -0.9998789335
       -0.0160059870       -0.9998718960
       -0.0161527507       -0.9998695358
       -0.0159498011       -0.9998727938
       -0.0154339191       -0.9998808900
       -0.0146429601       -0.9998927861
       -0.0136026137       -0.9999074802
       -0.0123232224       -0.9999240662
       -0.0108070035       -0.9999416026
       -0.0090482730       -0.9999590635
       -0.0070275160       -0.9999753067
       -0.0047198003       -0.9999888617
       -0.0025740602       -0.9999966871
       -0.0005800005       -0.9999998318
        0.0011295206       -0.9999993621
        0.0026034658       -0.9999966110
        0.0038986426       -0.9999924003
        0.0050586154       -0.9999872051
        0.0061229965       -0.9999812543
        0.0071373094       -0.9999745291
        0.0081633036       -0.9999666797
        0.0092534291       -0.9999571861
        0.0101734333       -0.9999482493
        0.0111018498       -0.9999383726
        0.0120064094       -0.9999279205
        0.0128899117       -0.9999169216
        0.0137495371       -0.9999054706
        0.0145693359       -0.9998938616
        0.0153177859       -0.9998826758
        0.0159387915       -0.9998729694
        0.0163196375       -0.9998668258
        0.0163304513       -0.9998666493
        0.0160095148       -0.9998718395
        0.0153935293       -0.9998815126
        0.0145170561       -0.9998946220
        0.0133953443       -0.9999102784
        0.0120334422       -0.9999275955
        0.0104287481       -0.9999456191
        0.0085668253       -0.9999633041
        0.0064179777       -0.9999794046
        0.0040795139       -0.9999916787
        0.0021966332       -0.9999975874
        0.0004638398       -0.9999998924
       -0.0010612938       -0.9999994368
       -0.0024118391       -0.9999970915
       -0.0036279414       -0.9999934190
       -0.0047481706       -0.9999887274
       -0.0058158948       -0.9999830875
       -0.0068892168       -0.9999762691
       -0.0080409258       -0.9999676712
       -0.0090714285       -0.9999588537
       -0.0101138005       -0.9999488542
       -0.0111221455       -0.9999381470
       -0.0121056343       -0.9999267241
       -0.0130693307       -0.9999145926
       -0.0140040656       -0.9999019383
       -0.0148860216       -0.9998891970
       -0.0156723296       -0.9998771815
       -0.0162798217       -0.9998674749
       -0.0165366425       -0.9998632604
       -0.0164374686       -0.9998648957
       -0.0160134467       -0.9998717765
       -0.0153135316       -0.9998827410
       -0.0143607736       -0.9998968788
       -0.0131640822       -0.9999133497
       -0.0117242042       -0.9999312692
       -0.0100317989       -0.9999496802
       -0.0080611602       -0.9999675083
       -0.0058227705       -0.9999830475
       -0.0038974077       -0.9999924051
       -0.0021031481       -0.9999977884
       -0.0005242690       -0.9999998626
        0.0008745586       -0.9999996176
        0.0021371425       -0.9999977163
        0.0033027504       -0.9999945459
        0.0044129599       -0.9999902628
        0.0055214807       -0.9999847565
        0.0067043752       -0.9999775254
        0.0078531316       -0.9999691637
        0.0089194069       -0.9999602213
        0.0100088238       -0.9999499105
        0.0110849098       -0.9999385605
        0.0121471207       -0.9999262210
        0.0131909458       -0.9999129957
        0.0141999773       -0.9998991752
        0.0151430458       -0.9998853375
        0.0159636708       -0.9998725725
        0.0165352107       -0.9998632841
        0.0166930920       -0.9998606606
        0.0165209180       -0.9998635203
        0.0160473944       -0.9998712323
        0.0153063693       -0.9998828507
        0.0143147013       -0.9998975394
        0.0130784737       -0.9999144731
        0.0115946941       -0.9999327793
        0.0098467285       -0.9999515198
        0.0078075156       -0.9999695209
        0.0058113367       -0.9999831140
        0.0039180007       -0.9999923246
        0.0022653192       -0.9999974342
        0.0008110925       -0.9999996711
       -0.0004983554       -0.9999998758
       -0.0017054731       -0.9999985457
       -0.0028504180       -0.9999959376
       -0.0039814448       -0.9999920740
       -0.0051672976       -0.9999866494
       -0.0064814727       -0.9999789950
       -0.0076406764       -0.9999708096
       -0.0088299196       -0.9999610155
       -0.0099993091       -0.9999500057
       -0.0111536650       -0.9999377959
       -0.0122957760       -0.9999244041
       -0.0134158945       -0.9999100028
       -0.0144908643       -0.9998950019
       -0.0154793822       -0.9998801872
       -0.0162952697       -0.9998672233
       -0.0167197677       -0.9998602149
       -0.0167906051       -0.9998590279
       -0.0165283344       -0.9998633978
       -0.0159816674       -0.9998722850
       -0.0151764538       -0.9998848310
       -0.0141238132       -0.9999002540
       -0.0128254795       -0.9999177502
       -0.0112718089       -0.9999364711
       -0.0094368446       -0.9999554720
       -0.0073569229       -0.9999729375
       -0.0055900382       -0.9999843756
       -0.0039313980       -0.9999922720
       -0.0024476594       -0.9999970045
       -0.0011084648       -0.9999993857
        0.0001256126       -0.9999999921
        0.0012931032       -0.9999991639
        0.0024382174       -0.9999970275
        0.0036216657       -0.9999934417
        0.0049300193       -0.9999878474
        0.0061918388       -0.9999808304
        0.0074921652       -0.9999719333
        0.0087572077       -0.9999616549
        0.0099995125       -0.9999500036
        0.0112322255       -0.9999369166
        0.0124533367       -0.9999224542
        0.0136469525       -0.9999068760
        0.0147827759       -0.9998907288
        0.0158039029       -0.9998751105
        0.0165612660       -0.9998628528
        0.0168591230       -0.9998578749
        0.0168295005       -0.9998583739
        0.0164953177       -0.9998639430
        0.0158898852       -0.9998737478
        0.0150314748       -0.9998870210
        0.0139272793       -0.9999030107
        0.0125743013       -0.9999209403
        0.0109546432       -0.9999399961
        0.0090508001       -0.9999590407
        0.0072645768       -0.9999736126
        0.0055626679       -0.9999845282
        0.0040486892       -0.9999918040
        0.0026894788       -0.9999963833
        0.0014404218       -0.9999989626
        0.0002620255       -0.9999999657
       -0.0008873154       -0.9999996063
       -0.0020616061       -0.9999978749
       -0.0033411467       -0.9999944184
       -0.0047889692       -0.9999885328
       -0.0060606470       -0.9999816341
       -0.0073804755       -0.9999727639
       -0.0086964483       -0.9999621852
       -0.0100096707       -0.9999499020
       -0.0113207801       -0.9999359179
       -0.0126195257       -0.9999203706
       -0.0138837182       -0.9999036165
       -0.0150743258       -0.9998863759
       -0.0161008124       -0.9998703735
       -0.0166885405       -0.9998607366
       -0.0169256188       -0.9998567515
       -0.0168238498       -0.9998584690
       -0.0164319165       -0.9998649869
       -0.0157782876       -0.9998755151
       -0.0148764030       -0.9998893402
       -0.0137294605       -0.9999057465
       -0.0123284118       -0.9999240022
       -0.0106491331       -0.9999432964
       -0.0087574992       -0.9999616524
       -0.0071631494       -0.9999743443
       -0.0056567707       -0.9999840003
       -0.0042894008       -0.9999908005
       -0.0030338679       -0.9999953978
       -0.0018535729       -0.9999982821
       -0.0007096434       -0.9999997482
        0.0004458418       -0.9999999006
        0.0016821124       -0.9999985852
        0.0030947100       -0.9999952114
        0.0044428871       -0.9999901303
        0.0058523174       -0.9999828750
        0.0072472763       -0.9999737381
        0.0086350548       -0.9999627172
        0.0100256491       -0.9999497419
        0.0114160982       -0.9999348342
        0.0127912164       -0.9999181890
        0.0141232341       -0.9999002622
        0.0153586628       -0.9998820488
        0.0163309261       -0.9998666415
        0.0167984533       -0.9998588960
        0.0169386142       -0.9998565314
        0.0167689773       -0.9998593908
        0.0163244394       -0.9998667475
        0.0156259425       -0.9998779075
        0.0146829043       -0.9998922004
        0.0134939798       -0.9999089521
        0.0120428219       -0.9999274826
        0.0103218546       -0.9999467282
        0.0087327982       -0.9999618684
        0.0072090921       -0.9999740142
        0.0058345719       -0.9999829787
        0.0045812031       -0.9999895062
        0.0034092186       -0.9999941886
        0.0022802122       -0.9999974003
        0.0011505226       -0.9999993381
       -0.0000395517       -0.9999999992
       -0.0013807803       -0.9999990467
       -0.0029220381       -0.9999957308
       -0.0042872654       -0.9999908096
       -0.0057197223       -0.9999836423
       -0.0071655459       -0.9999743271
       -0.0086230528       -0.9999628208
       -0.0100914370       -0.9999490802
       -0.0115605043       -0.9999331751
       -0.0130097933       -0.9999153691
       -0.0144040992       -0.9998962556
       -0.0156509888       -0.9998775158
       -0.0164148907       -0.9998652666
       -0.0168302282       -0.9998583617
       -0.0169001162       -0.9998571828
       -0.0166746531       -0.9998609683
       -0.0161856589       -0.9998690036
       -0.0154494888       -0.9998806495
       -0.0144716851       -0.9998952797
       -0.0132452905       -0.9999122773
       -0.0117501347       -0.9999309648
       -0.0100711367       -0.9999492848
       -0.0086559843       -0.9999625363
       -0.0073101210       -0.9999732807
       -0.0060731242       -0.9999815584
       -0.0049197703       -0.9999878979
       -0.0038149764       -0.9999927230
       -0.0027188007       -0.9999963041
       -0.0015791845       -0.9999987531
       -0.0003181398       -0.9999999494
        0.0011651978       -0.9999993212
        0.0025763027       -0.9999966813
        0.0040718096       -0.9999917101
        0.0055758982       -0.9999844546
        0.0070911868       -0.9999748572
        0.0086246041       -0.9999628074
        0.0101721943       -0.9999482619
        0.0117195365       -0.9999313239
        0.0132417216       -0.9999123246
        0.0146890394       -0.9998921102
        0.0157819901       -0.9998754566
        0.0164545591       -0.9998646146
        0.0167984459       -0.9998588962
        0.0168237834       -0.9998584701
        0.0165690538       -0.9998627238
        0.0160594769       -0.9998710383
        0.0153081032       -0.9998828241
        0.0143171538       -0.9998975043
        0.0130746089       -0.9999145236
        0.0115762400       -0.9999329931
        0.0101798839       -0.9999481836
        0.0088292660       -0.9999610213
        0.0075990363       -0.9999711269
        0.0064645848       -0.9999791044
        0.0053888590       -0.9999854800
        0.0043338821       -0.9999906087
        0.0032543865       -0.9999947045
        0.0020865782       -0.9999978231
        0.0007321604       -0.9999997320
       -0.0008548261       -0.9999996346
       -0.0022872841       -0.9999973842
       -0.0038084468       -0.9999927478
       -0.0053617474       -0.9999856257
       -0.0069435220       -0.9999758935
       -0.0085523956       -0.9999634276
       -0.0101789402       -0.9999481932
       -0.0118052411       -0.9999303157
       -0.0134017888       -0.9999101920
       -0.0148825892       -0.9998892481
       -0.0158498105       -0.9998743839
       -0.0164690033       -0.9998643768
       -0.0167322660       -0.9998600058
       -0.0166933660       -0.9998606561
       -0.0163890007       -0.9998656913
       -0.0158394673       -0.9998745478
       -0.0150538391       -0.9998866845
       -0.0140291034       -0.9999015873
       -0.0127502847       -0.9999187118
       -0.0113010194       -0.9999361414
       -0.0100704655       -0.9999492916
       -0.0088915141       -0.9999604697
       -0.0077969670       -0.9999696032
       -0.0067631653       -0.9999771295
       -0.0057559686       -0.9999834343
       -0.0047344131       -0.9999887926
       -0.0036430260       -0.9999933642
       -0.0023967974       -0.9999971277
       -0.0008913390       -0.9999996028
        0.0005559670       -0.9999998455
        0.0021121827       -0.9999977693
        0.0037010311       -0.9999931512
        0.0053214542       -0.9999858410
        0.0069781684       -0.9999756523
        0.0086667593       -0.9999624429
        0.0103740503       -0.9999461881
        0.0120787916       -0.9999270487
        0.0137373649       -0.9999056380
        0.0150236921       -0.9998871380
        0.0158780770       -0.9998739354
        0.0164060174       -0.9998654122
        0.0166111013       -0.9998620261
        0.0165339956       -0.9998633042
        0.0162033904       -0.9998687165
        0.0156356877       -0.9998777552
        0.0148366089       -0.9998899315
        0.0137985680       -0.9999047952
        0.0125250245       -0.9999215588
        0.0113417792       -0.9999356800
        0.0101891664       -0.9999480891
        0.0091284097       -0.9999583352
        0.0081381116       -0.9999668850
        0.0071841494       -0.9999741937
        0.0062287581       -0.9999806011
        0.0052242951       -0.9999863533
        0.0041012391       -0.9999915899
        0.0027522434       -0.9999962126
        0.0012947766       -0.9999991618
       -0.0002986058       -0.9999999554
       -0.0019171269       -0.9999981623
       -0.0035632160       -0.9999936517
       -0.0052513815       -0.9999862114
       -0.0069840429       -0.9999756113
       -0.0087528895       -0.9999616927
       -0.0105421393       -0.9999444301
       -0.0123266398       -0.9999240241
       -0.0140118616       -0.9999018290
       -0.0151291579       -0.9998855477
       -0.0159061358       -0.9998734894
       -0.0163283469       -0.9998666837
       -0.0164488164       -0.9998647091
       -0.0163062378       -0.9998670445
       -0.0159235550       -0.9998732122
       -0.0153126843       -0.9998827540
       -0.0144739353       -0.9998952471
       -0.0133990749       -0.9999102284
       -0.0122891340       -0.9999244857
       -0.0111874130       -0.9999374189
       -0.0101804174       -0.9999481782
       -0.0092487141       -0.9999572297
       -0.0083571486       -0.9999650784
       -0.0074691717       -0.9999721053
       -0.0065409466       -0.9999786078
       -0.0055107501       -0.9999848157
       -0.0042818138       -0.9999908330
       -0.0027617403       -0.9999961864
       -0.0013052840       -0.9999991481
        0.0002818429       -0.9999999603
        0.0019312062       -0.9999981352
        0.0036376155       -0.9999933839
        0.0054017122       -0.9999854106
        0.0072173319       -0.9999739547
        0.0090718542       -0.9999588499
        0.0109470992       -0.9999400787
        0.0127971349       -0.9999181133
        0.0141939366       -0.9998992610
        0.0152356148       -0.9998839313
        0.0158785703       -0.9998739276
        0.0161935682       -0.9998688756
        0.0162329833       -0.9998682364
        0.0160272951       -0.9998715547
        0.0155940951       -0.9998784047
        0.0149404535       -0.9998883852
        0.0140616504       -0.9999011301
        0.0129943788       -0.9999155695
        0.0120490166       -0.9999274080
        0.0111280404       -0.9999380814
        0.0102665623       -0.9999472975
        0.0094447705       -0.9999553972
        0.0086308699       -0.9999627533
        0.0077851661       -0.9999696951
        0.0068529336       -0.9999765184
        0.0057496287       -0.9999834707
        0.0043581517       -0.9999905032
        0.0029301838       -0.9999957070
        0.0013482981       -0.9999990910
       -0.0003016964       -0.9999999545
       -0.0020151287       -0.9999979696
       -0.0037968997       -0.9999927918
       -0.0056443479       -0.9999840705
       -0.0075477582       -0.9999715153
       -0.0094929989       -0.9999549405
       -0.0114555058       -0.9999343835
       -0.0131340495       -0.9999137447
       -0.0143344981       -0.9998972558
       -0.0152099597       -0.9998843219
       -0.0157459684       -0.9998760246
       -0.0159903131       -0.9998721468
       -0.0159802648       -0.9998723074
       -0.0157397011       -0.9998761232
       -0.0152824362       -0.9998832168
       -0.0146114755       -0.9998932467
       -0.0137306864       -0.9999057297
       -0.0128696264       -0.9999171829
       -0.0120144864       -0.9999278235
       -0.0112205215       -0.9999370480
       -0.0104715281       -0.9999451720
       -0.0097372455       -0.9999525919
       -0.0089814891       -0.9999596656
       -0.0081564074       -0.9999667360
       -0.0071905127       -0.9999741479
       -0.0059714995       -0.9999821704
       -0.0045880358       -0.9999894749
       -0.0030213447       -0.9999954357
       -0.0013831658       -0.9999990434
        0.0003214740       -0.9999999483
        0.0021034528       -0.9999977877
        0.0039646041       -0.9999921409
        0.0058982869       -0.9999826050
        0.0078933048       -0.9999688474
        0.0099350085       -0.9999506466
        0.0119486847       -0.9999286119
        0.0133706858       -0.9999106084
        0.0144605277       -0.9998954411
        0.0151839268       -0.9998847175
        0.0155987291       -0.9998783324
        0.0157509595       -0.9998759459
        0.0156700419       -0.9998772174
        0.0153746292       -0.9998818034
        0.0148737869       -0.9998893791
        0.0141694272       -0.9998996086
        0.0134124303       -0.9999100493
        0.0126446412       -0.9999200533
        0.0119341922       -0.9999287850
        0.0112683594       -0.9999365100
        0.0106182367       -0.9999436249
        0.0099497447       -0.9999505001
        0.0092185543       -0.9999575082
        0.0083594984       -0.9999650588
        0.0072685236       -0.9999735839
        0.0058560173       -0.9999828534
        0.0044517223       -0.9999900910
        0.0028793323       -0.9999958547
        0.0012027693       -0.9999992767
       -0.0005693595       -0.9999998379
       -0.0024354450       -0.9999970343
       -0.0043895828       -0.9999903657
       -0.0064223575       -0.9999793764
       -0.0085233828       -0.9999636753
       -0.0106558780       -0.9999432245
       -0.0122966700       -0.9999243931
       -0.0136001783       -0.9999075133
       -0.0145058630       -0.9998947844
       -0.0150836589       -0.9998862351
       -0.0153898943       -0.9998815686
       -0.0154598343       -0.9998804896
       -0.0153165119       -0.9998826954
       -0.0149741329       -0.9998878814
       -0.0144384177       -0.9998957606
       -0.0137528358       -0.9999054253
       -0.0131395930       -0.9999136718
       -0.0125352721       -0.9999214304
       -0.0119615218       -0.9999284584
       -0.0114012971       -0.9999350031
       -0.0108251864       -0.9999414060
       -0.0101928050       -0.9999480520
       -0.0094449739       -0.9999553952
       -0.0084871308       -0.9999639837
       -0.0072037800       -0.9999740524
       -0.0058644804       -0.9999828038
       -0.0043362753       -0.9999905983
       -0.0026916958       -0.9999963774
       -0.0009402513       -0.9999995580
        0.0009181241       -0.9999995785
        0.0028793520       -0.9999958547
        0.0049357721       -0.9999878190
        0.0070797357       -0.9999749384
        0.0092943406       -0.9999568067
        0.0111453839       -0.9999378883
        0.0125411153       -0.9999213571
        0.0136303402       -0.9999071026
        0.0143926246       -0.9998964208
        0.0148735214       -0.9998893831
        0.0151118623       -0.9998858093
        0.0151352159       -0.9998854561
        0.0149629630       -0.9998880486
        0.0146066839       -0.9998933167
        0.0140857838       -0.9999007904
        0.0135783532       -0.9999078099
        0.0130679304       -0.9999146110
        0.0125856559       -0.9999207975
        0.0121188822       -0.9999265637
        0.0116416072       -0.9999322342
        0.0111179497       -0.9999381937
        0.0104960785       -0.9999449147
        0.0096943477       -0.9999530087
        0.0085897817       -0.9999631071
        0.0073410497       -0.9999730541
        0.0058777517       -0.9999827259
        0.0042864850       -0.9999908130
        0.0025785913       -0.9999966754
        0.0007515048       -0.9999997176
       -0.0011931388       -0.9999992882
       -0.0032495265       -0.9999947203
       -0.0054117812       -0.9999853562
       -0.0076747595       -0.9999705486
       -0.0099176709       -0.9999508187
       -0.0114783518       -0.9999341215
       -0.0127327572       -0.9999189352
       -0.0136462237       -0.9999068860
       -0.0142693274       -0.9998981880
       -0.0146461290       -0.9998927397
       -0.0148079700       -0.9998903560
       -0.0147779693       -0.9998907998
       -0.0145726483       -0.9998938133
       -0.0142083905       -0.9998990557
       -0.0138164780       -0.9999045479
       -0.0134120286       -0.9999100547
       -0.0130298280       -0.9999151082
       -0.0126609281       -0.9999198472
       -0.0122822258       -0.9999245706
       -0.0118608394       -0.9999296578
       -0.0113490175       -0.9999355978
       -0.0106719198       -0.9999430534
       -0.0097105823       -0.9999528512
       -0.0085512664       -0.9999634373
       -0.0071561313       -0.9999743946
       -0.0056186969       -0.9999842150
       -0.0039529621       -0.9999921870
       -0.0021556636       -0.9999976766
       -0.0002271429       -0.9999999742
        0.0018281607       -0.9999983289
        0.0040060136       -0.9999919759
        0.0063060823       -0.9999801165
        0.0086547829       -0.9999625467
        0.0103633844       -0.9999462987
        0.0117691108       -0.9999307416
        0.0128215559       -0.9999178005
        0.0135758453       -0.9999078440
        0.0140810009       -0.9999008578
        0.0143717752       -0.9998967207
        0.0144744743       -0.9998952393
        0.0144099023       -0.9998961720
        0.0141964898       -0.9998992248
        0.0139256049       -0.9999030341
        0.0136336836       -0.9999070570
        0.0133565676       -0.9999107971
        0.0130891458       -0.9999143335
        0.0128114446       -0.9999179301
        0.0124934344       -0.9999219540
        0.0120907968       -0.9999269036
        0.0115340715       -0.9999334804
        0.0107099383       -0.9999426470
        0.0095462425       -0.9999544336
        0.0083110885       -0.9999654623
        0.0068644735       -0.9999764392
        0.0052573186       -0.9999861802
        0.0035007454       -0.9999938724
        0.0015984537       -0.9999987225
       -0.0004452728       -0.9999999009
       -0.0026274844       -0.9999965482
       -0.0049512024       -0.9999877427
       -0.0073738993       -0.9999728124
       -0.0092125378       -0.9999575637
       -0.0107540950       -0.9999421730
       -0.0119323514       -0.9999288070
       -0.0128064077       -0.9999179946
       -0.0134297912       -0.9999098163
       -0.0138402534       -0.9999042191
       -0.0140668196       -0.9999010574
       -0.0141339845       -0.9999001103
       -0.0140640459       -0.9999010964
       -0.0139179531       -0.9999031406
       -0.0137437734       -0.9999055499
       -0.0135757549       -0.9999078452
       -0.0134127099       -0.9999100456
       -0.0132380692       -0.9999123729
       -0.0130246174       -0.9999151761
       -0.0127310676       -0.9999189567
       -0.0122923863       -0.9999244458
       -0.0116008631       -0.9999327077
       -0.0105623934       -0.9999442164
       -0.0094166511       -0.9999556624
       -0.0080443848       -0.9999676434
       -0.0064980117       -0.9999788877
       -0.0047896783       -0.9999885294
       -0.0029228290       -0.9999957285
       -0.0009008305       -0.9999995943
        0.0012747292       -0.9999991875
        0.0036095352       -0.9999934856
        0.0060819274       -0.9999815049
        0.0080328430       -0.9999677362
        0.0096948098       -0.9999530042
        0.0109861529       -0.9999396504
        0.0119692277       -0.9999283662
        0.0127015067       -0.9999193326
        0.0132233175       -0.9999125681
        0.0135660051       -0.9999079775
        0.0137572762       -0.9999053642
        0.0138238017       -0.9999044467
        0.0138222377       -0.9999044683
