        0.0282244549        0.5218624597
        0.0553304988        0.5170330485
        0.0862505601        0.5074254007
        0.1105878873        0.4960727192
        0.1305709560        0.4835419544
        0.1477903530        0.4698519668
        0.1631202087        0.4549632201
        0.1782682471        0.4373516152
        0.1922629696        0.4182056082
        0.2052465676        0.3977632171
        0.2175230821        0.3759512545
        0.2293512861        0.3526282126
        0.2409265825        0.3276615735
        0.2523906438        0.3009644272
        0.2638365823        0.2725334010
        0.2753095188        0.2424892949
        0.2868121414        0.2110935359
        0.2983226655        0.1787120987
        0.3098170009        0.1457465549
        0.3212782937        0.1125901345
        0.3326906359        0.0796298435
        0.3440304174        0.0472568944
        0.3552699402        0.0158403067
        0.3663936050       -0.0143323622
        0.3774124232       -0.0430973067
        0.3883661936       -0.0704088682
        0.3993164300       -0.0963028386
        0.4103380575       -0.1208582100
        0.4215141879       -0.1441712584
        0.4329343764       -0.1663419341
        0.4446953989       -0.1874682434
        0.4569037258       -0.2076450185
        0.4696793680       -0.2269651107
        0.4831612640       -0.2455223217
        0.4975148736       -0.2634162938
        0.5129433520       -0.2807604658
        0.5297050147       -0.2976956432
        0.5481428126       -0.3144148290
        0.5687386622       -0.3312123510
        0.5922153717       -0.3485840462
        0.6194652301       -0.3672689271
        0.6429444567       -0.3828168976
        0.6631280730       -0.3961950057
        0.6831735203       -0.4096706940
        0.7016220320       -0.4221261339
        0.7196149980       -0.4339001455
        0.7380794535       -0.4448895468
        0.7557427440       -0.4536632234
        0.7722409725       -0.4599111257
        0.7880652566       -0.4640150512
        0.8042763275       -0.4663458454
        0.8219054374       -0.4668579143
        0.8419861824       -0.4650364373
        0.8653997101       -0.4597870570
        0.8909450561       -0.4500977579
        0.9118347254       -0.4387853111
        0.9304015583       -0.4258165317
        0.9472139801       -0.4113946201
        0.9638101710       -0.3943729434
        0.9792764382       -0.3757927273
        0.9937246888       -0.3559213713
        1.0074324439       -0.3347596591
        1.0206499380       -0.3122361198
        1.0335768395       -0.2882733705
        1.0463680842       -0.2628195964
        1.0591376959       -0.2358792872
        1.0719560095       -0.2075524625
        1.0848438975       -0.1780742099
        1.0977730656       -0.1478280359
        1.1106811907       -0.1173047373
        1.1234998422       -0.0870121051
        1.1361817575       -0.0573807665
        1.1487154041       -0.0287108666
        1.1611250061       -0.0011697332
        1.1734621159        0.0251787884
        1.1857958693        0.0503379343
        1.1982059145        0.0743488059
        1.2107788312        0.0972716713
        1.2236073853        0.1191758211
        1.2367917778        0.1401350735
        1.2504423630        0.1602267889
        1.2646837288        0.1795332914
        1.2796604490        0.1981454983
        1.2955453220        0.2161694057
        1.3125517239        0.2337372380
        1.3309532792        0.2510271913
        1.3511173830        0.2683003619
        1.3735653473        0.2859739234
        1.3990592453        0.3047590545
        1.4281074725        0.3255163537
        1.4510222929        0.3421699772
        1.4706371646        0.3570728942
        1.4882466802        0.3711552263
        1.5056431085        0.3856917815
        1.5222914289        0.3998873813
        1.5391882915        0.4139717631
        1.5562147095        0.4270073676
        1.5724139610        0.4376090563
        1.5877058978        0.4456001261
        1.6025303632        0.4513488234
        1.6176872059        0.4552285885
        1.6339452942        0.4572733016
        1.6520428075        0.4571513362
        1.6726491014        0.4541141362
        1.6955998861        0.4471684218
        1.7186985387        0.4362353986
        1.7375494821        0.4241232349
        1.7562004366        0.4090156155
        1.7720071109        0.3935453484
        1.7875977575        0.3757024745
        1.8023798712        0.3562922236
        1.8164537687        0.3355034495
        1.8300301157        0.3133312892
        1.8433033736        0.2897237010
        1.8564327793        0.2646366190
        1.8695401386        0.2380711325
        1.8827042877        0.2101168231
        1.8959512407        0.1810002061
        1.9092496851        0.1511104673
        1.9225263849        0.1209597845
        1.9357024563        0.0910746054
        1.9487289080        0.0618829904
        1.9616010944        0.0336637758
        1.9743531967        0.0065595777
        1.9870453624       -0.0193828920
        1.9997526820       -0.0441744004
        2.0125587276       -0.0678567685
        2.0255530485       -0.0904876876
        2.0388313577       -0.1121332386
        2.0524974967       -0.1328651432
        2.0666667905       -0.1527610254
        2.0814708625       -0.1719070340
        2.0970644383       -0.1904030750
        2.1136352786       -0.2083719071
        2.1314194337       -0.2259749501
        2.1507260852       -0.2434409172
        2.1719802951       -0.2611206965
        2.1957961644       -0.2795973683
        2.2230199124       -0.2998655676
        2.2499618427       -0.3200536651
        2.2715728260       -0.3370740410
        2.2900698580       -0.3526464831
        2.3067412465       -0.3676463700
        2.3232046232       -0.3832972663
        2.3390405991       -0.3988005916
        2.3551280395       -0.4143432059
        2.3710587149       -0.4286744324
        2.3863091182       -0.4406577137
        2.4009716835       -0.4501287316
        2.4152180337       -0.4572408030
        2.4296793473       -0.4623690207
        2.4450415499       -0.4656296676
        2.4619562857       -0.4667956738
        2.4810294255       -0.4652625771
        2.5023985233       -0.4600943350
        2.5246041274       -0.4508119087
        2.5434664343       -0.4395976025
        2.5621155404       -0.4252254279
        2.5778655879       -0.4103117127
        2.5934035779       -0.3929128626
        2.6081011151       -0.3738646772
        2.6220516009       -0.3533867157
        2.6354672566       -0.3314915643
        2.6485455840       -0.3081343264
        2.6614490422       -0.2832698422
        2.6743036627       -0.2568892045
        2.6871952593       -0.2290605700
        2.7001611889       -0.1999760397
        2.7131851583       -0.1699826984
        2.7262077866       -0.1395591492
        2.7391563752       -0.1092253396
        2.7519779794       -0.0794343540
        2.7646569516       -0.0505091797
        2.7772143217       -0.0226390667
        2.7896981763        0.0040904629
        2.8021735995        0.0296619086
        2.8147158094        0.0540978360
        2.8274067896        0.0774429734
        2.8403345889        0.0997542477
        2.8535944795        0.1210961286
        2.8672915140        0.1415394051
        2.8815444091        0.1611624445
        2.8964910752        0.1800548201
        2.9122965753        0.1983240194
        2.9291650608        0.2161071426
        2.9473586112        0.2335916774
        2.9672286620        0.2510542052
        2.9892705172        0.2689367959
        3.0142083592        0.2880008536
        3.0428785062        0.3094872605
        3.0673466275        0.3284725782
        3.0872819394        0.3450394487
        3.1045529442        0.3605335063
        3.1217024935        0.3770818743
        3.1375436638        0.3932286814
        3.1529668441        0.4092617030
        3.1686025921        0.4250449873
        3.1836046672        0.4388977264
        3.1982183394        0.4505210610
        3.2124233067        0.4597008553
        3.2264372920        0.4666128504
        3.2409004332        0.4715693595
        3.2564674480        0.4745793019
        3.2737555457        0.4752910054
        3.2932469992        0.4729592063
        3.3145946825        0.4666698481
        3.3359105684        0.4563642662
        3.3535486785        0.4445641076
        3.3709850694        0.4297131156
        3.3871352034        0.4128863782
        3.4020652265        0.3945188238
        3.4160639318        0.3747336920
        3.4294072087        0.3535290876
        3.4423202596        0.3308591444
        3.4549821292        0.3066720978
        3.4675329531        0.2809386030
        3.4800753474        0.2536853341
        3.4926695331        0.2250376062
        3.5053269720        0.1952591528
        3.5180127231        0.1647580451
        3.5306646838        0.1340314389
        3.5432234265        0.1035673151
        3.5556557016        0.0737600328
        3.5679622221        0.0448767895
        3.5801732954        0.0170684912
        3.5923401421       -0.0096000248
        3.6045271724       -0.0351195492
        3.6168070592       -0.0595136848
        3.6292585258       -0.0828243369
        3.6419662006       -0.1051036013
        3.6550219603       -0.1264099487
        3.6685274705       -0.1468072568
        3.6825979284       -0.1663659654
        3.6973673514       -0.1851663254
        3.7129961760       -0.2033044220
        3.7296826460       -0.2209027153
        3.7476807976       -0.2381288050
        3.7673305535       -0.2552304540
        3.7891105459       -0.2726049563
        3.8137252740       -0.2909410899
        3.8420513868       -0.3114000514
        3.8668915708       -0.3297970616
        3.8870584497       -0.3457202393
        3.9045087957       -0.3605717779
        3.9218403971       -0.3764388231
        3.9378320601       -0.3919149949
        3.9533880052       -0.4072789196
        3.9692268755       -0.4224717883
        3.9845410563       -0.4358905696
        3.9994757519       -0.4471189444
        4.0139433731       -0.4559007211
        4.0282267104       -0.4624499484
        4.0430113839       -0.4670604636
        4.0589678256       -0.4696949121
        4.0767036283       -0.4699412936
        4.0966068823       -0.4669989329
        4.1180459484       -0.4600295388
        4.1372439306       -0.4502835631
        4.1546197184       -0.4383700988
        4.1717765429       -0.4234533483
        4.1876815837       -0.4065829810
        4.2024070866       -0.3881754807
        4.2162348543       -0.3683466922
        4.2294323293       -0.3470939267
        4.2422175780       -0.3243740455
        4.2547638986       -0.3001403865
        4.2672065708       -0.2743710219
        4.2796437402       -0.2471027120
        4.2921312258       -0.2184736077
        4.3046762205       -0.1887618472
        4.3172402946       -0.1583880869
        4.3297597822       -0.1278551192
        4.3421765980       -0.0976456255
        4.3544616373       -0.0681382979
        4.3666212227       -0.0395795061
        4.3786910672       -0.0121003976
        4.3907265322        0.0142489775
        4.4027946373        0.0394682096
        4.4149693339        0.0635843881
        4.4273296076        0.0866387239
        4.4399595578        0.1086793482
        4.4529498143        0.1297580000
        4.4663999703        0.1499291180
        4.4804220243        0.1692506338
        4.4951450946        0.1877863449
        4.5107220385        0.2056103424
        4.5273391661        0.2228147236
        4.5452313613        0.2395232604
        4.5647072941        0.2559167534
        4.5861948479        0.2722831810
        4.6103269736        0.2891232740
        4.6380233512        0.3073369864
        4.6641553195        0.3243798745
        4.6854852845        0.3388459078
        4.7040458013        0.3522054172
        4.7224589288        0.3663158028
        4.7394989420        0.3800145202
        4.7561034464        0.3935456444
        4.7733405515        0.4070682212
        4.7904820057        0.4191537849
        4.8068174728        0.4287805385
        4.8223071556        0.4359010690
        4.8376870864        0.4409582644
        4.8537711283        0.4441431077
        4.8712454684        0.4452657743
        4.8906546158        0.4437648910
        4.9120411594        0.4387928820
        4.9340914365        0.4298886740
        4.9528844842        0.4190321971
        4.9714597688        0.4050484455
        4.9871698056        0.3904576640
        5.0026676382        0.3733831369
        5.0173241743        0.3546486854
        5.0312269040        0.3344843469
        5.0445831828        0.3129174254
        5.0575874284        0.2899167340
        5.0704009017        0.2654475742
        5.0831507460        0.2395059519
        5.0959265664        0.2121573318
        5.1087711581        0.1835849913
        5.1216715283        0.1541299633
        5.1345652737        0.1242784008
        5.1473721642        0.0945672701
        5.1600349137        0.0654567032
        5.1725412912        0.0372558943
        5.1849212503        0.0101270092
        5.1972327292       -0.0158714359
        5.2095486640       -0.0407406835
        5.2219492813       -0.0645117336
        5.2345189347       -0.0872284113
        5.2473457924       -0.1089389017
        5.2605231478       -0.1296920077
        5.2741517328       -0.1495359278
        5.2883428502       -0.1685184825
        5.3032224383       -0.1866884260
        5.3189364662       -0.2040979885
        5.3356584238       -0.2208072987
        5.3536004013       -0.2368921696
        5.3730308763       -0.2524584411
        5.3943066881       -0.2676702304
        5.4179397980       -0.2828107061
        5.4447502867       -0.2984215047
        5.4755673042       -0.3152892370
        5.4986392508       -0.3278167543
        5.5190333557       -0.3391756040
        5.5392191272       -0.3508127884
        5.5581529998       -0.3619680301
        5.5769556049       -0.3728915125
        5.5972689020       -0.3838311789
        5.6157367490       -0.3923475280
        5.6339213677       -0.3989550121
        5.6514313691       -0.4034477202
        5.6692208588       -0.4060803541
        5.6881543710       -0.4067619533
        5.7088669245       -0.4050334368
        5.7315153338       -0.4001549942
        5.7550322508       -0.3916210380
        5.7754984160       -0.3810685391
        5.7957180166       -0.3674827326
        5.8127915499       -0.3533201820
        5.8296372853       -0.3367274420
        5.8455380731       -0.3185349489
        5.8605793570       -0.2989872748
        5.8749861559       -0.2781243032
        5.8889737330       -0.2559218058
        5.9027251333       -0.2323427636
        5.9163915310       -0.2073664546
        5.9300897286       -0.1810229323
        5.9438892898       -0.1534464998
        5.9577910235       -0.1249426066
        5.9717178272       -0.0960142751
        5.9855509827       -0.0672657455
        5.9992002852       -0.0392158194
        6.0126462062       -0.0121819698
        6.0259322633        0.0137038169
        6.0391378589        0.0384228705
        6.0523572071        0.0620092017
        6.0656892027        0.0845155094
        6.0792345950        0.1059978440
        6.0930967849        0.1265097739
        6.1073842538        0.1461007288
        6.1222138372        0.1648160755
        6.1377146952        0.1826980012
        6.1540331717        0.1997870107
        6.1713390100        0.2161242993
        6.1898338095        0.2317557471
        6.2097635643        0.2467391934
        6.2314399287        0.2611588106
        6.2552846054        0.2751563598
        6.2819478717        0.2890072043
        6.3125689734        0.3032742225
        6.3390251404        0.3147621695
        6.3623110190        0.3245632175
        6.3853379341        0.3340836991
        6.4072476950        0.3428547039
        6.4297621745        0.3511883438
        6.4535116655        0.3586322007
        6.4747332162        0.3636436986
        6.4955956925        0.3667948823
        6.5164772540        0.3680729971
        6.5384390344        0.3673457012
        6.5621995178        0.3641176009
        6.5876577040        0.3577182878
        6.6132835704        0.3479574056
        6.6350389801        0.3367817792
        6.6565330287        0.3228450351
        6.6764474659        0.3071112825
        6.6948242844        0.2899965142
        6.7119909634        0.2716450944
        6.7282753351        0.2520855541
        6.7439548442        0.2312981980
        6.7592609223        0.2092436404
        6.7743903709        0.1858796023
        6.7895109972        0.1611815623
        6.8047544327        0.1351827066
        6.8201878569        0.1080506593
        6.8357690313        0.0801886759
        6.8513395535        0.0522436982
        6.8667204505        0.0248919336
        6.8818288838       -0.0014186935
        6.8966968903       -0.0265124559
        6.9114237837       -0.0503812964
        6.9261328341       -0.0730847940
        6.9409510540       -0.0946981257
        6.9560041579       -0.1152926174
        6.9714180719       -0.1349307163
        6.9873227328       -0.1536659823
        7.0038567077       -0.1715444760
        7.0211723908       -0.1886064377
        7.0394420501       -0.2048881400
        7.0588653451       -0.2204242663
        7.0796795383       -0.2352516660
        7.1021753599       -0.2494164013
        7.1267275491       -0.2629887904
        7.1538714169       -0.2760988914
        7.1845019513       -0.2890117230
        7.2154659673       -0.3005463376
        7.2426741529       -0.3097210643
        7.2695420953       -0.3179647013
        7.2959295848       -0.3250794973
        7.3260161736       -0.3315003609
        7.3510671711       -0.3350429273
        7.3756857550       -0.3366719381
        7.4001916375       -0.3363517617
        7.4259433732       -0.3338518086
        7.4535791800       -0.3285921381
        7.4822036828       -0.3201227327
        7.5074153702       -0.3098573896
        7.5323137124       -0.2968449198
        7.5534047046       -0.2833543754
        7.5742156885       -0.2676315573
        7.5938507103       -0.2504673362
        7.6124036573       -0.2321012114
        7.6301481078       -0.2125796941
        7.6473549721       -0.1918828564
        7.6642663617       -0.1699660011
        7.6810993559       -0.1467787714
        7.6980465253       -0.1222900680
        7.7152551053       -0.0965461689
        7.7327649682       -0.0697931098
        7.7504293308       -0.0426130668
        7.7679653013       -0.0158160071
        7.7851700336        0.0099592803
        7.8020315424        0.0344461346
        7.8186663197        0.0576340410
        7.8352355048        0.0796099842
        7.8519042048        0.1004761013
        7.8688316037        0.1203228896
        7.8861733563        0.1392249311
        7.9040874870        0.1572430479
        7.9227410782        0.1744274712
        7.9423174226        0.1908207417
        7.9630241962        0.2064603899
        7.9851038755        0.2213819662
        8.0088490863        0.2356235323
        8.0346299702        0.2492338645
        8.0629522304        0.2622879895
        8.0945441199        0.2748942655
        8.1294238948        0.2868275709
        8.1631421822        0.2966008491
        8.1950841956        0.3041656767
        8.2266357421        0.3096706651
        8.2538468862        0.3125414775
        8.2805921926        0.3134955590
        8.3072917249        0.3125321862
        8.3355241573        0.3093906539
        8.3660139533        0.3034608829
        8.3974432036        0.2943962208
        8.4247268822        0.2838529523
        8.4516789857        0.2707233618
        8.4766181210        0.2559244145
        8.4995735901        0.2398639239
        8.5209481144        0.2226931271
        8.5411547688        0.2044502053
        8.5605495884        0.1851222401
        8.5794369814        0.1646691742
        8.5980872067        0.1430339664
        8.6167500527        0.1201524160
        8.6356545672        0.0959790152
        8.6549716808        0.0705642720
        8.6747034701        0.0442314028
        8.6945672161        0.0177361034
        8.7141616080       -0.0080146481
        8.7333026780       -0.0324840728
        8.7520654597       -0.0555631174
        8.7706421559       -0.0773431077
        8.7892451560       -0.0979569635
        8.8080767964       -0.1175234629
        8.8273290565       -0.1361379263
        8.8471916495       -0.1538759176
        8.8678615349       -0.1707986930
        8.8895527702       -0.1869578704
        8.9125076075       -0.2023993008
        8.9370109286       -0.2171666739
        8.9634119347       -0.2313051646
        8.9921571014       -0.2448623386
        9.0237884731       -0.2578572040
        9.0583428805       -0.2700219660
        9.0936368030       -0.2803680983
        9.1297834145       -0.2886005944
        9.1583932699       -0.2931346982
        9.1867406277       -0.2956787026
        9.2132987004       -0.2962263847
        9.2400663843       -0.2949964575
        9.2689196682       -0.2917128350
        9.3009944992       -0.2856876499
        9.3349272560       -0.2764841008
        9.3646754817       -0.2658259076
        9.3940642655       -0.2526734288
        9.4212561285       -0.2379514960
        9.4462906327       -0.2220523129
        9.4696092201       -0.2051141064
        9.4916631896       -0.1871669011
        9.5128430786       -0.1681921397
        9.5334861178       -0.1481441023
        9.5538968834       -0.1269573954
        9.5743646541       -0.1045533606
        9.5951659697       -0.0808621380
        9.6165204671       -0.0559032033
        9.6384361661       -0.0299995521
        9.6605259016       -0.0039971888
        9.6822584918        0.0211070200
        9.7034343433        0.0448044356
        9.7241858692        0.0670609931
        9.7447669709        0.0880219205
        9.7654385143        0.1078480255
        9.7864421586        0.1266715804
        9.8080062760        0.1445953384
        9.8303587275        0.1617003088
        9.8537401617        0.1780529544
        9.8784178316        0.1937102836
        9.9047014862        0.2087224107
        9.9329606969        0.2231294152
        9.9636183871        0.2369353913
        9.9969380374        0.2499853370
       10.0322488984        0.2616851491
       10.0692029100        0.2714302798
       10.0980177703        0.2769865919
       10.1240002919        0.2802546486
       10.1495685114        0.2817665598
       10.1747092089        0.2816224960
       10.2009196638        0.2798428014
       10.2299488023        0.2760601397
       10.2634528987        0.2694422635
       10.2998406817        0.2595157746
       10.3317190377        0.2483356550
       10.3632165108        0.2347978355
       10.3923923692        0.2198424677
       10.4193079011        0.2038296682
       10.4444396117        0.1868687067
       10.4682701929        0.1689698153
       10.4912191939        0.1501005725
       10.5136540234        0.1302035418
       10.5359142043        0.1092005160
       10.5583321316        0.0869962432
       10.5812354731        0.0635011199
       10.6048816121        0.0387307776
       10.6292206912        0.0130884286
       10.6536664232       -0.0124071421
       10.6775832483       -0.0367370992
       10.7008475755       -0.0595340689
       10.7236955161       -0.0808793368
       10.7464515907       -0.1009679306
       10.7694238281       -0.1199753061
       10.7928927340       -0.1380354777
       10.8171257736       -0.1552484620
       10.8423946317       -0.1716894490
       10.8689909283       -0.1874133103
       10.8972388186       -0.2024512450
       10.9274932400       -0.2167902639
       10.9600718966       -0.2303086074
       10.9950539653       -0.2426486789
       11.0326609775       -0.2532506203
       11.0615774595       -0.2592817516
       11.0873827141       -0.2629117469
       11.1128011216       -0.2647735230
       11.1373406290       -0.2649686223
       11.1622492131       -0.2636597269
       11.1891374176       -0.2607139051
       11.2202251284       -0.2555463517
       11.2579978976       -0.2469504598
       11.2971677656       -0.2354068649
       11.3307565372       -0.2232588048
       11.3639295343       -0.2090373702
       11.3948419253       -0.1936245247
       11.4235735341       -0.1773104158
       11.4506098338       -0.1601545226
       11.4764450047       -0.1421348810
       11.5015180736       -0.1231964809
       11.5262280057       -0.1032623777
       11.5509619187       -0.0822334874
       11.5761177835       -0.0599919490
       11.6020904640       -0.0364417427
       11.6291059176       -0.0116971809
       11.6567705213        0.0134828934
       11.6841147934        0.0378143565
       11.7106357998        0.0605590000
       11.7364974630        0.0816880922
       11.7620957187        0.1014150013
       11.7878228381        0.1199451765
       11.8140237554        0.1374233759
       11.8410102435        0.1539376245
       11.8690803925        0.1695259124
       11.8985304788        0.1841719550
       11.9296524152        0.1977836863
       11.9626939567        0.2101436595
       11.9976038361        0.2207927726
       12.0285764693        0.2280287781
       12.0560385619        0.2325647756
       12.0831263262        0.2352088792
       12.1086422372        0.2360212688
       12.1334943189        0.2353220193
       12.1589821415        0.2332337316
       12.1867751230        0.2296091398
       12.2199102336        0.2237827500
       12.2602554481        0.2148673328
       12.2986993374        0.2046894797
       12.3362225043        0.1931357614
       12.3733366115        0.1799838039
       12.4089635137        0.1655744140
       12.4425032921        0.1502799189
       12.4741511921        0.1342422660
       12.5043846468        0.1174632220
       12.5337050541        0.0998906028
       12.5625889422        0.0814482450
       12.5915092762        0.0620384015
       12.6209722077        0.0415376518
       12.6515323355        0.0198146736
       12.6836389551       -0.0031173195
       12.7169175607       -0.0265552841
       12.7498335012       -0.0489721336
       12.7815058189       -0.0694684202
       12.8121587574       -0.0880387620
       12.8423330207       -0.1049123293
       12.8725024838       -0.1202500726
       12.9030071898       -0.1340978471
       12.9340393245       -0.1463932818
       12.9655797591       -0.1569725304
       12.9972759864       -0.1655978796
       13.0284383130       -0.1720690548
       13.0584157374       -0.1763894476
       13.0870268856       -0.1787851728
       13.1145812125       -0.1795631228
       13.1416986023       -0.1789887238
       13.1692332589       -0.1772368380
       13.1984006269       -0.1743681408
       13.2308453498       -0.1703260903
       13.2644693203       -0.1655855993
       13.2956008202       -0.1609554220
       13.3250906121       -0.1564672102
       13.3542991926       -0.1519342852
       13.3841704292       -0.1471510551
       13.4154100123       -0.1418785180
       13.4486420168       -0.1358095189
       13.4843340361       -0.1285671823
       13.5221300347       -0.1198679558
       13.5602265698       -0.1098453655
       13.5971307362       -0.0988244552
       13.6326665144       -0.0869601427
       13.6672570748       -0.0742711557
       13.7014453729       -0.0607272972
       13.7358007033       -0.0462769920
       13.7709634341       -0.0308424110
       13.8077216135       -0.0143116165
       13.8469411383        0.0033824698
       13.8883261493        0.0216499779
       13.9288474698        0.0386891736
       13.9668938385        0.0535878258
       14.0030087069        0.0665246984
       14.0380688385        0.0778324395
       14.0727244613        0.0877416446
       14.1074374393        0.0964099871
       14.1426137182        0.1039803435
       14.1787571019        0.1106274978
       14.2166574347        0.1165974929
       14.2570280409        0.1221794972
       14.2906454046        0.1265214001
       14.3209415428        0.1304168991
       14.3507831237        0.1343918372
       14.3789225347        0.1383461031
       14.4058021459        0.1423166974
       14.4321213062        0.1463244276
       14.4586206660        0.1503495504
       14.4862018812        0.1543275810
       14.5162204710        0.1581243862
       14.5503759609        0.1613673316
       14.5848123684        0.1630745169
       14.6167707664        0.1629826406
       14.6474223092        0.1612260501
       14.6778574620        0.1577870002
       14.7085631660        0.1525723528
       14.7396022558        0.1455184550
       14.7708035280        0.1366482519
       14.8019555940        0.1260674892
       14.8329528501        0.1139155505
       14.8638468060        0.1003144369
       14.8948364298        0.0853391532
       14.9262518407        0.0690042748
       14.9585580458        0.0512560229
       14.9923645783        0.0319772507
       15.0282760375        0.0111058752
       15.0659287448       -0.0107587565
       15.1032208163       -0.0319720734
       15.1389773798       -0.0515774415
       15.1735741902       -0.0696515584
       15.2077682663       -0.0865293002
       15.2422233970       -0.1024952029
       15.2774571695       -0.1177527255
       15.3137760919       -0.1324116448
       15.3509167393       -0.1463785836
       15.3875908211       -0.1592469525
       15.4224566934       -0.1706607229
       15.4554771427       -0.1806606268
       15.4878718225       -0.1895064930
       15.5225700166       -0.1975465153
       15.5522684112       -0.2028815887
       15.5792408994       -0.2062371611
       15.6057648848       -0.2080151904
       15.6317384146       -0.2082488949
       15.6581294017       -0.2069791354
       15.6858393436       -0.2040744417
       15.7155737196       -0.1992553821
       15.7476259005       -0.1921810033
       15.7813772740       -0.1827009066
       15.8154269155       -0.1710750961
       15.8487014298       -0.1577443359
       15.8808558174       -0.1430489604
       15.9119936969       -0.1271804004
       15.9424120514       -0.1102202158
       15.9724902402       -0.0921745141
       16.0026637727       -0.0729898506
       16.0334364519       -0.0525576594
       16.0653886030       -0.0307314299
       16.0990287583       -0.0074671103
       16.1340379846        0.0166146901
       16.1687844609        0.0399661708
       16.2022851680        0.0616291354
       16.2347951576        0.0816178143
       16.2669421027        0.1002277401
       16.2993063341        0.1177075116
       16.3323654196        0.1342078763
       16.3665145459        0.1497844104
       16.4020656621        0.1643822498
       16.4392441707        0.1778021856
       16.4783861826        0.1896935541
       16.5119371842        0.1977926724
       16.5405446606        0.2029399857
       16.5687941587        0.2062583066
       16.5950262229        0.2076873850
       16.6201672618        0.2075743744
       16.6453992334        0.2060889326
       16.6718764920        0.2032020834
       16.7009665859        0.1986698402
       16.7346213014        0.1919144612
       16.7741254427        0.1822088318
       16.8148776334        0.1703803309
       16.8545270605        0.1571589412
       16.8927476470        0.1427984841
       16.9294040739        0.1275130443
       16.9646240860        0.1114396765
       16.9987668385        0.0946157646
       17.0323010508        0.0770096136
       17.0657512426        0.0585440349
       17.0997086178        0.0391018159
       17.1348685377        0.0185283196
       17.1719785133       -0.0032950271
       17.2111357881       -0.0259829664
       17.2504244428       -0.0479215208
       17.2880561608       -0.0677554475
       17.3240812895       -0.0853533445
       17.3591701910       -0.1009553511
       17.3938499460       -0.1147006046
       17.4283206018       -0.1265595968
       17.4623855034       -0.1363786510
       17.4954974196       -0.1439979904
       17.5271042301       -0.1494148750
       17.5570359993       -0.1528275686
       17.5855404745       -0.1545270933
       17.6131111087       -0.1547861576
       17.6403631050       -0.1538123634
       17.6680212759       -0.1517397893
       17.6969977749       -0.1486278407
       17.7283815010       -0.1444788904
       17.7617707109       -0.1395325235
       17.7940004038       -0.1345325591
       17.8244249903       -0.1297888859
       17.8539124581       -0.1252511911
       17.8832827103       -0.1208047553
       17.9131220984       -0.1163283625
       17.9438901256       -0.1116841882
       17.9760083745       -0.1067022329
       18.0098995422       -0.1011683182
       18.0459402576       -0.0948253013
       18.0841984976       -0.0874266204
       18.1239642881       -0.0788856486
       18.1640098029       -0.0693382175
       18.2036706910       -0.0589461649
       18.2430686899       -0.0477695633
       18.2827483876       -0.0357873456
       18.3234810310       -0.0229280450
       18.3662781260       -0.0090758390
       18.4123000447        0.0058594796
       18.4610086023        0.0213004568
       18.5082523240        0.0355566378
       18.5524910161        0.0480285439
       18.5947935036        0.0590495341
       18.6364700653        0.0690299087
       18.6785078887        0.0782900958
       18.7211806071        0.0870235305
       18.7591996543        0.0944285922
       18.7936437831        0.1010027637
       18.8275743419        0.1075034632
       18.8593070381        0.1137121592
       18.8890756639        0.1197026341
       18.9174670394        0.1255604090
       18.9450864024        0.1313307962
       18.9725787254        0.1370212287
       19.0007591678        0.1426077316
       19.0308587747        0.1480246183
       19.0643448583        0.1530019106
       19.0948304335        0.1562464210
       19.1247918571        0.1580087258
       19.1537163868        0.1582380321
       19.1824407222        0.1569741016
       19.2116595978        0.1541501753
       19.2417828912        0.1496344905
       19.2729505716        0.1432923030
       19.3050381078        0.1350535325
       19.3377339572        0.1249588834
       19.3707203872        0.1131415433
       19.4038379418        0.0997588684
       19.4371394218        0.0849314446
       19.4708733847        0.0687128200
       19.5054674217        0.0510771368
       19.5415346684        0.0319149470
       19.5798161470        0.0110858208
       19.6205087502       -0.0111685383
       19.6617216840       -0.0333872856
       19.7014690853       -0.0541598582
       19.7397681519       -0.0733283391
       19.7774031006       -0.0912096123
       19.8150613187       -0.1080749727
       19.8530959463       -0.1240259752
       19.8913764090       -0.1389487164
       19.9293485114       -0.1525608932
       19.9667810218       -0.1646613392
       20.0049361806       -0.1753391723
       20.0387091368       -0.1830178929
       20.0670322175       -0.1878822729
       20.0949704872       -0.1910695340
       20.1211312245       -0.1925079972
       20.1465000355       -0.1924684924
       20.1721632315       -0.1910519362
       20.1990741235       -0.1881902939
       20.2281781881       -0.1836611358
       20.2604534708       -0.1770780495
       20.2964383406       -0.1679975707
       20.3348547111       -0.1564442085
       20.3733787699       -0.1430424098
       20.4108694616       -0.1283292721
       20.4471789293       -0.1125811351
       20.4825666809       -0.0959092821
       20.5174501737       -0.0783296291
       20.5523340987       -0.0597931940
       20.5878160524       -0.0401940855
       20.6246213426       -0.0193733049
       20.6635448897        0.0028062097
       20.7046896856        0.0259697665
       20.7460103356        0.0484688861
       20.7856586187        0.0689384977
       20.8237415544        0.0872613032
       20.8610070768        0.1036824865
       20.8980498363        0.1183243136
       20.9350726885        0.1310905441
       20.9716194496        0.1416637841
       21.0064982212        0.1496813639
       21.0361060173        0.1547595896
       21.0652831024        0.1581150546
       21.0929635940        0.1597420069
       21.1195056954        0.1598928719
       21.1455735957        0.1587695297
       21.1718939481        0.1564838793
       21.1992911792        0.1530598765
       21.2288083516        0.1484257167
       21.2615270867        0.1424589750
       21.2962013046        0.1355152499
       21.3300034674        0.1283818970
       21.3627517413        0.1212719128
       21.3952197353        0.1140933626
       21.4280623721        0.1067129674
       21.4617249437        0.0990025487
       21.4965138072        0.0908368818
       21.5326325831        0.0820958290
       21.5701718519        0.0726797177
       21.6090822124        0.0625346712
       21.6491978923        0.0516699158
       21.6903626692        0.0401443574
       21.7325912805        0.0280309354
       21.7761330754        0.0153999710
       21.8213249196        0.0023672817
       21.8679834562       -0.0107275544
       21.9145857011       -0.0231528436
       21.9594339976       -0.0342526533
       22.0022229771       -0.0438944891
       22.0435324259       -0.0522391196
       22.0841246678       -0.0595037113
       22.1247552049       -0.0659045550
       22.1661690979       -0.0716661843
       22.2086998296       -0.0770003167
       22.2466651412       -0.0814974872
       22.2808897027       -0.0855397483
       22.3145681368       -0.0896810930
       22.3460953531       -0.0938364722
       22.3757171521       -0.0980680324
       22.4039689687       -0.1024314872
       22.4313390138       -0.1069488141
       22.4582704960       -0.1116110061
       22.4852265159       -0.1163838661
       22.5127751191       -0.1212100966
       22.5417134145       -0.1260013077
       22.5731596053       -0.1305863844
       22.6070613432       -0.1344446978
       22.6397932396       -0.1367924545
       22.6705335607       -0.1375677623
       22.7003204621       -0.1368943114
       22.7300679545       -0.1347798904
       22.7603384992       -0.1311486856
       22.7914365599       -0.1258957608
       22.8234670317       -0.1189317161
       22.8563755013       -0.1102201604
       22.8900230737       -0.0997934761
       22.9242976560       -0.0877333141
       22.9592120282       -0.0741274727
       22.9949571250       -0.0590277628
       23.0319278218       -0.0424202477
       23.0707420825       -0.0242110299
       23.1121543082       -0.0042835933
       23.1562144025        0.0170542167
       23.2006946246        0.0383230426
       23.2435785705        0.0582481555
       23.2849071558        0.0766985713
       23.3253330355        0.0939010306
       23.3652063331        0.1099658689
       23.4044043554        0.1248101031
       23.4426454339        0.1382769154
       23.4801334776        0.1503175443
       23.5183056982        0.1610734601
       23.5529349736        0.1691248857
       23.5817260598        0.1742795123
       23.6101289182        0.1777760642
       23.6365910553        0.1795012883
       23.6620489420        0.1797420683
       23.6875476062        0.1786320781
       23.7139668579        0.1761506577
       23.7421376063        0.1721491631
       23.7729325806        0.1663469743
       23.8071602308        0.1583469319
       23.8448177460        0.1478624374
       23.8842133357        0.1351819569
       23.9235241696        0.1209183532
       23.9620589298        0.1054897542
       23.9998517797        0.0890897337
       24.0372468713        0.0717770092
       24.0747463636        0.0535253417
       24.1129916796        0.0342397951
       24.1528012043        0.0137620991
       24.1951154014       -0.0080519783
       24.2400184375       -0.0307627111
       24.2848420071       -0.0524768412
       24.3274722606       -0.0718092123
       24.3681169670       -0.0887005969
       24.4074679187       -0.1033404315
       24.4457381228       -0.1157135244
       24.4824570540       -0.1256331870
       24.5168774064       -0.1330052343
       24.5487100350       -0.1380202783
       24.5782685229       -0.1410387208
       24.6061541744       -0.1424096569
       24.6330158078       -0.1423978953
       24.6594798232       -0.1411821207
       24.6861733122       -0.1388696079
       24.7137879809       -0.1355060885
       24.7431447851       -0.1310813974
       24.7749888073       -0.1255867836
       24.8085017335       -0.1193420786
       24.8413729283       -0.1130215602
       24.8730064311       -0.1069316339
       24.9039031895       -0.1010747745
       24.9346269797       -0.0953837853
       24.9655931739       -0.0897873223
       24.9971076366       -0.0842122336
       25.0294212388       -0.0785774607
       25.0627637722       -0.0727901860
       25.0973590705       -0.0667451150
       25.1334228797       -0.0603275096
       25.1711410128       -0.0534219114
       25.2106298032       -0.0459284505
       25.2519064670       -0.0377832031
       25.2949302188       -0.0289681878
       25.3397398113       -0.0194975553
       25.3865929969       -0.0093936394
       25.4359115323        0.0013006178
       25.4876410555        0.0123874222
       25.5401135350        0.0233178067
       25.5912558971        0.0335569699
       25.6404030095        0.0429984099
       25.6872471687        0.0517066007
       25.7273363892        0.0590408711
       25.7667679795        0.0662739934
       25.8036380044        0.0731750835
       25.8379449320        0.0798162377
       25.8701480285        0.0863124658
       25.9007174536        0.0927491631
       25.9300626908        0.0991730325
       25.9585635155        0.1055983480
       25.9866234221        0.1120149154
       26.0147384511        0.1183943165
       26.0436048466        0.1246916423
       26.0742831782        0.1308256099
       26.1076309867        0.1364728113
       26.1375269559        0.1403275332
       26.1669135290        0.1427867259
       26.1951788053        0.1437850454
       26.2230707405        0.1434015694
       26.2512948282        0.1416243247
       26.2803605242        0.1383645479
       26.3106137345        0.1334906926
       26.3422365469        0.1268652742
       26.3752169572        0.1183932772
       26.4093557751        0.1080686488
       26.4443759716        0.0959799340
       26.4800911308        0.0822602607
       26.5165205928        0.0670206044
       26.5539240153        0.0503043340
       26.5928063726        0.0320660400
       26.6339002501        0.0121832309
       26.6778346735       -0.0093500721
       26.7236018276       -0.0316370641
       26.7684960772       -0.0529587128
       26.8115766522       -0.0726166242
       26.8533800571       -0.0907237637
       26.8945528715       -0.1074510852
       26.9354797782       -0.1228107000
       26.9765544441       -0.1367160974
       27.0189704827       -0.1491137238
       27.0532549848       -0.1573139330
       27.0825979250       -0.1627654182
       27.1115468628       -0.1665228623
       27.1384067604       -0.1684526567
       27.1639391630       -0.1688651833
       27.1891173786       -0.1679510230
       27.2147838800       -0.1657607217
       27.2417419698       -0.1622323221
       27.2708912112       -0.1571872398
       27.3033368733       -0.1502992412
       27.3401831729       -0.1411215381
       27.3808804602       -0.1295830514
       27.4227694928       -0.1163905748
       27.4644512274       -0.1020958561
       27.5057356743       -0.0869162907
       27.5467772276       -0.0709505158
       27.5878863726       -0.0542453496
       27.6295495204       -0.0367969775
       27.6724601479       -0.0185551827
       27.7174830982        0.0005228780
       27.7649891724        0.0201309307
       27.8126478677        0.0387619063
       27.8573065375        0.0548273342
       27.8984780175        0.0680979887
       27.9367730724        0.0788602491
       27.9727321789        0.0873942427
       28.0067190918        0.0939324219
       28.0390391228        0.0986927219
       28.0700113493        0.1018860823
       28.0999863205        0.1037083773
       28.1293457523        0.1043328888
       28.1585072455        0.1039081419
       28.1879410331        0.1025603064
       28.2181883022        0.1004004589
       28.2497933317        0.0975482663
       28.2827427810        0.0942216089
       28.3154830526        0.0908589300
       28.3465041904        0.0878654759
       28.3757513016        0.0853844955
       28.4037549998        0.0834229767
       28.4310242296        0.0819543180
       28.4579469976        0.0809426200
       28.4848313686        0.0803426731
       28.5119544679        0.0800966961
       28.5396010691        0.0801310050
       28.5680977552        0.0803516211
       28.5978506425        0.0806367794
       28.6293889877        0.0808230132
       28.6633742011        0.0806800394
       28.7002800523        0.0798830661
       28.7391031427        0.0780893856
       28.7776191717        0.0751627687
       28.8150320358        0.0711224285
       28.8516895536        0.0659814710
       28.8881203834        0.0597265354
       28.9247554658        0.0523393734
       28.9619349248        0.0438079905
       28.9999534116        0.0341294537
       29.0390807626        0.0233136396
       29.0795301446        0.0113995607
       29.1213331527       -0.0014992451
       29.1641263253       -0.0151216263
       29.2070939078       -0.0290464861
       29.2493357432       -0.0428386796
       29.2902514251       -0.0562019058
       29.3295523444       -0.0689860058
       29.3671370532       -0.0811294793
       29.4030327350       -0.0926178319
       29.4373924761       -0.1034614916
       29.4705136447       -0.1136827650
       29.5028859881       -0.1233096736
       29.5353213779       -0.1323774624
       29.5692912936       -0.1409284734
       29.6020619539       -0.1478809081
       29.6305748851       -0.1526000420
       29.6586336517       -0.1558299940
       29.6852575654       -0.1574880406
       29.7112414471       -0.1577509142
       29.7374154496       -0.1566839819
       29.7644499129       -0.1542430864
       29.7929175504       -0.1503006349
       29.8233225786       -0.1446619006
       29.8560359106       -0.1370966095
       29.8910983276       -0.1274270945
       29.9280189770       -0.1156698345
       29.9659811509       -0.1020691418
       30.0043803127       -0.0869327927
       30.0430696462       -0.0704774111
       30.0822907670       -0.0527905941
       30.1225786737       -0.0338427329
       30.1647397861       -0.0135027263
       30.2097584656        0.0083758077
       30.2576921802        0.0313505779
       30.3056358003        0.0534857874
       30.3514132877        0.0733878909
       30.3953448661        0.0909830363
       30.4382368974        0.1064017048
       30.4801029542        0.1194333971
       30.5150127068        0.1285038818
       30.5464140631        0.1350583811
       30.5773647372        0.1398594591
       30.6061930904        0.1427303837
       30.6332500334        0.1439634833
       30.6592528654        0.1438184513
       30.6848853158        0.1424563645
       30.7107818409        0.1399571515
       30.7375954834        0.1363340218
       30.7660796992        0.1315352625
       30.7971077981        0.1254519144
       30.8311248618        0.1180606060
       30.8665854251        0.1098495132
       30.9015978689        0.1014658420
       30.9359064917        0.0931364655
       30.9699194410        0.0848603960
       31.0040301950        0.0765973430
       31.0385009594        0.0683168900
       31.0734923282        0.0600028820
       31.1090994897        0.0516519292
       31.1453747297        0.0432733724
       31.1823394961        0.0348906024
       31.2199903635        0.0265426496
       31.2583013764        0.0182850931
       31.2972242299        0.0101894354
       31.3366885595        0.0023399447
       31.3766071495       -0.0051732012
       31.4168924959       -0.0122650423
       31.4574875807       -0.0188698665
       31.4984048591       -0.0249546190
       31.5397600252       -0.0305282556
       31.5817800488       -0.0356458563
       31.6247189601       -0.0404052045
       31.6684298245       -0.0449177496
       31.7114612592       -0.0492348350
       31.7483204845       -0.0530124434
       31.7845512279       -0.0569595422
       31.8186378136       -0.0610186318
       31.8507058457       -0.0652453117
       31.8811815520       -0.0696972019
       31.9104490030       -0.0744080263
       31.9388184860       -0.0793859415
       31.9665595226       -0.0846169310
       31.9939405676       -0.0900686621
       32.0212702122       -0.0956937862
       32.0489483481       -0.1014317057
       32.0775412751       -0.1072054768
       32.1078602295       -0.1128967276
       32.1404814266       -0.1181958714
       32.1731852658       -0.1223207760
       32.2037991376       -0.1248634741
       32.2328205603       -0.1259565157
       32.2612397240       -0.1257180319
       32.2897915416       -0.1241582643
       32.3189766422       -0.1212176902
       32.3491446741       -0.1167994388
       32.3805292211       -0.1107941779
       32.4132493765       -0.1031069379
       32.4473106215       -0.0936853169
       32.4826408853       -0.0825357870
       32.5191744260       -0.0697125753
       32.5569524920       -0.0552812506
       32.5961984064       -0.0392778006
       32.6373453648       -0.0216870606
       32.6809424631       -0.0024885960
       32.7270624015        0.0180542855
       32.7741269131        0.0388668029
       32.8200662058        0.0586898864
       32.8643300358        0.0770555542
       32.9072581830        0.0939467791
       32.9493289304        0.1093874132
       32.9912325250        0.1233797633
       33.0344909324        0.1359457393
       33.0687010516        0.1441514284
       33.0982026680        0.1497212694
       33.1272949573        0.1536399440
       33.1543149402        0.1557550480
       33.1799452316        0.1563596812
       33.2050840262        0.1556486734
       33.2304966685        0.1536926493
       33.2568808657        0.1504675482
       33.2849718733        0.1458618349
       33.3156346537        0.1396627368
       33.3498749607        0.1315454203
       33.3883326515        0.1212082383
       33.4298154195        0.1088883810
       33.4722035552        0.0952773002
       33.5146376371        0.0808029976
       33.5571262561        0.0656287916
       33.5999295855        0.0498336102
       33.6433966531        0.0334854592
       33.6879096365        0.0166864295
       33.7336329982       -0.0003070762
       33.7798256745       -0.0168352681
       33.8246658814       -0.0318928057
       33.8668418219       -0.0448437346
       33.9062147517       -0.0556159719
       33.9431563924       -0.0643723486
       33.9780921588       -0.0713115875
       34.0113975100       -0.0766210704
       34.0434104562       -0.0804735806
       34.0744557765       -0.0830283015
       34.1048622911       -0.0844308033
       34.1349771643       -0.0848134803
       34.1651822025       -0.0842976248
       34.1959103760       -0.0829983578
       34.2276309752       -0.0810370500
       34.2606377420       -0.0785793786
       34.2942922945       -0.0759237711
       34.3269078947       -0.0734803679
       34.3575960514       -0.0715166494
       34.3865569668       -0.0701148486
       34.4142863485       -0.0692812926
       34.4412159567       -0.0690014678
       34.4676747825       -0.0692510716
       34.4939268336       -0.0699956577
       34.5202101852       -0.0711891362
       34.5467683565       -0.0727724246
       34.5738790767       -0.0746715327
       34.6018869202       -0.0767936872
       34.6312436731       -0.0790187805
       34.6625355897       -0.0811796594
       34.6963071088       -0.0830175707
       34.7320210991       -0.0841369710
       34.7676021519       -0.0841822440
       34.8020375664       -0.0830541548
       34.8356186832       -0.0807575849
       34.8688990631       -0.0772825276
       34.9023209237       -0.0725987537
       34.9361958675       -0.0666719403
       34.9707494778       -0.0594748889
       35.0061608580       -0.0509932519
       35.0425897010       -0.0412280575
       35.0801872594       -0.0301985895
       35.1190775710       -0.0179527115
       35.1592830726       -0.0045961794
       35.2005837361        0.0096540437
       35.2424141458        0.0244342216
       35.2840145610        0.0393035999
       35.3247553976        0.0538871491
       35.3642810954        0.0679410667
       35.4024578717        0.0813257440
       35.4393180327        0.0939644099
       35.4750746253        0.1058208468
       35.5102076977        0.1168924831
       35.5456804763        0.1272137142
       35.5833809217        0.1368208246
       35.6143840414        0.1433038778
       35.6421223163        0.1477630363
       35.6694185089        0.1507454009
       35.6954564553        0.1522035507
       35.7209005655        0.1523022255
       35.7464951870        0.1511154743
       35.7728856955        0.1486216276
       35.8006696639        0.1447202363
       35.8304447389        0.1392372785
       35.8628002410        0.1319319564
       35.8981758565        0.1225429778
       35.9364943494        0.1109392755
       35.9769019057        0.0973084122
       36.0183418927        0.0820601716
       36.0602913435        0.0655392893
       36.1028381154        0.0479144670
       36.1465139417        0.0292012854
       36.1922356210        0.0092944519
       36.2412750536       -0.0119587602
       36.2939175589       -0.0340733828
       36.3413219035       -0.0528341239
       36.3878480785       -0.0697013768
       36.4273653356       -0.0824804940
       36.4662478358       -0.0933740614
       36.5024529960       -0.1017786827
       36.5357680326       -0.1078464668
       36.5666244825       -0.1119171688
       36.5956148720       -0.1143139964
       36.6233146199       -0.1152910290
       36.6502433884       -0.1150349210
       36.6768791569       -0.1136787726
       36.7036889830       -0.1113148048
       36.7311637927       -0.1080039071
       36.7598402236       -0.1037864176
       36.7902200676       -0.0987151269
       36.8222687632       -0.0929769740
       36.8547153896       -0.0870444315
       36.8862356580       -0.0813964086
       36.9165786643       -0.0762346074
       36.9460407081       -0.0715914755
       36.9749727307       -0.0674512850
       37.0036555289       -0.0637879632
       37.0323094620       -0.0605693798
       37.0611240990       -0.0577552107
       37.0902822408       -0.0552948642
       37.1199777486       -0.0531258755
       37.1504306363       -0.0511720987
       37.1819024977       -0.0493409659
       37.2147137802       -0.0475190826
       37.2492590404       -0.0455655273
       37.2859933279       -0.0433037952
       37.3252776856       -0.0405228892
       37.3668454370       -0.0370277533
       37.4093414557       -0.0327520498
       37.4513904835       -0.0277524594
       37.4925667046       -0.0220891174
       37.5330105438       -0.0157930019
       37.5729394496       -0.0088906089
       37.6124675463       -0.0014240101
       37.6515841396        0.0065427084
       37.6901847944        0.0149266578
       37.7281185926        0.0236354523
       37.7652339048        0.0325783109
       37.8014103585        0.0416743747
       37.8365736623        0.0508557995
       37.8706986295        0.0600661474
       37.9038088401        0.0692562857
       37.9359800276        0.0783801149
       37.9673521996        0.0873917643
       37.9981555684        0.0962450313
       38.0287604172        0.1048949619
       38.0597758106        0.1132997757
       38.0922220115        0.1214061084
       38.1269311780        0.1288976949
       38.1559458549        0.1339101415
       38.1844878764        0.1375036188
       38.2115205491        0.1395545362
       38.2377558486        0.1402309978
       38.2639615825        0.1396146171
       38.2907420334        0.1376929731
       38.3185928085        0.1343863301
       38.3479463686        0.1295638791
       38.3791716163        0.1230594072
       38.4125194223        0.1147025878
       38.4480219750        0.1043790046
       38.4854312256        0.0920999452
       38.5243429953        0.0780105974
       38.5644718766        0.0623039630
       38.6058508000        0.0451179066
       38.6488888636        0.0264813634
       38.6943733200        0.0063101749
       38.7432813726       -0.0154675784
       38.7952102670       -0.0381434419
       38.8466818668       -0.0596017394
       38.8958082796       -0.0786192890
       38.9428957921       -0.0950247058
       38.9827364280       -0.1071327165
       39.0176625838       -0.1161194625
       39.0490118088       -0.1226715167
       39.0799070891       -0.1275440533
       39.1087055165       -0.1305400684
       39.1357435611       -0.1319270623
       39.1616946271       -0.1319489926
       39.1871847575       -0.1307621960
       39.2127732083       -0.1284524176
       39.2390037326       -0.1250514008
       39.2664620336       -0.1205442585
       39.2958132297       -0.1148751208
       39.3276883884       -0.1079886689
       39.3619618911       -0.1000334460
       39.3970435476       -0.0915789157
       39.4316022350       -0.0831617807
       39.4654456910       -0.0749892542
       39.4988280811       -0.0671029447
       39.5320101389       -0.0595091353
       39.5651695806       -0.0522149099
       39.5984177798       -0.0452309013
       39.6318279641       -0.0385680995
       39.6654560515       -0.0322351893
       39.6993540870       -0.0262370732
       39.7335788668       -0.0205741826
       39.7681979573       -0.0152421532
       39.8032947484       -0.0102315281
       39.8389737889       -0.0055272119
       39.8753673754       -0.0011074040
       39.9126438868        0.0030583024
       39.9510164840        0.0070119848
       39.9907426009        0.0108116122
       40.0320713899        0.0145342734
       40.0749921816        0.0182676128
       40.1186100988        0.0220683953
       40.1610647157        0.0259343456
       40.2010254011        0.0298752319
       40.2383436469        0.0339497004
       40.2734312339        0.0382320358
       40.3067556455        0.0427845628
       40.3386894833        0.0476492962
       40.3695083059        0.0528478838
       40.3994202416        0.0583832749
       40.4285952490        0.0642413232
       40.4571906386        0.0703923519
       40.4853757355        0.0767930469
       40.5133596846        0.0833888107
       40.5414281206        0.0901161614
       40.5699983920        0.0969034895
       40.5996993713        0.1036625860
       40.6313194845        0.1102221382
       40.6642354799        0.1159997713
       40.6953926822        0.1201794435
       40.7242703932        0.1227386190
       40.7518610703        0.1238989794
       40.7790759321        0.1237734940
       40.8065513907        0.1223720398
       40.8347494904        0.1196417312
       40.8640316620        0.1154906444
       40.8946846937        0.1098045698
       40.9269142967        0.1024668440
       40.9608236943        0.0933854560
       40.9964060372        0.0825213985
       41.0335866799        0.0699000872
       41.0723215196        0.0555906973
       41.1127064850        0.0396633955
       41.1550410201        0.0221559872
       41.1997752931        0.0030978368
       41.2470879574       -0.0172859658
       41.2958627414       -0.0381168255
       41.3440730246       -0.0581114947
       41.3908927850       -0.0765817461
       41.4367676870       -0.0933938764
       41.4827258219       -0.1085214010
       41.5222974928       -0.1197535499
       41.5553796590       -0.1275467090
       41.5848431911       -0.1330304311
       41.6138763473       -0.1369114297
       41.6410542563       -0.1390603564
       41.6668525629       -0.1397250797
       41.6919900621       -0.1390965449
       41.7171079558       -0.1372728871
       41.7427882678       -0.1342805422
       41.7696216868       -0.1300860484
       41.7982735375       -0.1245958991
       41.8295186647       -0.1176557351
       41.8640632242       -0.1091058047
       41.9016311277       -0.0990645450
       41.9404369595       -0.0881556491
       41.9791518730       -0.0769485234
       42.0175385526       -0.0656856672
       42.0557459443       -0.0544629914
       42.0939049506       -0.0433636541
       42.1320385392       -0.0324975131
       42.1700699075       -0.0220023746
       42.2078534092       -0.0120313030
       42.2452168647       -0.0027328838
       42.2820088889        0.0057693549
       42.3181360095        0.0133905429
       42.3535777042        0.0200871862
       42.3883816230        0.0258515848
       42.4226502306        0.0307033017
       42.4565288160        0.0346815915
       42.4901996084        0.0378402782
       42.5238829708        0.0402451806
       42.5578447025        0.0419739269
       42.5924046794        0.0431184386
       42.6279233473        0.0437913848
       42.6646617051        0.0441392789
       42.7022431065        0.0443603609
       42.7391326432        0.0446912836
       42.7739281494        0.0453280679
       42.8064388020        0.0463826153
       42.8370969031        0.0479120951
       42.8663834433        0.0499471264
       42.8946707174        0.0525010939
       42.9222312135        0.0555720383
       42.9492748723        0.0591431207
       42.9759817651        0.0631831396
       43.0025289257        0.0676473730
       43.0291157382        0.0724786700
       43.0559929474        0.0776082978
       43.0835009850        0.0829550967
       43.1121186737        0.0884182067
       43.1424570374        0.0938432414
       43.1746727880        0.0988861077
       43.2069280586        0.1028962741
       43.2375606164        0.1055173536
       43.2667961215        0.1068005180
       43.2953850260        0.1068316707
       43.3239534778        0.1056294454
       43.3529556895        0.1031600860
       43.3827285696        0.0993592165
       43.4135290154        0.0941477711
       43.4455491737        0.0874462209
       43.4789221091        0.0791892305
       43.5137315039        0.0693386594
       43.5500359826        0.0578898406
       43.5879074381        0.0448679785
       43.6274637686        0.0303205267
       43.6688522948        0.0143260268
       43.7121043221       -0.0029419141
       43.7568068385       -0.0210727953
       43.8019464203       -0.0393662739
       43.8464933462       -0.0571187460
       43.8900034376       -0.0739017829
       43.9325966096       -0.0895248128
       43.9748791676       -0.1039224443
       44.0182142781       -0.1170917238
       44.0543387194       -0.1264285171
       44.0849233107       -0.1328569854
       44.1126579341       -0.1373035409
       44.1399626886       -0.1402469881
       44.1659201902       -0.1416442911
       44.1910353079       -0.1416788803
       44.2159649410       -0.1404691297
       44.2413087315       -0.1380527441
       44.2676406414       -0.1344010673
       44.2955704293       -0.1294230539
       44.3257971456       -0.1229601712
       44.3591110636       -0.1147882916
       44.3961364198       -0.1046980871
       44.4364573655       -0.0928008339
       44.4784026049       -0.0796961570
       44.5207037076       -0.0659684747
       44.5630108454       -0.0519378270
       44.6053457372       -0.0378018155
       44.6477037801       -0.0237735317
       44.6898800317       -0.0101436115
       44.7314324386        0.0027247572
       44.7718227216        0.0144767578
       44.8106568148        0.0248691818
       44.8478019467        0.0338041646
       44.8833351474        0.0412919099
       44.9174447622        0.0474003267
       44.9503633447        0.0522217894
       44.9823377038        0.0558565967
       45.0136207801        0.0584057978
       45.0444740268        0.0599685477
       45.0751752846        0.0606418787
       45.1060301239        0.0605223105
       45.1373826486        0.0597098808
       45.1696054653        0.0583173483
       45.2029797593        0.0564931132
       45.2372397536        0.0544705775
       45.2711122782        0.0525863749
       45.3033547252        0.0511334483
       45.3337338372        0.0502506648
       45.3625871061        0.0499802481
       45.3903245715        0.0503304839
       45.4172768755        0.0512966507
       45.4436948169        0.0528639750
       45.4697788142        0.0550069207
       45.4957062992        0.0576885091
       45.5216544881        0.0608601025
       45.5478219138        0.0644613662
       45.5744527936        0.0684197681
       45.6018680483        0.0726481727
       45.6305005666        0.0770365130
       45.6608786401        0.0814238207
       45.6932059848        0.0855112598
       45.7261799695        0.0887844776
       45.7580837959        0.0908680206
       45.7887288402        0.0917192615
       45.8186684833        0.0913796543
       45.8484653720        0.0898571651
       45.8785449179        0.0871235010
       45.9092196906        0.0831300206
       45.9407244454        0.0778210116
       45.9732380168        0.0711444098
       46.0068971393        0.0630610714
       46.0418085503        0.0535522283
       46.0780607671        0.0426247104
       46.1157283274        0.0303161794
       46.1548498146        0.0167079187
       46.1953539349        0.0019567162
       46.2369384640       -0.0136556417
       46.2790206998       -0.0297069587
       46.3209188882       -0.0457230027
       46.3621342822       -0.0613091999
       46.4024711992       -0.0762004756
       46.4420392672       -0.0902379814
       46.4813309812       -0.1033436893
       46.5215272392       -0.1155112136
       46.5583816716       -0.1251388197
       46.5889487936       -0.1316818302
       46.6165623961       -0.1362383255
       46.6437435059       -0.1393085366
       46.6695924846       -0.1408381308
       46.6946416662       -0.1410048269
       46.7195554736       -0.1399184800
       46.7449263428       -0.1376070158
       46.7713090652       -0.1340322160
       46.7992778071       -0.1290951580
       46.8294702887       -0.1226332938
       46.8625936023       -0.1144211295
       46.8992864968       -0.1042153616
       46.9396094517       -0.0919430181
       46.9825117548       -0.0779598143
       47.0266162066       -0.0628655131
       47.0712307822       -0.0471211217
       47.1162416680       -0.0310257477
       47.1616268860       -0.0148773259
       47.2070041120        0.0008665680
       47.2514143947        0.0155563501
       47.2937915946        0.0286004948
       47.3336192013        0.0397256400
       47.3709405974        0.0489364085
       47.4060561949        0.0563628710
       47.4393266351        0.0621678444
       47.4711039849        0.0665119537
       47.5017187482        0.0695431793
       47.5314835955        0.0713945523
       47.5607016765        0.0721847877
       47.5896771832        0.0720203797
       47.6187279267        0.0709988204
       47.6481978941        0.0692134700
       47.6784571248        0.0667626397
       47.7098321381        0.0637715491
       47.7422963565        0.0604466520
       47.7749512586        0.0571365693
       47.8065182045        0.0542176083
       47.8364849814        0.0519009284
       47.8650231492        0.0502519271
       47.8924875432        0.0492784545
       47.9191964045        0.0489711744
       47.9453992311        0.0493122953
       47.9712963126        0.0502755275
       47.9970627451        0.0518249930
       48.0228687091        0.0539144932
       48.0488976489        0.0564870009
       48.0753655748        0.0594738777
       48.1025446754        0.0627928980
       48.1307921905        0.0663429850
       48.1605671676        0.0699897736
       48.1923071346        0.0735248950
       48.2257168233        0.0765849290
       48.2591445190        0.0787228599
       48.2914541813        0.0797285739
       48.3227620701        0.0795929116
       48.3535821100        0.0783304365
       48.3843790926        0.0759296159
       48.4155016326        0.0723589670
       48.4472076399        0.0675791924
       48.4796920053        0.0615528374
       48.5131043278        0.0542520872
       48.5475590157        0.0456656108
       48.5831385658        0.0358053233
       48.6198860262        0.0247150017
       48.6577788408        0.0124840982
       48.6966811543       -0.0007316368
       48.7362980991       -0.0146920072
       48.7761923007       -0.0290820003
       48.8158954931       -0.0435634676
       48.8550447434       -0.0578369783
       48.8934587622       -0.0716718506
       48.9311710298       -0.0849048316
       48.9684961419       -0.0974320448
       49.0062206087       -0.1092081281
       49.0458927166       -0.1201839192
       49.0779223801       -0.1276075680
       49.1062239548       -0.1328236384
       49.1340898990       -0.1365318065
       49.1603331065       -0.1386117627
       49.1855356364       -0.1392740146
       49.2104243256       -0.1386570772
       49.2356139018       -0.1368070185
       49.2616474309       -0.1337003256
       49.2890582032       -0.1292549072
       49.3184138627       -0.1233311400
       49.3503332349       -0.1157318273
       49.3854337840       -0.1062212630
       49.4240936044       -0.0946151556
       49.4659898545       -0.0809842020
       49.5100653283       -0.0657524559
       49.5553667751       -0.0494378810
       49.6015481152       -0.0324272019
       49.6486137649       -0.0150372700
       49.6962923757        0.0022529273
       49.7433363052        0.0185858885
       49.7879877547        0.0330341467
       49.8293721444        0.0451785611
       49.8675777956        0.0550628098
       49.9030584940        0.0629006384
       49.9363089173        0.0689266342
       49.9677803016        0.0733540996
       49.9978748109        0.0763676403
       50.0269556995        0.0781243033
       50.0553594779        0.0787570133
       50.0834087776        0.0783788279
       50.1114263392        0.0770875917
       50.1397495108        0.0749712532
       50.1687391940        0.0721155529
       50.1987540797        0.0686200552
       50.2299844110        0.0646396000
       50.2619968487        0.0604641722
       50.2936065722        0.0565099275
       50.3239145183        0.0530993678
       50.3528101381        0.0503654084
       50.3805625794        0.0483366610
       50.4074849959        0.0470079137
       50.4338376899        0.0463629773
       50.4598288010        0.0463781226
       50.4856347094        0.0470213322
       50.5114193706        0.0482513748
       50.5373507646        0.0500171592
       50.5636167645        0.0522570557
       50.5904432227        0.0548976232
       50.6181166066        0.0578506949
       50.6470090913        0.0610063526
       50.6775749312        0.0642150712
       50.7101420765        0.0672430678
       50.7441138823        0.0697149713
       50.7778384482        0.0712506509
       50.8104684242        0.0717031828
       50.8422034799        0.0710675986
       50.8735204942        0.0693485675
       50.9048359532        0.0665310288
       50.9364620101        0.0625872923
       50.9686298428        0.0574870579
       51.0015128489        0.0512054083
       51.0352401234        0.0437296102
       51.0699009918        0.0350658349
       51.1055402461        0.0252469948
       51.1421419711        0.0143430794
       51.1796027198        0.0024741209
       51.2177069933       -0.0101790523
       51.2561339322       -0.0233780304
       51.2945161449       -0.0368529761
       51.3325279284       -0.0503416198
       51.3699566272       -0.0636185282
       51.4067460120       -0.0765052304
       51.4430441728       -0.0888696847
       51.4793099011       -0.1006264561
       51.5165559190       -0.1117341434
       51.5527208697       -0.1211596882
       51.5828830191       -0.1276560803
       51.6102249411       -0.1322355325
       51.6371298136       -0.1353640336
       51.6628043440       -0.1369852921
       51.6877775559       -0.1372584368
       51.7126849373       -0.1362776170
       51.7380845675       -0.1340598565
       51.7644889468       -0.1305607830
       51.7924122273       -0.1256816973
       51.8224010458       -0.1192705722
       51.8550345741       -0.1111263739
       51.8908497714       -0.1010282297
       51.9301061841       -0.0888329026
       51.9724430258       -0.0746460129
       52.0169698775       -0.0588650983
       52.0629490956       -0.0419569970
       52.1101572172       -0.0242913012
       52.1585798485       -0.0062369554
       52.2075437853        0.0115157369
       52.2550247621        0.0278001033
       52.2953307475        0.0405620601
       52.3349929510        0.0518745388
       52.3721226367        0.0611028866
       52.4066695840        0.0683159643
       52.4390301923        0.0737327692
       52.4696541604        0.0775725862
       52.4989583145        0.0800242410
       52.5273185264        0.0812444261
       52.5550795939        0.0813623691
       52.5825693047        0.0804855492
       52.6101137961        0.0787054046
       52.6380524246        0.0761034774
       52.6667442366        0.0727603197
       52.6965311189        0.0687747307
       52.7275429383        0.0643130498
       52.7592471305        0.0596924980
       52.7904765109        0.0553420407
       52.8204501273        0.0515713204
       52.8491072742        0.0485020024
       52.8767052742        0.0461586493
       52.9035323904        0.0445345700
       52.9298290663        0.0436125236
       52.9557902353        0.0433678539
       52.9815835925        0.0437678646
       53.0073667482        0.0447710141
       53.0333019215        0.0463263258
       53.0595702518        0.0483727291
       53.0863882119        0.0508378362
       53.1140281726        0.0536352457
       53.1428415143        0.0566582687
       53.1732595305        0.0597645070
       53.2056328671        0.0627378975
       53.2395507725        0.0652323119
       53.2734694108        0.0668633300
       53.3063640868        0.0674499739
       53.3383024038        0.0669726685
       53.3697276509        0.0654366922
       53.4010576878        0.0628313262
       53.4326111196        0.0591333267
       53.4646236790        0.0543162281
       53.4972706492        0.0483581170
       53.5306802384        0.0412482944
       53.5649377803        0.0329939135
       53.6000812633        0.0236275589
       53.6360880338        0.0132165006
       53.6728553869        0.0018729943
       53.7101863705       -0.0102385975
       53.7478007143       -0.0229059494
       53.7853826354       -0.0358892253
       53.8226495850       -0.0489506154
       53.8594125196       -0.0618780859
       53.8956201998       -0.0744962345
       53.9314104686       -0.0866689807
       53.9672129564       -0.0983019836
       54.0039710708       -0.1093405901
       54.0428880881       -0.1195440015
       54.0727993437       -0.1259870072
       54.1022867135       -0.1308687729
       54.1294796161       -0.1339034455
       54.1550813780       -0.1353856227
       54.1799814995       -0.1355279135
       54.2048694680       -0.1344217362
       54.2302977896       -0.1320770954
       54.2567655474       -0.1284449596
       54.2847721321       -0.1234247191
       54.3148457416       -0.1168658622
       54.3475404748       -0.1085737830
       54.3833657139       -0.0983391988
       54.4225809431       -0.0860271260
       54.4649035948       -0.0717278988
       54.5095610056       -0.0558066602
       54.5558625952       -0.0387213721
       54.6035490865       -0.0208693379
       54.6524664222       -0.0026951953
       54.7015952854        0.0149634090
       54.7486715374        0.0308738393
       54.7881644755        0.0431236093
       54.8270317284        0.0539180377
       54.8634251289        0.0626593075
       54.8973087092        0.0694283062
       54.9290830607        0.0744449989
       54.9591978362        0.0779248629
       54.9880670471        0.0800508537
       55.0160621007        0.0809732294
       55.0435227137        0.0808150660
       55.0707716533        0.0796784029
       55.0981302720        0.0776501780
       55.1259327593        0.0748086301
       55.1545301115        0.0712328758
       55.1842458518        0.0670240284
       55.2151677275        0.0623580096
       55.2467162117        0.0575661608
       55.2777525478        0.0530782642
       55.3075563738        0.0491942780
       55.3360840148        0.0460305679
       55.3635824626        0.0436106960
       55.3903261916        0.0419281155
       55.4165452075        0.0409658406
       55.4424270303        0.0406995217
       55.4681334439        0.0410969190
       55.4938163523        0.0421171680
       55.5196314462        0.0437102407
       55.5457515613        0.0458163663
       55.5723819993        0.0483649861
       55.5997797478        0.0512724471
       55.6282756549        0.0544365845
       55.6582803540        0.0577232464
       55.6901625981        0.0609320673
       55.7236667385        0.0637358040
       55.7573708879        0.0657331059
       55.7901138885        0.0667014444
       55.8218484992        0.0666058822
       55.8529929453        0.0654538119
       55.8839729742        0.0632389409
       55.9151196815        0.0599404639
       55.9466796450        0.0555319769
       55.9788372348        0.0499894249
       56.0117288800        0.0432978672
       56.0454484823        0.0354580688
       56.0800449508        0.0264937667
       56.1155120227        0.0164602530
       56.1517719759        0.0054540451
       56.1886609469       -0.0063791768
       56.2259318344       -0.0188448100
       56.2632890499       -0.0317138042
       56.3004491734       -0.0447485981
       56.3372031805       -0.0577283437
       56.3734663253       -0.0704638729
       56.4093299649       -0.0828035619
       56.4451541955       -0.0946370176
       56.4817657138       -0.1058961349
       56.5204448970       -0.1164097748
       56.5511017259       -0.1233617919
       56.5786753341       -0.1283120688
       56.6058113525       -0.1318001672
       56.6315793199       -0.1337368396
       56.6565042640       -0.1342964509
       56.6812313042       -0.1335912056
       56.7063153678       -0.1316540706
       56.7322517095       -0.1284571441
       56.7595244329       -0.1239214471
       56.7886397405       -0.1179196859
       56.8201371423       -0.1102790898
       56.8545567373       -0.1007973281
       56.8923080563       -0.0892989859
       56.9334002098       -0.0757625828
       56.9772585966       -0.0604469230
       57.0230647460       -0.0438181651
       57.0702736090       -0.0263540259
       57.1185557080       -0.0085398602
       57.1670769674        0.0088865727
       57.2139902271        0.0248475091
       57.2539585545        0.0374218827
       57.2932844338        0.0485847265
       57.3301138798        0.0577103033
       57.3643907746        0.0648578112
       57.3965065216        0.0702372284
       57.4269068536        0.0740603130
       57.4560028235        0.0765093159
       57.4841620127        0.0777353071
       57.5117183942        0.0778629366
       57.5389861079        0.0769961450
       57.5662740445        0.0752237525
       57.5938998926        0.0726252896
       57.6221983111        0.0692788955
       57.6514997411        0.0652769039
       57.6819991491        0.0607641813
       57.7133908721        0.0560131465
       57.7446636603        0.0514374081
       57.7748773138        0.0473974384
       57.8037787486        0.0440657535
       57.8315451162        0.0414900924
       57.8584501082        0.0396721787
       57.8847376369        0.0385992599
       57.9106057013        0.0382509646
       57.9362197144        0.0385994306
       57.9617284136        0.0396085098
       57.9872776379        0.0412331569
       58.0130230570        0.0434189548
       58.0391439282        0.0461014878
       58.0658599441        0.0492050382
       58.0934522498        0.0526394266
       58.1222825294        0.0562919066
       58.1527627602        0.0600052528
       58.1850594010        0.0635229892
       58.2183113569        0.0664405812
       58.2510016982        0.0683951008
       58.2825792277        0.0692673240
       58.3133268858        0.0690602368
       58.3437011003        0.0677810683
       58.3740882283        0.0654174276
       58.4047811594        0.0619437341
       58.4360011931        0.0573302058
       58.4679170150        0.0515503870
       58.5006547589        0.0445879488
       58.5343005376        0.0364436396
       58.5688961804        0.0271430725
       58.6044278155        0.0167459197
       58.6408085541        0.0053562185
       58.6778632748       -0.0068693190
       58.7153326363       -0.0197220862
       58.7529114507       -0.0329579394
       58.7903143823       -0.0463256139
       58.8273431130       -0.0595936902
       58.8639428023       -0.0725664070
       58.9002685251       -0.0850905411
       58.9368133646       -0.0970604983
       58.9746503185       -0.1084040496
       59.0092634583       -0.1174314583
       59.0387585771       -0.1237825858
       59.0678179141       -0.1285766947
       59.0947229711       -0.1315541817
       59.1201102752       -0.1329904352
       59.1448066261       -0.1330893346
       59.1694662926       -0.1319431448
       59.1946201492       -0.1295675647
       59.2207501667       -0.1259226035
       59.2483397753       -0.1209200866
       59.2779034129       -0.1144255293
       59.3099917354       -0.1062624757
       59.3451439504       -0.0962348586
       59.3837202030       -0.0842000972
       59.4255878828       -0.0702180342
       59.4699875356       -0.0546605580
       59.5159819773       -0.0380841278
       59.5628907030       -0.0210485683
       59.6100627332       -0.0041629086
       59.6563682594        0.0117826957
       59.7004067344        0.0259959654
       59.7413759441        0.0380601145
       59.7792569715        0.0479557087
       59.8144245849        0.0558525420
       59.8473468783        0.0619647015
       59.8784709633        0.0664949514
       59.9081973540        0.0696201101
       59.9368827206        0.0714901715
       59.9648500644        0.0722315661
       59.9924007189        0.0719515515
       60.0000000000        0.0717059797
