   0.0000000000000000        9.99998974E-07
   1.0000000000000000E-002   1.00401098E-06
   2.0000000000000000E-002   1.00804721E-06
   2.9999999999999999E-002   1.01210776E-06
   4.0000000000000001E-002   1.01619298E-06
   5.0000000000000003E-002   1.02030299E-06
   6.0000000000000005E-002   1.02443789E-06
   7.0000000000000007E-002   1.02859804E-06
   8.0000000000000002E-002   1.03278364E-06
   8.9999999999999997E-002   1.03699472E-06
   9.9999999999999992E-002   1.04123171E-06
  0.10999999999999999        1.04549463E-06
  0.11999999999999998        1.04978380E-06
  0.12999999999999998        1.05409947E-06
  0.13999999999999999        1.05844185E-06
  0.14999999999999999        1.06281107E-06
  0.16000000000000000        1.06720734E-06
  0.17000000000000001        1.07163100E-06
  0.18000000000000002        1.07608219E-06
  0.19000000000000003        1.08056122E-06
  0.20000000000000004        1.08506822E-06
  0.21000000000000005        1.08960353E-06
  0.22000000000000006        1.09416726E-06
  0.23000000000000007        1.09875975E-06
  0.24000000000000007        1.10338124E-06
  0.25000000000000006        1.10803194E-06
  0.26000000000000006        1.11271208E-06
  0.27000000000000007        1.11742202E-06
  0.28000000000000008        1.12216185E-06
  0.29000000000000009        1.12693192E-06
  0.30000000000000010        1.13173246E-06
  0.31000000000000011        1.13656381E-06
  0.32000000000000012        1.14142608E-06
  0.33000000000000013        1.14631962E-06
  0.34000000000000014        1.15124476E-06
  0.35000000000000014        1.15620162E-06
  0.36000000000000015        1.16119065E-06
  0.37000000000000016        1.16621197E-06
  0.38000000000000017        1.17126604E-06
  0.39000000000000018        1.17635295E-06
  0.40000000000000019        1.18147307E-06
  0.41000000000000020        1.18662672E-06
  0.42000000000000021        1.19181414E-06
  0.43000000000000022        1.19703566E-06
  0.44000000000000022        1.20229151E-06
  0.45000000000000023        1.20758216E-06
  0.46000000000000024        1.21290770E-06
  0.47000000000000025        1.21826861E-06
  0.48000000000000026        1.22366509E-06
  0.49000000000000027        1.22909762E-06
  0.50000000000000022        1.23456630E-06
  0.51000000000000023        1.24007158E-06
  0.52000000000000024        1.24561382E-06
  0.53000000000000025        1.25119323E-06
  0.54000000000000026        1.25681026E-06
  0.55000000000000027        1.26246516E-06
  0.56000000000000028        1.26815837E-06
  0.57000000000000028        1.27389012E-06
  0.58000000000000029        1.27966086E-06
  0.59000000000000030        1.28547094E-06
  0.60000000000000031        1.29132059E-06
  0.61000000000000032        1.29721025E-06
  0.62000000000000033        1.30314038E-06
  0.63000000000000034        1.30911121E-06
  0.64000000000000035        1.31512320E-06
  0.65000000000000036        1.32117668E-06
  0.66000000000000036        1.32727212E-06
  0.67000000000000037        1.33340973E-06
  0.68000000000000038        1.33959009E-06
  0.69000000000000039        1.34581342E-06
  0.70000000000000040        1.35208029E-06
  0.71000000000000041        1.35839105E-06
  0.72000000000000042        1.36474614E-06
  0.73000000000000043        1.37114580E-06
  0.74000000000000044        1.37759071E-06
  0.75000000000000044        1.38408109E-06
  0.76000000000000045        1.39061740E-06
  0.77000000000000046        1.39720021E-06
  0.78000000000000047        1.40382986E-06
  0.79000000000000048        1.41050680E-06
  0.80000000000000049        1.41723149E-06
  0.81000000000000050        1.42400438E-06
  0.82000000000000051        1.43082593E-06
  0.83000000000000052        1.43769660E-06
  0.84000000000000052        1.44461694E-06
  0.85000000000000053        1.45158731E-06
  0.86000000000000054        1.45860827E-06
  0.87000000000000055        1.46568027E-06
  0.88000000000000056        1.47280389E-06
  0.89000000000000057        1.47997946E-06
  0.90000000000000058        1.48720767E-06
  0.91000000000000059        1.49448897E-06
  0.92000000000000060        1.50182393E-06
  0.93000000000000060        1.50921289E-06
  0.94000000000000061        1.51665665E-06
  0.95000000000000062        1.52415555E-06
  0.96000000000000063        1.53171015E-06
  0.97000000000000064        1.53932115E-06
  0.98000000000000065        1.54698898E-06
  0.99000000000000066        1.55471423E-06
   1.0000000000000007        1.56249746E-06
   1.0100000000000007        1.57033935E-06
   1.0200000000000007        1.57824036E-06
   1.0300000000000007        1.58620128E-06
   1.0400000000000007        1.59422245E-06
   1.0500000000000007        1.60230468E-06
   1.0600000000000007        1.61044852E-06
   1.0700000000000007        1.61865455E-06
   1.0800000000000007        1.62692356E-06
   1.0900000000000007        1.63525601E-06
   1.1000000000000008        1.64365269E-06
   1.1100000000000008        1.65211418E-06
   1.1200000000000008        1.66064126E-06
   1.1300000000000008        1.66923439E-06
   1.1400000000000008        1.67789449E-06
   1.1500000000000008        1.68662211E-06
   1.1600000000000008        1.69541806E-06
   1.1700000000000008        1.70428291E-06
   1.1800000000000008        1.71321756E-06
   1.1900000000000008        1.72222258E-06
   1.2000000000000008        1.73129888E-06
   1.2100000000000009        1.74044703E-06
   1.2200000000000009        1.74966794E-06
   1.2300000000000009        1.75896230E-06
   1.2400000000000009        1.76833089E-06
   1.2500000000000009        1.77777451E-06
   1.2600000000000009        1.78729408E-06
   1.2700000000000009        1.79689027E-06
   1.2800000000000009        1.80656389E-06
   1.2900000000000009        1.81631583E-06
   1.3000000000000009        1.82614701E-06
   1.3100000000000009        1.83605823E-06
   1.3200000000000010        1.84605040E-06
   1.3300000000000010        1.85612430E-06
   1.3400000000000010        1.86628085E-06
   1.3500000000000010        1.87652108E-06
   1.3600000000000010        1.88684578E-06
   1.3700000000000010        1.89725597E-06
   1.3800000000000010        1.90775245E-06
   1.3900000000000010        1.91833624E-06
   1.4000000000000010        1.92900848E-06
   1.4100000000000010        1.93977007E-06
   1.4200000000000010        1.95062194E-06
   1.4300000000000010        1.96156498E-06
   1.4400000000000011        1.97260056E-06
   1.4500000000000011        1.98372936E-06
   1.4600000000000011        1.99495275E-06
   1.4700000000000011        2.00627142E-06
   1.4800000000000011        2.01768694E-06
   1.4900000000000011        2.02920000E-06
   1.5000000000000011        2.04081198E-06
   1.5100000000000011        2.05252400E-06
   1.5200000000000011        2.06433697E-06
   1.5300000000000011        2.07625226E-06
   1.5400000000000011        2.08827123E-06
   1.5500000000000012        2.10039457E-06
   1.5600000000000012        2.11262386E-06
   1.5700000000000012        2.12496025E-06
   1.5800000000000012        2.13740509E-06
   1.5900000000000012        2.14995953E-06
   1.6000000000000012        2.16262492E-06
   1.6100000000000012        2.17540264E-06
   1.6200000000000012        2.18829382E-06
   1.6300000000000012        2.20130005E-06
   1.6400000000000012        2.21442247E-06
   1.6500000000000012        2.22766266E-06
   1.6600000000000013        2.24102178E-06
   1.6700000000000013        2.25450162E-06
   1.6800000000000013        2.26810334E-06
   1.6900000000000013        2.28182853E-06
   1.7000000000000013        2.29567877E-06
   1.7100000000000013        2.30965543E-06
   1.7200000000000013        2.32376010E-06
   1.7300000000000013        2.33799437E-06
   1.7400000000000013        2.35235984E-06
   1.7500000000000013        2.36685810E-06
   1.7600000000000013        2.38149096E-06
   1.7700000000000014        2.39625979E-06
   1.7800000000000014        2.41116641E-06
   1.7900000000000014        2.42621263E-06
   1.8000000000000014        2.44140028E-06
   1.8100000000000014        2.45673073E-06
   1.8200000000000014        2.47220601E-06
   1.8300000000000014        2.48782817E-06
   1.8400000000000014        2.50359881E-06
   1.8500000000000014        2.51951997E-06
   1.8600000000000014        2.53559324E-06
   1.8700000000000014        2.55182090E-06
   1.8800000000000014        2.56820499E-06
   1.8900000000000015        2.58474734E-06
   1.9000000000000015        2.60144998E-06
   1.9100000000000015        2.61831497E-06
   1.9200000000000015        2.63534457E-06
   1.9300000000000015        2.65254084E-06
   1.9400000000000015        2.66990605E-06
   1.9500000000000015        2.68744225E-06
   1.9600000000000015        2.70515193E-06
   1.9700000000000015        2.72303714E-06
   1.9800000000000015        2.74110016E-06
   1.9900000000000015        2.75934372E-06
   2.0000000000000013        2.77776985E-06
   2.0100000000000011        2.79638130E-06
   2.0200000000000009        2.81518055E-06
   2.0300000000000007        2.83416966E-06
   2.0400000000000005        2.85335182E-06
   2.0500000000000003        2.87272928E-06
   2.0600000000000001        2.89230479E-06
   2.0699999999999998        2.91208130E-06
   2.0799999999999996        2.93206108E-06
   2.0899999999999994        2.95224731E-06
   2.0999999999999992        2.97264273E-06
   2.1099999999999990        2.99325006E-06
   2.1199999999999988        3.01407249E-06
   2.1299999999999986        3.03511320E-06
   2.1399999999999983        3.05637468E-06
   2.1499999999999981        3.07786058E-06
   2.1599999999999979        3.09957363E-06
   2.1699999999999977        3.12151747E-06
   2.1799999999999975        3.14369504E-06
   2.1899999999999973        3.16610976E-06
   2.1999999999999971        3.18876528E-06
   2.2099999999999969        3.21166453E-06
   2.2199999999999966        3.23481163E-06
   2.2299999999999964        3.25820974E-06
   2.2399999999999962        3.28186275E-06
   2.2499999999999960        3.30577404E-06
   2.2599999999999958        3.32994773E-06
   2.2699999999999956        3.35438745E-06
   2.2799999999999954        3.37909751E-06
   2.2899999999999952        3.40408133E-06
   2.2999999999999949        3.42934345E-06
   2.3099999999999947        3.45488775E-06
   2.3199999999999945        3.48071831E-06
   2.3299999999999943        3.50683990E-06
   2.3399999999999941        3.53325663E-06
   2.3499999999999939        3.55997304E-06
   2.3599999999999937        3.58699344E-06
   2.3699999999999934        3.61432262E-06
   2.3799999999999932        3.64196558E-06
   2.3899999999999930        3.66992663E-06
   2.3999999999999928        3.69821100E-06
   2.4099999999999926        3.72682371E-06
   2.4199999999999924        3.75576974E-06
   2.4299999999999922        3.78505410E-06
   2.4399999999999920        3.81468249E-06
   2.4499999999999917        3.84466011E-06
   2.4599999999999915        3.87499267E-06
   2.4699999999999913        3.90568539E-06
   2.4799999999999911        3.93674418E-06
   2.4899999999999909        3.96817495E-06
   2.4999999999999907        3.99998362E-06
   2.5099999999999905        4.03217655E-06
   2.5199999999999902        4.06475965E-06
   2.5299999999999900        4.09773929E-06
   2.5399999999999898        4.13112184E-06
   2.5499999999999896        4.16491366E-06
   2.5599999999999894        4.19912203E-06
   2.5699999999999892        4.23375377E-06
   2.5799999999999890        4.26881570E-06
   2.5899999999999888        4.30431510E-06
   2.5999999999999885        4.34025878E-06
   2.6099999999999883        4.37665494E-06
   2.6199999999999881        4.41351040E-06
   2.6299999999999879        4.45083379E-06
   2.6399999999999877        4.48863238E-06
   2.6499999999999875        4.52691438E-06
   2.6599999999999873        4.56568887E-06
   2.6699999999999871        4.60496312E-06
   2.6799999999999868        4.64474624E-06
   2.6899999999999866        4.68504732E-06
   2.6999999999999864        4.72587544E-06
   2.7099999999999862        4.76723926E-06
   2.7199999999999860        4.80914878E-06
   2.7299999999999858        4.85161308E-06
   2.7399999999999856        4.89464264E-06
   2.7499999999999853        4.93824700E-06
   2.7599999999999851        4.98243662E-06
   2.7699999999999849        5.02722196E-06
   2.7799999999999847        5.07261439E-06
   2.7899999999999845        5.11862390E-06
   2.7999999999999843        5.16526234E-06
   2.8099999999999841        5.21254105E-06
   2.8199999999999839        5.26047188E-06
   2.8299999999999836        5.30906709E-06
   2.8399999999999834        5.35833851E-06
   2.8499999999999832        5.40829933E-06
   2.8599999999999830        5.45896182E-06
   2.8699999999999828        5.51034009E-06
   2.8799999999999826        5.56244640E-06
   2.8899999999999824        5.61529578E-06
   2.8999999999999821        5.66890185E-06
   2.9099999999999819        5.72327917E-06
   2.9199999999999817        5.77844276E-06
   2.9299999999999815        5.83440760E-06
   2.9399999999999813        5.89118963E-06
   2.9499999999999811        5.94880430E-06
   2.9599999999999809        6.00726844E-06
   2.9699999999999807        6.06659887E-06
   2.9799999999999804        6.12681242E-06
   2.9899999999999802        6.18792728E-06
   2.9999999999999800        6.24996073E-06
   3.0099999999999798        6.31293187E-06
   3.0199999999999796        6.37685935E-06
   3.0299999999999794        6.44176316E-06
   3.0399999999999792        6.50766242E-06
   3.0499999999999790        6.57457849E-06
   3.0599999999999787        6.64253184E-06
   3.0699999999999785        6.71154430E-06
   3.0799999999999783        6.78163769E-06
   3.0899999999999781        6.85283521E-06
   3.0999999999999779        6.92515960E-06
   3.1099999999999777        6.99863494E-06
   3.1199999999999775        7.07328581E-06
   3.1299999999999772        7.14913767E-06
   3.1399999999999770        7.22621644E-06
   3.1499999999999768        7.30454803E-06
   3.1599999999999766        7.38416065E-06
   3.1699999999999764        7.46508158E-06
   3.1799999999999762        7.54734037E-06
   3.1899999999999760        7.63096614E-06
   3.1999999999999758        7.71598934E-06
   3.2099999999999755        7.80244227E-06
   3.2199999999999753        7.89035494E-06
   3.2299999999999751        7.97976281E-06
   3.2399999999999749        8.07069864E-06
   3.2499999999999747        8.16319789E-06
   3.2599999999999745        8.25729694E-06
   3.2699999999999743        8.35303217E-06
   3.2799999999999740        8.45044178E-06
   3.2899999999999738        8.54956579E-06
   3.2999999999999736        8.65044422E-06
   3.3099999999999734        8.75311798E-06
   3.3199999999999732        8.85763075E-06
   3.3299999999999730        8.96402707E-06
   3.3399999999999728        9.07235153E-06
   3.3499999999999726        9.18265141E-06
   3.3599999999999723        9.29497583E-06
   3.3699999999999721        9.40937298E-06
   3.3799999999999719        9.52589562E-06
   3.3899999999999717        9.64459650E-06
   3.3999999999999715        9.76552928E-06
   3.4099999999999713        9.88875126E-06
   3.4199999999999711        1.00143197E-05
   3.4299999999999708        1.01422957E-05
   3.4399999999999706        1.02727408E-05
   3.4499999999999704        1.04057190E-05
   3.4599999999999702        1.05412946E-05
   3.4699999999999700        1.06795387E-05
   3.4799999999999698        1.08205195E-05
   3.4899999999999696        1.09643106E-05
   3.4999999999999694        1.11109875E-05
   3.5099999999999691        1.12606267E-05
   3.5199999999999689        1.14133099E-05
   3.5299999999999687        1.15691191E-05
   3.5399999999999685        1.17281415E-05
   3.5499999999999683        1.18904645E-05
   3.5599999999999681        1.20561808E-05
   3.5699999999999679        1.22253869E-05
   3.5799999999999677        1.23981790E-05
   3.5899999999999674        1.25746619E-05
   3.5999999999999672        1.27549392E-05
   3.6099999999999670        1.29391210E-05
   3.6199999999999668        1.31273209E-05
   3.6299999999999666        1.33196581E-05
   3.6399999999999664        1.35162527E-05
   3.6499999999999662        1.37172319E-05
   3.6599999999999659        1.39227286E-05
   3.6699999999999657        1.41328765E-05
   3.6799999999999655        1.43478192E-05
   3.6899999999999653        1.45677031E-05
   3.6999999999999651        1.47926803E-05
   3.7099999999999649        1.50229089E-05
   3.7199999999999647        1.52585553E-05
   3.7299999999999645        1.54997906E-05
   3.7399999999999642        1.57467912E-05
   3.7499999999999640        1.59997435E-05
   3.7599999999999638        1.62588403E-05
   3.7699999999999636        1.65242818E-05
   3.7799999999999634        1.67962771E-05
   3.7899999999999632        1.70750445E-05
   3.7999999999999630        1.73608096E-05
   3.8099999999999627        1.76538088E-05
   3.8199999999999625        1.79542876E-05
   3.8299999999999623        1.82625045E-05
   3.8399999999999621        1.85787267E-05
   3.8499999999999619        1.89032344E-05
   3.8599999999999617        1.92363168E-05
   3.8699999999999615        1.95782832E-05
   3.8799999999999613        1.99294482E-05
   3.8899999999999610        2.02901483E-05
   3.8999999999999608        2.06607292E-05
   3.9099999999999606        2.10415565E-05
   3.9199999999999604        2.14330103E-05
   3.9299999999999602        2.18354908E-05
   3.9399999999999600        2.22494145E-05
   3.9499999999999598        2.26752218E-05
   3.9599999999999596        2.31133708E-05
   3.9699999999999593        2.35643420E-05
   3.9799999999999591        2.40286408E-05
   3.9899999999999589        2.45068004E-05
   3.9999999999999587        2.49993736E-05
   4.0099999999999589        2.55069499E-05
   4.0199999999999587        2.60301422E-05
   4.0299999999999585        2.65695980E-05
   4.0399999999999583        2.71259996E-05
   4.0499999999999581        2.77000618E-05
   4.0599999999999579        2.82925430E-05
   4.0699999999999577        2.89042382E-05
   4.0799999999999574        2.95359878E-05
   4.0899999999999572        3.01886776E-05
   4.0999999999999570        3.08632443E-05
   4.1099999999999568        3.15606740E-05
   4.1199999999999566        3.22820160E-05
   4.1299999999999564        3.30283692E-05
   4.1399999999999562        3.38009122E-05
   4.1499999999999559        3.46008783E-05
   4.1599999999999557        3.54295807E-05
   4.1699999999999555        3.62884202E-05
   4.1799999999999553        3.71788665E-05
   4.1899999999999551        3.81024947E-05
   4.1999999999999549        3.90609712E-05
   4.2099999999999547        4.00560784E-05
   4.2199999999999545        4.10896973E-05
   4.2299999999999542        4.21638470E-05
   4.2399999999999540        4.32806737E-05
   4.2499999999999538        4.44424659E-05
   4.2599999999999536        4.56516755E-05
   4.2699999999999534        4.69109145E-05
   4.2799999999999532        4.82229807E-05
   4.2899999999999530        4.95908716E-05
   4.2999999999999527        5.10178033E-05
   4.3099999999999525        5.25072173E-05
   4.3199999999999523        5.40628171E-05
   4.3299999999999521        5.56885861E-05
   4.3399999999999519        5.73888065E-05
   4.3499999999999517        5.91680946E-05
   4.3599999999999515        6.10314273E-05
   4.3699999999999513        6.29841888E-05
   4.3799999999999510        6.50321890E-05
   4.3899999999999508        6.71817252E-05
   4.3999999999999506        6.94396222E-05
   4.4099999999999504        7.18132796E-05
   4.4199999999999502        7.43107666E-05
   4.4299999999999500        7.69408289E-05
   4.4399999999999498        7.97130269E-05
   4.4499999999999496        8.26377945E-05
   4.4599999999999493        8.57265259E-05
   4.4699999999999491        8.89917210E-05
   4.4799999999999489        9.24470733E-05
   4.4899999999999487        9.61076366E-05
   4.4999999999999485        9.99899930E-05
   4.5099999999999483        1.04112434E-04
   4.5199999999999481        1.08495165E-04
   4.5299999999999478        1.13160568E-04
   4.5399999999999476        1.18133488E-04
   4.5499999999999474        1.23441539E-04
   4.5599999999999472        1.29115549E-04
   4.5699999999999470        1.35189941E-04
   4.5799999999999468        1.41703262E-04
   4.5899999999999466        1.48698877E-04
   4.5999999999999464        1.56225578E-04
   4.6099999999999461        1.64338533E-04
   4.6199999999999459        1.73100212E-04
   4.6299999999999457        1.82581702E-04
   4.6399999999999455        1.92864027E-04
   4.6499999999999453        2.04039985E-04
   4.6599999999999451        2.16216213E-04
   4.6699999999999449        2.29515717E-04
   4.6799999999999446        2.44081020E-04
   4.6899999999999444        2.60077999E-04
   4.6999999999999442        2.77700630E-04
   4.7099999999999440        2.97176797E-04
   4.7199999999999438        3.18775885E-04
   4.7299999999999436        3.42817948E-04
   4.7399999999999434        3.69685760E-04
   4.7499999999999432        3.99840035E-04
   4.7599999999999429        4.33839450E-04
   4.7699999999999427        4.72366548E-04
   4.7799999999999425        5.16262255E-04
   4.7899999999999423        5.66572184E-04
   4.7999999999999421        6.24609587E-04
   4.8099999999999419        6.92041474E-04
   4.8199999999999417        7.71010004E-04
   4.8299999999999415        8.64304195E-04
   4.8399999999999412        9.75609699E-04
   4.8499999999999410        1.10987783E-03
   4.8599999999999408        1.27388525E-03
   4.8699999999999406        1.47710484E-03
   4.8799999999999404        1.73310214E-03
   4.8899999999999402        2.06185551E-03
   4.8999999999999400        2.49376544E-03
   4.9099999999999397        3.07692285E-03
   4.9199999999999395        3.89105035E-03
   4.9299999999999393        5.07614203E-03
   4.9399999999999391        6.89655123E-03
   4.9499999999999389        9.90098994E-03
   4.9599999999999387        1.53846145E-02
   4.9699999999999385        2.70270258E-02
   4.9799999999999383        5.88235259E-02
   4.9899999999999380       0.199999988    
   4.9999999999999378        1.00000000    
   5.0099999999999376       0.199999988    
   5.0199999999999374        5.88235259E-02
   5.0299999999999372        2.70270258E-02
   5.0399999999999370        1.53846145E-02
   5.0499999999999368        9.90098994E-03
   5.0599999999999365        6.89655123E-03
   5.0699999999999363        5.07614203E-03
   5.0799999999999361        3.89105035E-03
   5.0899999999999359        3.07692285E-03
   5.0999999999999357        2.49376544E-03
   5.1099999999999355        2.06185551E-03
   5.1199999999999353        1.73310214E-03
   5.1299999999999351        1.47710484E-03
   5.1399999999999348        1.27388525E-03
   5.1499999999999346        1.10987783E-03
   5.1599999999999344        9.75609699E-04
   5.1699999999999342        8.64304195E-04
   5.1799999999999340        7.71010004E-04
   5.1899999999999338        6.92041474E-04
   5.1999999999999336        6.24609587E-04
   5.2099999999999334        5.66572184E-04
   5.2199999999999331        5.16262255E-04
   5.2299999999999329        4.72366548E-04
   5.2399999999999327        4.33839450E-04
   5.2499999999999325        3.99840035E-04
   5.2599999999999323        3.69685760E-04
   5.2699999999999321        3.42817948E-04
   5.2799999999999319        3.18775885E-04
   5.2899999999999316        2.97176797E-04
   5.2999999999999314        2.77700630E-04
   5.3099999999999312        2.60077999E-04
   5.3199999999999310        2.44081020E-04
   5.3299999999999308        2.29515717E-04
   5.3399999999999306        2.16216213E-04
   5.3499999999999304        2.04039985E-04
   5.3599999999999302        1.92864027E-04
   5.3699999999999299        1.82581702E-04
   5.3799999999999297        1.73100212E-04
   5.3899999999999295        1.64338533E-04
   5.3999999999999293        1.56225578E-04
   5.4099999999999291        1.48698877E-04
   5.4199999999999289        1.41703262E-04
   5.4299999999999287        1.35189941E-04
   5.4399999999999284        1.29115549E-04
   5.4499999999999282        1.23441539E-04
   5.4599999999999280        1.18133488E-04
   5.4699999999999278        1.13160568E-04
   5.4799999999999276        1.08495165E-04
   5.4899999999999274        1.04112434E-04
   5.4999999999999272        9.99899930E-05
   5.5099999999999270        9.61076366E-05
   5.5199999999999267        9.24470733E-05
   5.5299999999999265        8.89917210E-05
   5.5399999999999263        8.57265259E-05
   5.5499999999999261        8.26377945E-05
   5.5599999999999259        7.97130269E-05
   5.5699999999999257        7.69408289E-05
   5.5799999999999255        7.43107666E-05
   5.5899999999999253        7.18132796E-05
   5.5999999999999250        6.94396222E-05
   5.6099999999999248        6.71817252E-05
   5.6199999999999246        6.50321890E-05
   5.6299999999999244        6.29841888E-05
   5.6399999999999242        6.10314273E-05
   5.6499999999999240        5.91680946E-05
   5.6599999999999238        5.73888065E-05
   5.6699999999999235        5.56885861E-05
   5.6799999999999233        5.40628171E-05
   5.6899999999999231        5.25072173E-05
   5.6999999999999229        5.10178033E-05
   5.7099999999999227        4.95908716E-05
   5.7199999999999225        4.82229807E-05
   5.7299999999999223        4.69109145E-05
   5.7399999999999221        4.56516755E-05
   5.7499999999999218        4.44424659E-05
   5.7599999999999216        4.32806737E-05
   5.7699999999999214        4.21638470E-05
   5.7799999999999212        4.10896973E-05
   5.7899999999999210        4.00560784E-05
   5.7999999999999208        3.90609712E-05
   5.8099999999999206        3.81024947E-05
   5.8199999999999203        3.71788665E-05
   5.8299999999999201        3.62884202E-05
   5.8399999999999199        3.54295807E-05
   5.8499999999999197        3.46008783E-05
   5.8599999999999195        3.38009122E-05
   5.8699999999999193        3.30283692E-05
   5.8799999999999191        3.22820160E-05
   5.8899999999999189        3.15606740E-05
   5.8999999999999186        3.08632443E-05
   5.9099999999999184        3.01886776E-05
   5.9199999999999182        2.95359878E-05
   5.9299999999999180        2.89042382E-05
   5.9399999999999178        2.82925430E-05
   5.9499999999999176        2.77000618E-05
   5.9599999999999174        2.71259996E-05
   5.9699999999999172        2.65695980E-05
   5.9799999999999169        2.60301422E-05
   5.9899999999999167        2.55069499E-05
   5.9999999999999165        2.49993736E-05
   6.0099999999999163        2.45068004E-05
   6.0199999999999161        2.40286408E-05
   6.0299999999999159        2.35643420E-05
   6.0399999999999157        2.31133708E-05
   6.0499999999999154        2.26752218E-05
   6.0599999999999152        2.22494145E-05
   6.0699999999999150        2.18354908E-05
   6.0799999999999148        2.14330103E-05
   6.0899999999999146        2.10415565E-05
   6.0999999999999144        2.06607292E-05
   6.1099999999999142        2.02901483E-05
   6.1199999999999140        1.99294482E-05
   6.1299999999999137        1.95782832E-05
   6.1399999999999135        1.92363168E-05
   6.1499999999999133        1.89032344E-05
   6.1599999999999131        1.85787267E-05
   6.1699999999999129        1.82625045E-05
   6.1799999999999127        1.79542876E-05
   6.1899999999999125        1.76538088E-05
   6.1999999999999122        1.73608096E-05
   6.2099999999999120        1.70750445E-05
   6.2199999999999118        1.67962771E-05
   6.2299999999999116        1.65242818E-05
   6.2399999999999114        1.62588403E-05
   6.2499999999999112        1.59997435E-05
   6.2599999999999110        1.57467912E-05
   6.2699999999999108        1.54997906E-05
   6.2799999999999105        1.52585553E-05
   6.2899999999999103        1.50229089E-05
   6.2999999999999101        1.47926803E-05
   6.3099999999999099        1.45677031E-05
   6.3199999999999097        1.43478192E-05
   6.3299999999999095        1.41328765E-05
   6.3399999999999093        1.39227286E-05
   6.3499999999999091        1.37172319E-05
   6.3599999999999088        1.35162527E-05
   6.3699999999999086        1.33196581E-05
   6.3799999999999084        1.31273209E-05
   6.3899999999999082        1.29391210E-05
   6.3999999999999080        1.27549392E-05
   6.4099999999999078        1.25746619E-05
   6.4199999999999076        1.23981790E-05
   6.4299999999999073        1.22253869E-05
   6.4399999999999071        1.20561808E-05
   6.4499999999999069        1.18904645E-05
   6.4599999999999067        1.17281415E-05
   6.4699999999999065        1.15691191E-05
   6.4799999999999063        1.14133099E-05
   6.4899999999999061        1.12606267E-05
   6.4999999999999059        1.11109875E-05
   6.5099999999999056        1.09643106E-05
   6.5199999999999054        1.08205195E-05
   6.5299999999999052        1.06795387E-05
   6.5399999999999050        1.05412946E-05
   6.5499999999999048        1.04057190E-05
   6.5599999999999046        1.02727408E-05
   6.5699999999999044        1.01422957E-05
   6.5799999999999041        1.00143197E-05
   6.5899999999999039        9.88875126E-06
   6.5999999999999037        9.76552928E-06
   6.6099999999999035        9.64459650E-06
   6.6199999999999033        9.52589562E-06
   6.6299999999999031        9.40937298E-06
   6.6399999999999029        9.29497583E-06
   6.6499999999999027        9.18265141E-06
   6.6599999999999024        9.07235153E-06
   6.6699999999999022        8.96402707E-06
   6.6799999999999020        8.85763075E-06
   6.6899999999999018        8.75311798E-06
   6.6999999999999016        8.65044422E-06
   6.7099999999999014        8.54956579E-06
   6.7199999999999012        8.45044178E-06
   6.7299999999999010        8.35303217E-06
   6.7399999999999007        8.25729694E-06
   6.7499999999999005        8.16319789E-06
   6.7599999999999003        8.07069864E-06
   6.7699999999999001        7.97976281E-06
   6.7799999999998999        7.89035494E-06
   6.7899999999998997        7.80244227E-06
   6.7999999999998995        7.71598934E-06
   6.8099999999998992        7.63096614E-06
   6.8199999999998990        7.54734037E-06
   6.8299999999998988        7.46508158E-06
   6.8399999999998986        7.38416065E-06
   6.8499999999998984        7.30454803E-06
   6.8599999999998982        7.22621644E-06
   6.8699999999998980        7.14913767E-06
   6.8799999999998978        7.07328581E-06
   6.8899999999998975        6.99863494E-06
   6.8999999999998973        6.92515960E-06
   6.9099999999998971        6.85283521E-06
   6.9199999999998969        6.78163769E-06
   6.9299999999998967        6.71154430E-06
   6.9399999999998965        6.64253184E-06
   6.9499999999998963        6.57457849E-06
   6.9599999999998960        6.50766242E-06
   6.9699999999998958        6.44176316E-06
   6.9799999999998956        6.37685935E-06
   6.9899999999998954        6.31293187E-06
   6.9999999999998952        6.24996073E-06
   7.0099999999998950        6.18792728E-06
   7.0199999999998948        6.12681242E-06
   7.0299999999998946        6.06659887E-06
   7.0399999999998943        6.00726844E-06
   7.0499999999998941        5.94880430E-06
   7.0599999999998939        5.89118963E-06
   7.0699999999998937        5.83440760E-06
   7.0799999999998935        5.77844276E-06
   7.0899999999998933        5.72327917E-06
   7.0999999999998931        5.66890185E-06
   7.1099999999998929        5.61529578E-06
   7.1199999999998926        5.56244640E-06
   7.1299999999998924        5.51034009E-06
   7.1399999999998922        5.45896182E-06
   7.1499999999998920        5.40829933E-06
   7.1599999999998918        5.35833851E-06
   7.1699999999998916        5.30906709E-06
   7.1799999999998914        5.26047188E-06
   7.1899999999998911        5.21254105E-06
   7.1999999999998909        5.16526234E-06
   7.2099999999998907        5.11862390E-06
   7.2199999999998905        5.07261439E-06
   7.2299999999998903        5.02722196E-06
   7.2399999999998901        4.98243662E-06
   7.2499999999998899        4.93824700E-06
   7.2599999999998897        4.89464264E-06
   7.2699999999998894        4.85161308E-06
   7.2799999999998892        4.80914878E-06
   7.2899999999998890        4.76723926E-06
   7.2999999999998888        4.72587544E-06
   7.3099999999998886        4.68504732E-06
   7.3199999999998884        4.64474624E-06
   7.3299999999998882        4.60496312E-06
   7.3399999999998879        4.56568887E-06
   7.3499999999998877        4.52691438E-06
   7.3599999999998875        4.48863238E-06
   7.3699999999998873        4.45083379E-06
   7.3799999999998871        4.41351040E-06
   7.3899999999998869        4.37665494E-06
   7.3999999999998867        4.34025878E-06
   7.4099999999998865        4.30431510E-06
   7.4199999999998862        4.26881570E-06
   7.4299999999998860        4.23375377E-06
   7.4399999999998858        4.19912203E-06
   7.4499999999998856        4.16491366E-06
   7.4599999999998854        4.13112184E-06
   7.4699999999998852        4.09773929E-06
   7.4799999999998850        4.06475965E-06
   7.4899999999998847        4.03217655E-06
   7.4999999999998845        3.99998362E-06
   7.5099999999998843        3.96817495E-06
   7.5199999999998841        3.93674418E-06
   7.5299999999998839        3.90568539E-06
   7.5399999999998837        3.87499267E-06
   7.5499999999998835        3.84466011E-06
   7.5599999999998833        3.81468249E-06
   7.5699999999998830        3.78505410E-06
   7.5799999999998828        3.75576974E-06
   7.5899999999998826        3.72682371E-06
   7.5999999999998824        3.69821100E-06
   7.6099999999998822        3.66992663E-06
   7.6199999999998820        3.64196558E-06
   7.6299999999998818        3.61432262E-06
   7.6399999999998816        3.58699344E-06
   7.6499999999998813        3.55997304E-06
   7.6599999999998811        3.53325663E-06
   7.6699999999998809        3.50683990E-06
   7.6799999999998807        3.48071831E-06
   7.6899999999998805        3.45488775E-06
   7.6999999999998803        3.42934345E-06
   7.7099999999998801        3.40408133E-06
   7.7199999999998798        3.37909751E-06
   7.7299999999998796        3.35438745E-06
   7.7399999999998794        3.32994773E-06
   7.7499999999998792        3.30577404E-06
   7.7599999999998790        3.28186275E-06
   7.7699999999998788        3.25820974E-06
   7.7799999999998786        3.23481163E-06
   7.7899999999998784        3.21166453E-06
   7.7999999999998781        3.18876528E-06
   7.8099999999998779        3.16610976E-06
   7.8199999999998777        3.14369504E-06
   7.8299999999998775        3.12151747E-06
   7.8399999999998773        3.09957363E-06
   7.8499999999998771        3.07786058E-06
   7.8599999999998769        3.05637468E-06
   7.8699999999998766        3.03511320E-06
   7.8799999999998764        3.01407249E-06
   7.8899999999998762        2.99325006E-06
   7.8999999999998760        2.97264273E-06
   7.9099999999998758        2.95224731E-06
   7.9199999999998756        2.93206108E-06
   7.9299999999998754        2.91208130E-06
   7.9399999999998752        2.89230479E-06
   7.9499999999998749        2.87272928E-06
   7.9599999999998747        2.85335182E-06
   7.9699999999998745        2.83416966E-06
   7.9799999999998743        2.81518055E-06
   7.9899999999998741        2.79638130E-06
   7.9999999999998739        2.77776985E-06
   8.0099999999998737        2.75934372E-06
   8.0199999999998735        2.74110016E-06
   8.0299999999998732        2.72303714E-06
   8.0399999999998730        2.70515193E-06
   8.0499999999998728        2.68744225E-06
   8.0599999999998726        2.66990605E-06
   8.0699999999998724        2.65254084E-06
   8.0799999999998722        2.63534457E-06
   8.0899999999998720        2.61831497E-06
   8.0999999999998717        2.60144998E-06
   8.1099999999998715        2.58474734E-06
   8.1199999999998713        2.56820499E-06
   8.1299999999998711        2.55182090E-06
   8.1399999999998709        2.53559324E-06
   8.1499999999998707        2.51951997E-06
   8.1599999999998705        2.50359881E-06
   8.1699999999998703        2.48782817E-06
   8.1799999999998700        2.47220601E-06
   8.1899999999998698        2.45673073E-06
   8.1999999999998696        2.44140028E-06
   8.2099999999998694        2.42621263E-06
   8.2199999999998692        2.41116641E-06
   8.2299999999998690        2.39625979E-06
   8.2399999999998688        2.38149096E-06
   8.2499999999998685        2.36685810E-06
   8.2599999999998683        2.35235984E-06
   8.2699999999998681        2.33799437E-06
   8.2799999999998679        2.32376010E-06
   8.2899999999998677        2.30965543E-06
   8.2999999999998675        2.29567877E-06
   8.3099999999998673        2.28182853E-06
   8.3199999999998671        2.26810334E-06
   8.3299999999998668        2.25450162E-06
   8.3399999999998666        2.24102178E-06
   8.3499999999998664        2.22766266E-06
   8.3599999999998662        2.21442247E-06
   8.3699999999998660        2.20130005E-06
   8.3799999999998658        2.18829382E-06
   8.3899999999998656        2.17540264E-06
   8.3999999999998654        2.16262492E-06
   8.4099999999998651        2.14995953E-06
   8.4199999999998649        2.13740509E-06
   8.4299999999998647        2.12496025E-06
   8.4399999999998645        2.11262386E-06
   8.4499999999998643        2.10039457E-06
   8.4599999999998641        2.08827123E-06
   8.4699999999998639        2.07625226E-06
   8.4799999999998636        2.06433697E-06
   8.4899999999998634        2.05252400E-06
   8.4999999999998632        2.04081198E-06
   8.5099999999998630        2.02920000E-06
   8.5199999999998628        2.01768694E-06
   8.5299999999998626        2.00627142E-06
   8.5399999999998624        1.99495275E-06
   8.5499999999998622        1.98372936E-06
   8.5599999999998619        1.97260056E-06
   8.5699999999998617        1.96156498E-06
   8.5799999999998615        1.95062194E-06
   8.5899999999998613        1.93977007E-06
   8.5999999999998611        1.92900848E-06
   8.6099999999998609        1.91833624E-06
   8.6199999999998607        1.90775245E-06
   8.6299999999998604        1.89725597E-06
   8.6399999999998602        1.88684578E-06
   8.6499999999998600        1.87652108E-06
   8.6599999999998598        1.86628085E-06
   8.6699999999998596        1.85612430E-06
   8.6799999999998594        1.84605040E-06
   8.6899999999998592        1.83605823E-06
   8.6999999999998590        1.82614701E-06
   8.7099999999998587        1.81631583E-06
   8.7199999999998585        1.80656389E-06
   8.7299999999998583        1.79689027E-06
   8.7399999999998581        1.78729408E-06
   8.7499999999998579        1.77777451E-06
   8.7599999999998577        1.76833089E-06
   8.7699999999998575        1.75896230E-06
   8.7799999999998573        1.74966794E-06
   8.7899999999998570        1.74044703E-06
   8.7999999999998568        1.73129888E-06
   8.8099999999998566        1.72222258E-06
   8.8199999999998564        1.71321756E-06
   8.8299999999998562        1.70428291E-06
   8.8399999999998560        1.69541806E-06
   8.8499999999998558        1.68662211E-06
   8.8599999999998555        1.67789449E-06
   8.8699999999998553        1.66923439E-06
   8.8799999999998551        1.66064126E-06
   8.8899999999998549        1.65211418E-06
   8.8999999999998547        1.64365269E-06
   8.9099999999998545        1.63525601E-06
   8.9199999999998543        1.62692356E-06
   8.9299999999998541        1.61865455E-06
   8.9399999999998538        1.61044852E-06
   8.9499999999998536        1.60230468E-06
   8.9599999999998534        1.59422245E-06
   8.9699999999998532        1.58620128E-06
   8.9799999999998530        1.57824036E-06
   8.9899999999998528        1.57033935E-06
   8.9999999999998526        1.56249746E-06
   9.0099999999998523        1.55471423E-06
   9.0199999999998521        1.54698898E-06
   9.0299999999998519        1.53932115E-06
   9.0399999999998517        1.53171015E-06
   9.0499999999998515        1.52415555E-06
   9.0599999999998513        1.51665665E-06
   9.0699999999998511        1.50921289E-06
   9.0799999999998509        1.50182393E-06
   9.0899999999998506        1.49448897E-06
   9.0999999999998504        1.48720767E-06
   9.1099999999998502        1.47997946E-06
   9.1199999999998500        1.47280389E-06
   9.1299999999998498        1.46568027E-06
   9.1399999999998496        1.45860827E-06
   9.1499999999998494        1.45158731E-06
   9.1599999999998492        1.44461694E-06
   9.1699999999998489        1.43769660E-06
   9.1799999999998487        1.43082593E-06
   9.1899999999998485        1.42400438E-06
   9.1999999999998483        1.41723149E-06
   9.2099999999998481        1.41050680E-06
   9.2199999999998479        1.40382986E-06
   9.2299999999998477        1.39720021E-06
   9.2399999999998474        1.39061740E-06
   9.2499999999998472        1.38408109E-06
   9.2599999999998470        1.37759071E-06
   9.2699999999998468        1.37114580E-06
   9.2799999999998466        1.36474614E-06
   9.2899999999998464        1.35839105E-06
   9.2999999999998462        1.35208029E-06
   9.3099999999998460        1.34581342E-06
   9.3199999999998457        1.33959009E-06
   9.3299999999998455        1.33340973E-06
   9.3399999999998453        1.32727212E-06
   9.3499999999998451        1.32117668E-06
   9.3599999999998449        1.31512320E-06
   9.3699999999998447        1.30911121E-06
   9.3799999999998445        1.30314038E-06
   9.3899999999998442        1.29721025E-06
   9.3999999999998440        1.29132059E-06
   9.4099999999998438        1.28547094E-06
   9.4199999999998436        1.27966086E-06
   9.4299999999998434        1.27389012E-06
   9.4399999999998432        1.26815837E-06
   9.4499999999998430        1.26246516E-06
   9.4599999999998428        1.25681026E-06
   9.4699999999998425        1.25119323E-06
   9.4799999999998423        1.24561382E-06
   9.4899999999998421        1.24007158E-06
   9.4999999999998419        1.23456630E-06
   9.5099999999998417        1.22909762E-06
   9.5199999999998415        1.22366509E-06
   9.5299999999998413        1.21826861E-06
   9.5399999999998411        1.21290770E-06
   9.5499999999998408        1.20758216E-06
   9.5599999999998406        1.20229151E-06
   9.5699999999998404        1.19703566E-06
   9.5799999999998402        1.19181414E-06
   9.5899999999998400        1.18662672E-06
   9.5999999999998398        1.18147307E-06
   9.6099999999998396        1.17635295E-06
   9.6199999999998393        1.17126604E-06
   9.6299999999998391        1.16621197E-06
   9.6399999999998389        1.16119065E-06
   9.6499999999998387        1.15620162E-06
   9.6599999999998385        1.15124476E-06
   9.6699999999998383        1.14631962E-06
   9.6799999999998381        1.14142608E-06
   9.6899999999998379        1.13656381E-06
   9.6999999999998376        1.13173246E-06
   9.7099999999998374        1.12693192E-06
   9.7199999999998372        1.12216185E-06
   9.7299999999998370        1.11742202E-06
   9.7399999999998368        1.11271208E-06
   9.7499999999998366        1.10803194E-06
   9.7599999999998364        1.10338124E-06
   9.7699999999998361        1.09875975E-06
   9.7799999999998359        1.09416726E-06
   9.7899999999998357        1.08960353E-06
   9.7999999999998355        1.08506822E-06
   9.8099999999998353        1.08056122E-06
   9.8199999999998351        1.07608219E-06
   9.8299999999998349        1.07163100E-06
   9.8399999999998347        1.06720734E-06
   9.8499999999998344        1.06281107E-06
   9.8599999999998342        1.05844185E-06
   9.8699999999998340        1.05409947E-06
   9.8799999999998338        1.04978380E-06
   9.8899999999998336        1.04549463E-06
   9.8999999999998334        1.04123171E-06
   9.9099999999998332        1.03699472E-06
   9.9199999999998330        1.03278364E-06
   9.9299999999998327        1.02859804E-06
   9.9399999999998325        1.02443789E-06
   9.9499999999998323        1.02030299E-06
   9.9599999999998321        1.01619298E-06
   9.9699999999998319        1.01210776E-06
   9.9799999999998317        1.00804721E-06
   9.9899999999998315        1.00401098E-06
   9.9999999999998312        9.99998974E-07
