   0.0000000000000000        2.49376567E-03
   1.0000000000000000E-002   2.50374549E-03
   2.0000000000000000E-002   2.51378561E-03
   2.9999999999999999E-002   2.52388604E-03
   4.0000000000000001E-002   2.53404747E-03
   5.0000000000000003E-002   2.54427036E-03
   6.0000000000000005E-002   2.55455519E-03
   7.0000000000000007E-002   2.56490218E-03
   8.0000000000000002E-002   2.57531251E-03
   8.9999999999999997E-002   2.58578593E-03
   9.9999999999999992E-002   2.59632361E-03
  0.10999999999999999        2.60692555E-03
  0.11999999999999998        2.61759269E-03
  0.12999999999999998        2.62832525E-03
  0.13999999999999999        2.63912417E-03
  0.14999999999999999        2.64998944E-03
  0.16000000000000000        2.66092201E-03
  0.17000000000000001        2.67192209E-03
  0.18000000000000002        2.68299063E-03
  0.19000000000000003        2.69412808E-03
  0.20000000000000004        2.70533492E-03
  0.21000000000000005        2.71661184E-03
  0.22000000000000006        2.72795907E-03
  0.23000000000000007        2.73937779E-03
  0.24000000000000007        2.75086821E-03
  0.25000000000000006        2.76243105E-03
  0.26000000000000006        2.77406676E-03
  0.27000000000000007        2.78577604E-03
  0.28000000000000008        2.79755960E-03
  0.29000000000000009        2.80941813E-03
  0.30000000000000010        2.82135210E-03
  0.31000000000000011        2.83336197E-03
  0.32000000000000012        2.84544891E-03
  0.33000000000000013        2.85761314E-03
  0.34000000000000014        2.86985561E-03
  0.35000000000000014        2.88217654E-03
  0.36000000000000015        2.89457710E-03
  0.37000000000000016        2.90705776E-03
  0.38000000000000017        2.91961944E-03
  0.39000000000000018        2.93226237E-03
  0.40000000000000019        2.94498773E-03
  0.41000000000000020        2.95779575E-03
  0.42000000000000021        2.97068758E-03
  0.43000000000000022        2.98366393E-03
  0.44000000000000022        2.99672526E-03
  0.45000000000000023        3.00987228E-03
  0.46000000000000024        3.02310614E-03
  0.47000000000000025        3.03642731E-03
  0.48000000000000026        3.04983673E-03
  0.49000000000000027        3.06333508E-03
  0.50000000000000022        3.07692308E-03
  0.51000000000000023        3.09060165E-03
  0.52000000000000024        3.10437148E-03
  0.53000000000000025        3.11823352E-03
  0.54000000000000026        3.13218846E-03
  0.55000000000000027        3.14623700E-03
  0.56000000000000028        3.16038053E-03
  0.57000000000000028        3.17461928E-03
  0.58000000000000029        3.18895443E-03
  0.59000000000000030        3.20338691E-03
  0.60000000000000031        3.21791740E-03
  0.61000000000000032        3.23254685E-03
  0.62000000000000033        3.24727618E-03
  0.63000000000000034        3.26210633E-03
  0.64000000000000035        3.27703822E-03
  0.65000000000000036        3.29207280E-03
  0.66000000000000036        3.30721075E-03
  0.67000000000000037        3.32245347E-03
  0.68000000000000038        3.33780143E-03
  0.69000000000000039        3.35325603E-03
  0.70000000000000040        3.36881820E-03
  0.71000000000000041        3.38448887E-03
  0.72000000000000042        3.40026873E-03
  0.73000000000000043        3.41615919E-03
  0.74000000000000044        3.43216117E-03
  0.75000000000000044        3.44827585E-03
  0.76000000000000045        3.46450415E-03
  0.77000000000000046        3.48084699E-03
  0.78000000000000047        3.49730579E-03
  0.79000000000000048        3.51388124E-03
  0.80000000000000049        3.53057473E-03
  0.81000000000000050        3.54738743E-03
  0.82000000000000051        3.56432027E-03
  0.83000000000000052        3.58137465E-03
  0.84000000000000052        3.59855127E-03
  0.85000000000000053        3.61585198E-03
  0.86000000000000054        3.63327726E-03
  0.87000000000000055        3.65082896E-03
  0.88000000000000056        3.66850779E-03
  0.89000000000000057        3.68631515E-03
  0.90000000000000058        3.70425242E-03
  0.91000000000000059        3.72232078E-03
  0.92000000000000060        3.74052161E-03
  0.93000000000000060        3.75885586E-03
  0.94000000000000061        3.77732515E-03
  0.95000000000000062        3.79593065E-03
  0.96000000000000063        3.81467398E-03
  0.97000000000000064        3.83355608E-03
  0.98000000000000065        3.85257881E-03
  0.99000000000000066        3.87174310E-03
   1.0000000000000007        3.89105058E-03
   1.0100000000000007        3.91050288E-03
   1.0200000000000007        3.93010071E-03
   1.0300000000000007        3.94984661E-03
   1.0400000000000007        3.96974105E-03
   1.0500000000000007        3.98978638E-03
   1.0600000000000007        4.00998304E-03
   1.0700000000000007        4.03033383E-03
   1.0800000000000007        4.05083969E-03
   1.0900000000000007        4.07150201E-03
   1.1000000000000008        4.09232266E-03
   1.1100000000000008        4.11330350E-03
   1.1200000000000008        4.13444545E-03
   1.1300000000000008        4.15575085E-03
   1.1400000000000008        4.17722110E-03
   1.1500000000000008        4.19885805E-03
   1.1600000000000008        4.22066310E-03
   1.1700000000000008        4.24263813E-03
   1.1800000000000008        4.26478498E-03
   1.1900000000000008        4.28710598E-03
   1.2000000000000008        4.30960162E-03
   1.2100000000000009        4.33227513E-03
   1.2200000000000009        4.35512746E-03
   1.2300000000000009        4.37816093E-03
   1.2400000000000009        4.40137740E-03
   1.2500000000000009        4.42477874E-03
   1.2600000000000009        4.44836682E-03
   1.2700000000000009        4.47214395E-03
   1.2800000000000009        4.49611153E-03
   1.2900000000000009        4.52027237E-03
   1.3000000000000009        4.54462832E-03
   1.3100000000000009        4.56918124E-03
   1.3200000000000010        4.59393300E-03
   1.3300000000000010        4.61888639E-03
   1.3400000000000010        4.64404328E-03
   1.3500000000000010        4.66940599E-03
   1.3600000000000010        4.69497684E-03
   1.3700000000000010        4.72075772E-03
   1.3800000000000010        4.74675139E-03
   1.3900000000000010        4.77295974E-03
   1.4000000000000010        4.79938556E-03
   1.4100000000000010        4.82603116E-03
   1.4200000000000010        4.85289888E-03
   1.4300000000000010        4.87999106E-03
   1.4400000000000011        4.90731094E-03
   1.4500000000000011        4.93485993E-03
   1.4600000000000011        4.96264128E-03
   1.4700000000000011        4.99065733E-03
   1.4800000000000011        5.01891132E-03
   1.4900000000000011        5.04740514E-03
   1.5000000000000011        5.07614203E-03
   1.5100000000000011        5.10512479E-03
   1.5200000000000011        5.13435574E-03
   1.5300000000000011        5.16383816E-03
   1.5400000000000011        5.19357482E-03
   1.5500000000000012        5.22356853E-03
   1.5600000000000012        5.25382254E-03
   1.5700000000000012        5.28433966E-03
   1.5800000000000012        5.31512313E-03
   1.5900000000000012        5.34617575E-03
   1.6000000000000012        5.37750032E-03
   1.6100000000000012        5.40910102E-03
   1.6200000000000012        5.44098066E-03
   1.6300000000000012        5.47314202E-03
   1.6400000000000012        5.50558930E-03
   1.6500000000000012        5.53832529E-03
   1.6600000000000013        5.57135325E-03
   1.6700000000000013        5.60467737E-03
   1.6800000000000013        5.63830091E-03
   1.6900000000000013        5.67222713E-03
   1.7000000000000013        5.70645975E-03
   1.7100000000000013        5.74100250E-03
   1.7200000000000013        5.77585958E-03
   1.7300000000000013        5.81103424E-03
   1.7400000000000013        5.84653113E-03
   1.7500000000000013        5.88235306E-03
   1.7600000000000013        5.91850467E-03
   1.7700000000000014        5.95498970E-03
   1.7800000000000014        5.99181280E-03
   1.7900000000000014        6.02897769E-03
   1.8000000000000014        6.06648857E-03
   1.8100000000000014        6.10435009E-03
   1.8200000000000014        6.14256645E-03
   1.8300000000000014        6.18114229E-03
   1.8400000000000014        6.22008136E-03
   1.8500000000000014        6.25938922E-03
   1.8600000000000014        6.29906962E-03
   1.8700000000000014        6.33912813E-03
   1.8800000000000014        6.37956895E-03
   1.8900000000000015        6.42039720E-03
   1.9000000000000015        6.46161800E-03
   1.9100000000000015        6.50323601E-03
   1.9200000000000015        6.54525636E-03
   1.9300000000000015        6.58768462E-03
   1.9400000000000015        6.63052592E-03
   1.9500000000000015        6.67378539E-03
   1.9600000000000015        6.71746861E-03
   1.9700000000000015        6.76158117E-03
   1.9800000000000015        6.80612866E-03
   1.9900000000000015        6.85111713E-03
   2.0000000000000013        6.89655170E-03
   2.0100000000000011        6.94243889E-03
   2.0200000000000009        6.98878430E-03
   2.0300000000000007        7.03559443E-03
   2.0400000000000005        7.08287535E-03
   2.0500000000000003        7.13063311E-03
   2.0600000000000001        7.17887469E-03
   2.0699999999999998        7.22760614E-03
   2.0799999999999996        7.27683399E-03
   2.0899999999999994        7.32656568E-03
   2.0999999999999992        7.37680728E-03
   2.1099999999999990        7.42756622E-03
   2.1199999999999988        7.47884996E-03
   2.1299999999999986        7.53066503E-03
   2.1399999999999983        7.58301886E-03
   2.1499999999999981        7.63591938E-03
   2.1599999999999979        7.68937403E-03
   2.1699999999999977        7.74339028E-03
   2.1799999999999975        7.79797649E-03
   2.1899999999999973        7.85314012E-03
   2.1999999999999971        7.90889002E-03
   2.2099999999999969        7.96523318E-03
   2.2199999999999966        8.02217983E-03
   2.2299999999999964        8.07973742E-03
   2.2399999999999962        8.13791528E-03
   2.2499999999999960        8.19672085E-03
   2.2599999999999958        8.25616531E-03
   2.2699999999999956        8.31625704E-03
   2.2799999999999954        8.37700535E-03
   2.2899999999999952        8.43841955E-03
   2.2999999999999949        8.50050990E-03
   2.3099999999999947        8.56328569E-03
   2.3199999999999945        8.62675812E-03
   2.3299999999999943        8.69093649E-03
   2.3399999999999941        8.75583105E-03
   2.3499999999999939        8.82145390E-03
   2.3599999999999937        8.88781436E-03
   2.3699999999999934        8.95492453E-03
   2.3799999999999932        9.02279560E-03
   2.3899999999999930        9.09143779E-03
   2.3999999999999928        9.16086510E-03
   2.4099999999999926        9.23108775E-03
   2.4199999999999924        9.30211786E-03
   2.4299999999999922        9.37396847E-03
   2.4399999999999920        9.44665261E-03
   2.4499999999999917        9.52018239E-03
   2.4599999999999915        9.59457178E-03
   2.4699999999999913        9.66983289E-03
   2.4799999999999911        9.74598061E-03
   2.4899999999999909        9.82302800E-03
   2.4999999999999907        9.90098994E-03
   2.5099999999999905        9.97988041E-03
   2.5199999999999902        1.00597143E-02
   2.5299999999999900        1.01405066E-02
   2.5399999999999898        1.02222729E-02
   2.5499999999999896        1.03050284E-02
   2.5599999999999894        1.03887897E-02
   2.5699999999999892        1.04735726E-02
   2.5799999999999890        1.05593940E-02
   2.5899999999999888        1.06462715E-02
   2.5999999999999885        1.07342210E-02
   2.6099999999999883        1.08232601E-02
   2.6199999999999881        1.09134084E-02
   2.6299999999999879        1.10046836E-02
   2.6399999999999877        1.10971043E-02
   2.6499999999999875        1.11906892E-02
   2.6599999999999873        1.12854587E-02
   2.6699999999999871        1.13814324E-02
   2.6799999999999868        1.14786318E-02
   2.6899999999999866        1.15770753E-02
   2.6999999999999864        1.16767865E-02
   2.7099999999999862        1.17777865E-02
   2.7199999999999860        1.18800970E-02
   2.7299999999999858        1.19837401E-02
   2.7399999999999856        1.20887412E-02
   2.7499999999999853        1.21951215E-02
   2.7599999999999851        1.23029072E-02
   2.7699999999999849        1.24121225E-02
   2.7799999999999847        1.25227915E-02
   2.7899999999999845        1.26349414E-02
   2.7999999999999843        1.27485972E-02
   2.8099999999999841        1.28637878E-02
   2.8199999999999839        1.29805394E-02
   2.8299999999999836        1.30988806E-02
   2.8399999999999834        1.32188406E-02
   2.8499999999999832        1.33404480E-02
   2.8599999999999830        1.34637337E-02
   2.8699999999999828        1.35887293E-02
   2.8799999999999826        1.37154646E-02
   2.8899999999999824        1.38439732E-02
   2.8999999999999821        1.39742875E-02
   2.9099999999999819        1.41064413E-02
   2.9199999999999817        1.42404707E-02
   2.9299999999999815        1.43764094E-02
   2.9399999999999813        1.45142935E-02
   2.9499999999999811        1.46541614E-02
   2.9599999999999809        1.47960512E-02
   2.9699999999999807        1.49400011E-02
   2.9799999999999804        1.50860511E-02
   2.9899999999999802        1.52342413E-02
   2.9999999999999800        1.53846154E-02
   3.0099999999999798        1.55372145E-02
   3.0199999999999796        1.56920832E-02
   3.0299999999999794        1.58492662E-02
   3.0399999999999792        1.60088111E-02
   3.0499999999999790        1.61707625E-02
   3.0599999999999787        1.63351707E-02
   3.0699999999999785        1.65020861E-02
   3.0799999999999783        1.66715570E-02
   3.0899999999999781        1.68436375E-02
   3.0999999999999779        1.70183796E-02
   3.1099999999999777        1.71958394E-02
   3.1199999999999775        1.73760746E-02
   3.1299999999999772        1.75591391E-02
   3.1399999999999770        1.77450944E-02
   3.1499999999999768        1.79340020E-02
   3.1599999999999766        1.81259252E-02
   3.1699999999999764        1.83209237E-02
   3.1799999999999762        1.85190681E-02
   3.1899999999999760        1.87204219E-02
   3.1999999999999758        1.89250559E-02
   3.2099999999999755        1.91330444E-02
   3.2199999999999753        1.93444546E-02
   3.2299999999999751        1.95593666E-02
   3.2399999999999749        1.97778549E-02
   3.2499999999999747        1.99999996E-02
   3.2599999999999745        2.02258825E-02
   3.2699999999999743        2.04555877E-02
   3.2799999999999740        2.06891987E-02
   3.2899999999999738        2.09268071E-02
   3.2999999999999736        2.11685020E-02
   3.3099999999999734        2.14143768E-02
   3.3199999999999732        2.16645282E-02
   3.3299999999999730        2.19190568E-02
   3.3399999999999728        2.21780632E-02
   3.3499999999999726        2.24416517E-02
   3.3599999999999723        2.27099303E-02
   3.3699999999999721        2.29830109E-02
   3.3799999999999719        2.32610069E-02
   3.3899999999999717        2.35440359E-02
   3.3999999999999715        2.38322206E-02
   3.4099999999999713        2.41256859E-02
   3.4199999999999711        2.44245566E-02
   3.4299999999999708        2.47289706E-02
   3.4399999999999706        2.50390600E-02
   3.4499999999999704        2.53549702E-02
   3.4599999999999702        2.56768409E-02
   3.4699999999999700        2.60048267E-02
   3.4799999999999698        2.63390783E-02
   3.4899999999999696        2.66797580E-02
   3.4999999999999694        2.70270277E-02
   3.5099999999999691        2.73810569E-02
   3.5199999999999689        2.77420208E-02
   3.5299999999999687        2.81101018E-02
   3.5399999999999685        2.84854844E-02
   3.5499999999999683        2.88683604E-02
   3.5599999999999681        2.92589292E-02
   3.5699999999999679        2.96573974E-02
   3.5799999999999677        3.00639756E-02
   3.5899999999999674        3.04788835E-02
   3.5999999999999672        3.09023485E-02
   3.6099999999999670        3.13346051E-02
   3.6199999999999668        3.17758918E-02
   3.6299999999999666        3.22264619E-02
   3.6399999999999664        3.26865762E-02
   3.6499999999999662        3.31564993E-02
   3.6599999999999659        3.36365104E-02
   3.6699999999999657        3.41268964E-02
   3.6799999999999655        3.46279554E-02
   3.6899999999999653        3.51399966E-02
   3.6999999999999651        3.56633365E-02
   3.7099999999999649        3.61983106E-02
   3.7199999999999647        3.67452540E-02
   3.7299999999999645        3.73045243E-02
   3.7399999999999642        3.78764905E-02
   3.7499999999999640        3.84615399E-02
   3.7599999999999638        3.90600599E-02
   3.7699999999999636        3.96724641E-02
   3.7799999999999634        4.02991809E-02
   3.7899999999999632        4.09406535E-02
   3.7999999999999630        4.15973365E-02
   3.8099999999999627        4.22697142E-02
   3.8199999999999625        4.29582782E-02
   3.8299999999999623        4.36635464E-02
   3.8399999999999621        4.43860516E-02
   3.8499999999999619        4.51263525E-02
   3.8599999999999617        4.58850302E-02
   3.8699999999999615        4.66626845E-02
   3.8799999999999613        4.74599451E-02
   3.8899999999999610        4.82774600E-02
   3.8999999999999608        4.91159149E-02
   3.9099999999999606        4.99760099E-02
   3.9199999999999604        5.08584902E-02
   3.9299999999999602        5.17641194E-02
   3.9399999999999600        5.26937023E-02
   3.9499999999999598        5.36480695E-02
   3.9599999999999596        5.46280928E-02
   3.9699999999999593        5.56346811E-02
   3.9799999999999591        5.66687807E-02
   3.9899999999999589        5.77313863E-02
   3.9999999999999587        5.88235296E-02
   4.0099999999999589        5.99462874E-02
   4.0199999999999587        6.11007921E-02
   4.0299999999999585        6.22882210E-02
   4.0399999999999583        6.35098070E-02
   4.0499999999999581        6.47668391E-02
   4.0599999999999579        6.60606697E-02
   4.0699999999999577        6.73927143E-02
   4.0799999999999574        6.87644407E-02
   4.0899999999999572        7.01774061E-02
   4.0999999999999570        7.16332346E-02
   4.1099999999999568        7.31336325E-02
   4.1199999999999566        7.46803656E-02
   4.1299999999999564        7.62753263E-02
   4.1399999999999562        7.79204592E-02
   4.1499999999999559        7.96178356E-02
   4.1599999999999557        8.13696161E-02
   4.1699999999999555        8.31780657E-02
   4.1799999999999553        8.50455835E-02
   4.1899999999999551        8.69746730E-02
   4.1999999999999549        8.89679715E-02
   4.2099999999999547        9.10282582E-02
   4.2199999999999545        9.31584463E-02
   4.2299999999999542        9.53616127E-02
   4.2399999999999540        9.76409912E-02
   4.2499999999999538       0.100000001    
   4.2599999999999536       0.102442220    
   4.2699999999999534       0.104971446    
   4.2799999999999532       0.107591666    
   4.2899999999999530       0.110307097    
   4.2999999999999527       0.113122173    
   4.3099999999999525       0.116041586    
   4.3199999999999523       0.119070299    
   4.3299999999999521       0.122213535    
   4.3399999999999519       0.125476807    
   4.3499999999999517       0.128865972    
   4.3599999999999515       0.132387206    
   4.3699999999999513       0.136047021    
   4.3799999999999510       0.139852315    
   4.3899999999999508       0.143810406    
   4.3999999999999506       0.147928998    
   4.4099999999999504       0.152216271    
   4.4199999999999502       0.156680867    
   4.4299999999999500       0.161331952    
   4.4399999999999498       0.166179210    
   4.4499999999999496       0.171232879    
   4.4599999999999493       0.176503807    
   4.4699999999999491       0.182003498    
   4.4799999999999489       0.187744066    
   4.4899999999999487       0.193738371    
   4.4999999999999485       0.200000003    
   4.5099999999999483       0.206543297    
   4.5199999999999481       0.213383406    
   4.5299999999999478       0.220536351    
   4.5399999999999476       0.228018969    
   4.5499999999999474       0.235849053    
   4.5599999999999472       0.244045287    
   4.5699999999999470       0.252627313    
   4.5799999999999468       0.261615753    
   4.5899999999999466       0.271032095    
   4.5999999999999464       0.280898869    
   4.6099999999999461       0.291239530    
   4.6199999999999459       0.302078307    
   4.6299999999999457       0.313440323    
   4.6399999999999455       0.325351387    
   4.6499999999999453       0.337837845    
   4.6599999999999451       0.350926459    
   4.6699999999999449       0.364644110    
   4.6799999999999446       0.379017591    
   4.6899999999999444       0.394073129    
   4.6999999999999442       0.409836054    
   4.7099999999999440       0.426330149    
   4.7199999999999438       0.443576992    
   4.7299999999999436       0.461595267    
   4.7399999999999434       0.480399698    
   4.7499999999999432       0.500000000    
   4.7599999999999429       0.520399690    
   4.7699999999999427       0.541594446    
   4.7799999999999425       0.563570797    
   4.7899999999999423       0.586303949    
   4.7999999999999421       0.609756112    
   4.8099999999999419       0.633874238    
   4.8199999999999417       0.658587992    
   4.8299999999999415       0.683807433    
   4.8399999999999412       0.709421098    
   4.8499999999999410       0.735294104    
   4.8599999999999408       0.761266768    
   4.8699999999999406       0.787153661    
   4.8799999999999404       0.812743843    
   4.8899999999999402       0.837801635    
   4.8999999999999400       0.862068951    
   4.9099999999999397       0.885269105    
   4.9199999999999395       0.907111764    
   4.9299999999999393       0.927299678    
   4.9399999999999391       0.945537090    
   4.9499999999999389       0.961538434    
   4.9599999999999387       0.975039005    
   4.9699999999999385       0.985804439    
   4.9799999999999383       0.993640721    
   4.9899999999999380       0.998402536    
   4.9999999999999378        1.00000000    
   5.0099999999999376       0.998402536    
   5.0199999999999374       0.993640721    
   5.0299999999999372       0.985804439    
   5.0399999999999370       0.975039005    
   5.0499999999999368       0.961538434    
   5.0599999999999365       0.945537090    
   5.0699999999999363       0.927299678    
   5.0799999999999361       0.907111764    
   5.0899999999999359       0.885269105    
   5.0999999999999357       0.862068951    
   5.1099999999999355       0.837801635    
   5.1199999999999353       0.812743843    
   5.1299999999999351       0.787153661    
   5.1399999999999348       0.761266768    
   5.1499999999999346       0.735294104    
   5.1599999999999344       0.709421098    
   5.1699999999999342       0.683807433    
   5.1799999999999340       0.658587992    
   5.1899999999999338       0.633874238    
   5.1999999999999336       0.609756112    
   5.2099999999999334       0.586303949    
   5.2199999999999331       0.563570797    
   5.2299999999999329       0.541594446    
   5.2399999999999327       0.520399690    
   5.2499999999999325       0.500000000    
   5.2599999999999323       0.480399698    
   5.2699999999999321       0.461595267    
   5.2799999999999319       0.443576992    
   5.2899999999999316       0.426330149    
   5.2999999999999314       0.409836054    
   5.3099999999999312       0.394073129    
   5.3199999999999310       0.379017591    
   5.3299999999999308       0.364644110    
   5.3399999999999306       0.350926459    
   5.3499999999999304       0.337837845    
   5.3599999999999302       0.325351387    
   5.3699999999999299       0.313440323    
   5.3799999999999297       0.302078307    
   5.3899999999999295       0.291239530    
   5.3999999999999293       0.280898869    
   5.4099999999999291       0.271032095    
   5.4199999999999289       0.261615753    
   5.4299999999999287       0.252627313    
   5.4399999999999284       0.244045287    
   5.4499999999999282       0.235849053    
   5.4599999999999280       0.228018969    
   5.4699999999999278       0.220536351    
   5.4799999999999276       0.213383406    
   5.4899999999999274       0.206543297    
   5.4999999999999272       0.200000003    
   5.5099999999999270       0.193738371    
   5.5199999999999267       0.187744066    
   5.5299999999999265       0.182003498    
   5.5399999999999263       0.176503807    
   5.5499999999999261       0.171232879    
   5.5599999999999259       0.166179210    
   5.5699999999999257       0.161331952    
   5.5799999999999255       0.156680867    
   5.5899999999999253       0.152216271    
   5.5999999999999250       0.147928998    
   5.6099999999999248       0.143810406    
   5.6199999999999246       0.139852315    
   5.6299999999999244       0.136047021    
   5.6399999999999242       0.132387206    
   5.6499999999999240       0.128865972    
   5.6599999999999238       0.125476807    
   5.6699999999999235       0.122213535    
   5.6799999999999233       0.119070299    
   5.6899999999999231       0.116041586    
   5.6999999999999229       0.113122173    
   5.7099999999999227       0.110307097    
   5.7199999999999225       0.107591666    
   5.7299999999999223       0.104971446    
   5.7399999999999221       0.102442220    
   5.7499999999999218       0.100000001    
   5.7599999999999216        9.76409912E-02
   5.7699999999999214        9.53616127E-02
   5.7799999999999212        9.31584463E-02
   5.7899999999999210        9.10282582E-02
   5.7999999999999208        8.89679715E-02
   5.8099999999999206        8.69746730E-02
   5.8199999999999203        8.50455835E-02
   5.8299999999999201        8.31780657E-02
   5.8399999999999199        8.13696161E-02
   5.8499999999999197        7.96178356E-02
   5.8599999999999195        7.79204592E-02
   5.8699999999999193        7.62753263E-02
   5.8799999999999191        7.46803656E-02
   5.8899999999999189        7.31336325E-02
   5.8999999999999186        7.16332346E-02
   5.9099999999999184        7.01774061E-02
   5.9199999999999182        6.87644407E-02
   5.9299999999999180        6.73927143E-02
   5.9399999999999178        6.60606697E-02
   5.9499999999999176        6.47668391E-02
   5.9599999999999174        6.35098070E-02
   5.9699999999999172        6.22882210E-02
   5.9799999999999169        6.11007921E-02
   5.9899999999999167        5.99462874E-02
   5.9999999999999165        5.88235296E-02
   6.0099999999999163        5.77313863E-02
   6.0199999999999161        5.66687807E-02
   6.0299999999999159        5.56346811E-02
   6.0399999999999157        5.46280928E-02
   6.0499999999999154        5.36480695E-02
   6.0599999999999152        5.26937023E-02
   6.0699999999999150        5.17641194E-02
   6.0799999999999148        5.08584902E-02
   6.0899999999999146        4.99760099E-02
   6.0999999999999144        4.91159149E-02
   6.1099999999999142        4.82774600E-02
   6.1199999999999140        4.74599451E-02
   6.1299999999999137        4.66626845E-02
   6.1399999999999135        4.58850302E-02
   6.1499999999999133        4.51263525E-02
   6.1599999999999131        4.43860516E-02
   6.1699999999999129        4.36635464E-02
   6.1799999999999127        4.29582782E-02
   6.1899999999999125        4.22697142E-02
   6.1999999999999122        4.15973365E-02
   6.2099999999999120        4.09406535E-02
   6.2199999999999118        4.02991809E-02
   6.2299999999999116        3.96724641E-02
   6.2399999999999114        3.90600599E-02
   6.2499999999999112        3.84615399E-02
   6.2599999999999110        3.78764905E-02
   6.2699999999999108        3.73045243E-02
   6.2799999999999105        3.67452540E-02
   6.2899999999999103        3.61983106E-02
   6.2999999999999101        3.56633365E-02
   6.3099999999999099        3.51399966E-02
   6.3199999999999097        3.46279554E-02
   6.3299999999999095        3.41268964E-02
   6.3399999999999093        3.36365104E-02
   6.3499999999999091        3.31564993E-02
   6.3599999999999088        3.26865762E-02
   6.3699999999999086        3.22264619E-02
   6.3799999999999084        3.17758918E-02
   6.3899999999999082        3.13346051E-02
   6.3999999999999080        3.09023485E-02
   6.4099999999999078        3.04788835E-02
   6.4199999999999076        3.00639756E-02
   6.4299999999999073        2.96573974E-02
   6.4399999999999071        2.92589292E-02
   6.4499999999999069        2.88683604E-02
   6.4599999999999067        2.84854844E-02
   6.4699999999999065        2.81101018E-02
   6.4799999999999063        2.77420208E-02
   6.4899999999999061        2.73810569E-02
   6.4999999999999059        2.70270277E-02
   6.5099999999999056        2.66797580E-02
   6.5199999999999054        2.63390783E-02
   6.5299999999999052        2.60048267E-02
   6.5399999999999050        2.56768409E-02
   6.5499999999999048        2.53549702E-02
   6.5599999999999046        2.50390600E-02
   6.5699999999999044        2.47289706E-02
   6.5799999999999041        2.44245566E-02
   6.5899999999999039        2.41256859E-02
   6.5999999999999037        2.38322206E-02
   6.6099999999999035        2.35440359E-02
   6.6199999999999033        2.32610069E-02
   6.6299999999999031        2.29830109E-02
   6.6399999999999029        2.27099303E-02
   6.6499999999999027        2.24416517E-02
   6.6599999999999024        2.21780632E-02
   6.6699999999999022        2.19190568E-02
   6.6799999999999020        2.16645282E-02
   6.6899999999999018        2.14143768E-02
   6.6999999999999016        2.11685020E-02
   6.7099999999999014        2.09268071E-02
   6.7199999999999012        2.06891987E-02
   6.7299999999999010        2.04555877E-02
   6.7399999999999007        2.02258825E-02
   6.7499999999999005        1.99999996E-02
   6.7599999999999003        1.97778549E-02
   6.7699999999999001        1.95593666E-02
   6.7799999999998999        1.93444546E-02
   6.7899999999998997        1.91330444E-02
   6.7999999999998995        1.89250559E-02
   6.8099999999998992        1.87204219E-02
   6.8199999999998990        1.85190681E-02
   6.8299999999998988        1.83209237E-02
   6.8399999999998986        1.81259252E-02
   6.8499999999998984        1.79340020E-02
   6.8599999999998982        1.77450944E-02
   6.8699999999998980        1.75591391E-02
   6.8799999999998978        1.73760746E-02
   6.8899999999998975        1.71958394E-02
   6.8999999999998973        1.70183796E-02
   6.9099999999998971        1.68436375E-02
   6.9199999999998969        1.66715570E-02
   6.9299999999998967        1.65020861E-02
   6.9399999999998965        1.63351707E-02
   6.9499999999998963        1.61707625E-02
   6.9599999999998960        1.60088111E-02
   6.9699999999998958        1.58492662E-02
   6.9799999999998956        1.56920832E-02
   6.9899999999998954        1.55372145E-02
   6.9999999999998952        1.53846154E-02
   7.0099999999998950        1.52342413E-02
   7.0199999999998948        1.50860511E-02
   7.0299999999998946        1.49400011E-02
   7.0399999999998943        1.47960512E-02
   7.0499999999998941        1.46541614E-02
   7.0599999999998939        1.45142935E-02
   7.0699999999998937        1.43764094E-02
   7.0799999999998935        1.42404707E-02
   7.0899999999998933        1.41064413E-02
   7.0999999999998931        1.39742875E-02
   7.1099999999998929        1.38439732E-02
   7.1199999999998926        1.37154646E-02
   7.1299999999998924        1.35887293E-02
   7.1399999999998922        1.34637337E-02
   7.1499999999998920        1.33404480E-02
   7.1599999999998918        1.32188406E-02
   7.1699999999998916        1.30988806E-02
   7.1799999999998914        1.29805394E-02
   7.1899999999998911        1.28637878E-02
   7.1999999999998909        1.27485972E-02
   7.2099999999998907        1.26349414E-02
   7.2199999999998905        1.25227915E-02
   7.2299999999998903        1.24121225E-02
   7.2399999999998901        1.23029072E-02
   7.2499999999998899        1.21951215E-02
   7.2599999999998897        1.20887412E-02
   7.2699999999998894        1.19837401E-02
   7.2799999999998892        1.18800970E-02
   7.2899999999998890        1.17777865E-02
   7.2999999999998888        1.16767865E-02
   7.3099999999998886        1.15770753E-02
   7.3199999999998884        1.14786318E-02
   7.3299999999998882        1.13814324E-02
   7.3399999999998879        1.12854587E-02
   7.3499999999998877        1.11906892E-02
   7.3599999999998875        1.10971043E-02
   7.3699999999998873        1.10046836E-02
   7.3799999999998871        1.09134084E-02
   7.3899999999998869        1.08232601E-02
   7.3999999999998867        1.07342210E-02
   7.4099999999998865        1.06462715E-02
   7.4199999999998862        1.05593940E-02
   7.4299999999998860        1.04735726E-02
   7.4399999999998858        1.03887897E-02
   7.4499999999998856        1.03050284E-02
   7.4599999999998854        1.02222729E-02
   7.4699999999998852        1.01405066E-02
   7.4799999999998850        1.00597143E-02
   7.4899999999998847        9.97988041E-03
   7.4999999999998845        9.90098994E-03
   7.5099999999998843        9.82302800E-03
   7.5199999999998841        9.74598061E-03
   7.5299999999998839        9.66983289E-03
   7.5399999999998837        9.59457178E-03
   7.5499999999998835        9.52018239E-03
   7.5599999999998833        9.44665261E-03
   7.5699999999998830        9.37396847E-03
   7.5799999999998828        9.30211786E-03
   7.5899999999998826        9.23108775E-03
   7.5999999999998824        9.16086510E-03
   7.6099999999998822        9.09143779E-03
   7.6199999999998820        9.02279560E-03
   7.6299999999998818        8.95492453E-03
   7.6399999999998816        8.88781436E-03
   7.6499999999998813        8.82145390E-03
   7.6599999999998811        8.75583105E-03
   7.6699999999998809        8.69093649E-03
   7.6799999999998807        8.62675812E-03
   7.6899999999998805        8.56328569E-03
   7.6999999999998803        8.50050990E-03
   7.7099999999998801        8.43841955E-03
   7.7199999999998798        8.37700535E-03
   7.7299999999998796        8.31625704E-03
   7.7399999999998794        8.25616531E-03
   7.7499999999998792        8.19672085E-03
   7.7599999999998790        8.13791528E-03
   7.7699999999998788        8.07973742E-03
   7.7799999999998786        8.02217983E-03
   7.7899999999998784        7.96523318E-03
   7.7999999999998781        7.90889002E-03
   7.8099999999998779        7.85314012E-03
   7.8199999999998777        7.79797649E-03
   7.8299999999998775        7.74339028E-03
   7.8399999999998773        7.68937403E-03
   7.8499999999998771        7.63591938E-03
   7.8599999999998769        7.58301886E-03
   7.8699999999998766        7.53066503E-03
   7.8799999999998764        7.47884996E-03
   7.8899999999998762        7.42756622E-03
   7.8999999999998760        7.37680728E-03
   7.9099999999998758        7.32656568E-03
   7.9199999999998756        7.27683399E-03
   7.9299999999998754        7.22760614E-03
   7.9399999999998752        7.17887469E-03
   7.9499999999998749        7.13063311E-03
   7.9599999999998747        7.08287535E-03
   7.9699999999998745        7.03559443E-03
   7.9799999999998743        6.98878430E-03
   7.9899999999998741        6.94243889E-03
   7.9999999999998739        6.89655170E-03
   8.0099999999998737        6.85111713E-03
   8.0199999999998735        6.80612866E-03
   8.0299999999998732        6.76158117E-03
   8.0399999999998730        6.71746861E-03
   8.0499999999998728        6.67378539E-03
   8.0599999999998726        6.63052592E-03
   8.0699999999998724        6.58768462E-03
   8.0799999999998722        6.54525636E-03
   8.0899999999998720        6.50323601E-03
   8.0999999999998717        6.46161800E-03
   8.1099999999998715        6.42039720E-03
   8.1199999999998713        6.37956895E-03
   8.1299999999998711        6.33912813E-03
   8.1399999999998709        6.29906962E-03
   8.1499999999998707        6.25938922E-03
   8.1599999999998705        6.22008136E-03
   8.1699999999998703        6.18114229E-03
   8.1799999999998700        6.14256645E-03
   8.1899999999998698        6.10435009E-03
   8.1999999999998696        6.06648857E-03
   8.2099999999998694        6.02897769E-03
   8.2199999999998692        5.99181280E-03
   8.2299999999998690        5.95498970E-03
   8.2399999999998688        5.91850467E-03
   8.2499999999998685        5.88235306E-03
   8.2599999999998683        5.84653113E-03
   8.2699999999998681        5.81103424E-03
   8.2799999999998679        5.77585958E-03
   8.2899999999998677        5.74100250E-03
   8.2999999999998675        5.70645975E-03
   8.3099999999998673        5.67222713E-03
   8.3199999999998671        5.63830091E-03
   8.3299999999998668        5.60467737E-03
   8.3399999999998666        5.57135325E-03
   8.3499999999998664        5.53832529E-03
   8.3599999999998662        5.50558930E-03
   8.3699999999998660        5.47314202E-03
   8.3799999999998658        5.44098066E-03
   8.3899999999998656        5.40910102E-03
   8.3999999999998654        5.37750032E-03
   8.4099999999998651        5.34617575E-03
   8.4199999999998649        5.31512313E-03
   8.4299999999998647        5.28433966E-03
   8.4399999999998645        5.25382254E-03
   8.4499999999998643        5.22356853E-03
   8.4599999999998641        5.19357482E-03
   8.4699999999998639        5.16383816E-03
   8.4799999999998636        5.13435574E-03
   8.4899999999998634        5.10512479E-03
   8.4999999999998632        5.07614203E-03
   8.5099999999998630        5.04740514E-03
   8.5199999999998628        5.01891132E-03
   8.5299999999998626        4.99065733E-03
   8.5399999999998624        4.96264128E-03
   8.5499999999998622        4.93485993E-03
   8.5599999999998619        4.90731094E-03
   8.5699999999998617        4.87999106E-03
   8.5799999999998615        4.85289888E-03
   8.5899999999998613        4.82603116E-03
   8.5999999999998611        4.79938556E-03
   8.6099999999998609        4.77295974E-03
   8.6199999999998607        4.74675139E-03
   8.6299999999998604        4.72075772E-03
   8.6399999999998602        4.69497684E-03
   8.6499999999998600        4.66940599E-03
   8.6599999999998598        4.64404328E-03
   8.6699999999998596        4.61888639E-03
   8.6799999999998594        4.59393300E-03
   8.6899999999998592        4.56918124E-03
   8.6999999999998590        4.54462832E-03
   8.7099999999998587        4.52027237E-03
   8.7199999999998585        4.49611153E-03
   8.7299999999998583        4.47214395E-03
   8.7399999999998581        4.44836682E-03
   8.7499999999998579        4.42477874E-03
   8.7599999999998577        4.40137740E-03
   8.7699999999998575        4.37816093E-03
   8.7799999999998573        4.35512746E-03
   8.7899999999998570        4.33227513E-03
   8.7999999999998568        4.30960162E-03
   8.8099999999998566        4.28710598E-03
   8.8199999999998564        4.26478498E-03
   8.8299999999998562        4.24263813E-03
   8.8399999999998560        4.22066310E-03
   8.8499999999998558        4.19885805E-03
   8.8599999999998555        4.17722110E-03
   8.8699999999998553        4.15575085E-03
   8.8799999999998551        4.13444545E-03
   8.8899999999998549        4.11330350E-03
   8.8999999999998547        4.09232266E-03
   8.9099999999998545        4.07150201E-03
   8.9199999999998543        4.05083969E-03
   8.9299999999998541        4.03033383E-03
   8.9399999999998538        4.00998304E-03
   8.9499999999998536        3.98978638E-03
   8.9599999999998534        3.96974105E-03
   8.9699999999998532        3.94984661E-03
   8.9799999999998530        3.93010071E-03
   8.9899999999998528        3.91050288E-03
   8.9999999999998526        3.89105058E-03
   9.0099999999998523        3.87174310E-03
   9.0199999999998521        3.85257881E-03
   9.0299999999998519        3.83355608E-03
   9.0399999999998517        3.81467398E-03
   9.0499999999998515        3.79593065E-03
   9.0599999999998513        3.77732515E-03
   9.0699999999998511        3.75885586E-03
   9.0799999999998509        3.74052161E-03
   9.0899999999998506        3.72232078E-03
   9.0999999999998504        3.70425242E-03
   9.1099999999998502        3.68631515E-03
   9.1199999999998500        3.66850779E-03
   9.1299999999998498        3.65082896E-03
   9.1399999999998496        3.63327726E-03
   9.1499999999998494        3.61585198E-03
   9.1599999999998492        3.59855127E-03
   9.1699999999998489        3.58137465E-03
   9.1799999999998487        3.56432027E-03
   9.1899999999998485        3.54738743E-03
   9.1999999999998483        3.53057473E-03
   9.2099999999998481        3.51388124E-03
   9.2199999999998479        3.49730579E-03
   9.2299999999998477        3.48084699E-03
   9.2399999999998474        3.46450415E-03
   9.2499999999998472        3.44827585E-03
   9.2599999999998470        3.43216117E-03
   9.2699999999998468        3.41615919E-03
   9.2799999999998466        3.40026873E-03
   9.2899999999998464        3.38448887E-03
   9.2999999999998462        3.36881820E-03
   9.3099999999998460        3.35325603E-03
   9.3199999999998457        3.33780143E-03
   9.3299999999998455        3.32245347E-03
   9.3399999999998453        3.30721075E-03
   9.3499999999998451        3.29207280E-03
   9.3599999999998449        3.27703822E-03
   9.3699999999998447        3.26210633E-03
   9.3799999999998445        3.24727618E-03
   9.3899999999998442        3.23254685E-03
   9.3999999999998440        3.21791740E-03
   9.4099999999998438        3.20338691E-03
   9.4199999999998436        3.18895443E-03
   9.4299999999998434        3.17461928E-03
   9.4399999999998432        3.16038053E-03
   9.4499999999998430        3.14623700E-03
   9.4599999999998428        3.13218846E-03
   9.4699999999998425        3.11823352E-03
   9.4799999999998423        3.10437148E-03
   9.4899999999998421        3.09060165E-03
   9.4999999999998419        3.07692308E-03
   9.5099999999998417        3.06333508E-03
   9.5199999999998415        3.04983673E-03
   9.5299999999998413        3.03642731E-03
   9.5399999999998411        3.02310614E-03
   9.5499999999998408        3.00987228E-03
   9.5599999999998406        2.99672526E-03
   9.5699999999998404        2.98366393E-03
   9.5799999999998402        2.97068758E-03
   9.5899999999998400        2.95779575E-03
   9.5999999999998398        2.94498773E-03
   9.6099999999998396        2.93226237E-03
   9.6199999999998393        2.91961944E-03
   9.6299999999998391        2.90705776E-03
   9.6399999999998389        2.89457710E-03
   9.6499999999998387        2.88217654E-03
   9.6599999999998385        2.86985561E-03
   9.6699999999998383        2.85761314E-03
   9.6799999999998381        2.84544891E-03
   9.6899999999998379        2.83336197E-03
   9.6999999999998376        2.82135210E-03
   9.7099999999998374        2.80941813E-03
   9.7199999999998372        2.79755960E-03
   9.7299999999998370        2.78577604E-03
   9.7399999999998368        2.77406676E-03
   9.7499999999998366        2.76243105E-03
   9.7599999999998364        2.75086821E-03
   9.7699999999998361        2.73937779E-03
   9.7799999999998359        2.72795907E-03
   9.7899999999998357        2.71661184E-03
   9.7999999999998355        2.70533492E-03
   9.8099999999998353        2.69412808E-03
   9.8199999999998351        2.68299063E-03
   9.8299999999998349        2.67192209E-03
   9.8399999999998347        2.66092201E-03
   9.8499999999998344        2.64998944E-03
   9.8599999999998342        2.63912417E-03
   9.8699999999998340        2.62832525E-03
   9.8799999999998338        2.61759269E-03
   9.8899999999998336        2.60692555E-03
   9.8999999999998334        2.59632361E-03
   9.9099999999998332        2.58578593E-03
   9.9199999999998330        2.57531251E-03
   9.9299999999998327        2.56490218E-03
   9.9399999999998325        2.55455519E-03
   9.9499999999998323        2.54427036E-03
   9.9599999999998321        2.53404747E-03
   9.9699999999998319        2.52388604E-03
   9.9799999999998317        2.51378561E-03
   9.9899999999998315        2.50374549E-03
   9.9999999999998312        2.49376567E-03
