        0.0609686166        0.5226697319
        0.1216491479        0.5199030980
        0.1822794879        0.5153122403
        0.2429474186        0.5089057672
        0.3037109644        0.5006921901
        0.3646231218        0.4906801535
        0.4257374729        0.4788783201
        0.4871100026        0.4652952603
        0.5488002334        0.4499393177
        0.6108723058        0.4328184268
        0.6733962018        0.4139398591
        0.7364492079        0.3933098755
        0.8001177394        0.3709332435
        0.8644996495        0.3468125769
        0.9297073109        0.3209473868
        0.9958717951        0.2933327085
        1.0631487631        0.2639570473
        1.1317270271        0.2327992266
        1.2018414346        0.1998234138
        1.2737932692        0.1649709054
        1.3479841147        0.1281460001
        1.4249763505        0.0891899907
        1.5056115266        0.0478289701
        1.5912748462        0.0035546532
        1.6846206226       -0.0447088839
        1.7924725884       -0.0999613220
        1.9034965153       -0.1556212545
        1.9939622672       -0.1995940315
        2.0819973093       -0.2408316873
        2.1639063690       -0.2775472698
        2.2408092856       -0.3103509781
        2.3141312851       -0.3399487792
        2.3848475652       -0.3667989919
        2.4535824251       -0.3911799515
        2.5207530058       -0.4132671733
        2.5866562036       -0.4331778163
        2.6515154126       -0.4509940533
        2.7155061179       -0.4667757242
        2.7787707776       -0.4805676554
        2.8414280618       -0.4924041917
        2.9035789644       -0.5023121798
        2.9653110484       -0.5103130257
        3.0267015256       -0.5164241676
        3.0878195927       -0.5206601620
        3.1487282522       -0.5230334983
        3.2094857952       -0.5235552186
        3.2701470413       -0.5222353861
        3.3307644113       -0.5190834383
        3.3913888874       -0.5141084428
        3.4520708957       -0.5073192725
        3.5128611485       -0.4987247110
        3.5738114689       -0.4883334951
        3.6349756304       -0.4761542991
        3.6964102378       -0.4621956632
        3.7581756877       -0.4464658633
        3.8203372425       -0.4289727190
        3.8829663000       -0.4097233200
        3.9461419130       -0.3887236560
        4.0099526963       -0.3659781039
        4.0744992882       -0.3414887114
        4.1398976223       -0.3152541751
        4.2062834088       -0.2872683488
        4.2738184861       -0.2575180028
        4.3427001346       -0.2259793579
        4.4131752201       -0.1926125735
        4.4855627775       -0.1573525812
        4.5602920660       -0.1200931008
        4.6379716713       -0.0806567622
        4.7195280493       -0.0387337214
        4.8065262112        0.0062634579
        4.9021032573        0.0556303083
        5.0152100665        0.1133607093
        5.1249070545        0.1679771058
        5.2126124263        0.2102290284
        5.2981911205        0.2499126897
        5.3785036930        0.2855131112
        5.4543909433        0.3174872264
        5.5270198410        0.3464079454
        5.5972265392        0.3726640444
        5.6655661077        0.3964999182
        5.7324194630        0.4180735813
        5.7980627529        0.4374923037
        5.8627063684        0.4548321634
        5.9265170533        0.4701489903
        5.9896310610        0.4834848451
        6.0521625025        0.4948721097
        6.1142089334        0.5043362122
        6.1758552715        0.5118975234
        6.2371766855        0.5175727283
        6.2982407877        0.5213758397
        6.3591093675        0.5233189628
        6.4198398082        0.5234128752
        6.4804862819        0.5216674678
        6.5411007941        0.5180920725
        6.6017341210        0.5126956989
        6.6624366823        0.5054871922
        6.7232593724        0.4964753236
        6.7842543927        0.4856688188
        6.8454760902        0.4730763296
        6.9069818636        0.4587063482
        6.9688331322        0.4425670650
        7.0310964621        0.4246661574
        7.0938448785        0.4050104975
        7.1571594605        0.3836057543
        7.2211313721        0.3604558356
        7.2858644668        0.3355621183
        7.3514788023        0.3089223336
        7.4181155034        0.2805289242
        7.4859436608        0.2503665797
        7.5551705489        0.2184083918
        7.6260573458        0.1846096657
        7.6989444547        0.1488975560
        7.7742949070        0.1111527040
        7.8527747302        0.0711742799
        7.9354187429        0.0286061448
        8.0240312657       -0.0172453072
        8.1224433404       -0.0679933370
        8.2433377379       -0.1293845383
        8.3436396976       -0.1789270781
        8.4291005080       -0.2197463777
        8.5127471149       -0.2581604918
        8.5917658695       -0.2928138781
        8.6667972667       -0.3240545277
        8.7388244164       -0.3523608386
        8.8085804367       -0.3780700883
        8.8765666865       -0.4014003449
        8.9431347848       -0.4224954792
        9.0085435357       -0.4414545144
        9.0729922251       -0.4583483424
        9.1366400015       -0.4732293300
        9.1996176868       -0.4861371332
        9.2620353696       -0.4971024172
        9.3239875519       -0.5061493650
        9.3855568048       -0.5132974403
        9.4468164786       -0.5185626677
        9.5078327784       -0.5219585855
        9.5686664197       -0.5234969648
        9.6293739890       -0.5231883563
        9.6900091002       -0.5210425041
        9.7506234131       -0.5170686527
        9.8112675529       -0.5112757645
        9.8719919732       -0.5036726632
        9.9328477830       -0.4942681097
        9.9938875788       -0.4830708177
       10.0551662945       -0.4700894138
       10.1167421174       -0.4553323389
       10.1786774949       -0.4388076909
       10.2410402806       -0.4205229999
       10.3039051087       -0.4004849143
       10.3673550768       -0.3786987702
       10.4314838644       -0.3551680006
       10.4963985260       -0.3298932960
       10.5622232560       -0.3028713924
       10.6291045989       -0.2740932903
       10.6972189631       -0.2435415374
       10.7667838054       -0.2111859763
       10.8380750020       -0.1769768426
       10.9114551466       -0.1408330947
       10.9874228575       -0.1026214174
       11.0667059278       -0.0621154812
       11.1504591878       -0.0189074072
       11.2407648543        0.0278206366
       11.3423375815        0.0800890522
       11.4740523358        0.1465624356
       11.5683576978        0.1926671425
       11.6515361594        0.2319327107
       11.7330887530        0.2688894498
       11.8106227553        0.3023912203
       11.8846254610        0.3327008994
       11.9559066946        0.3602073949
       12.0250938045        0.3851949893
       12.0926294075        0.4078529291
       12.1588314928        0.4283088641
       12.2239382636        0.4466520495
       12.2881354933        0.4629470996
       12.3515729671        0.4772421386
       12.4143747278        0.4895738473
       12.4766458052        0.4999707565
       12.5384768537        0.5084554992
       12.5999474764        0.5150464081
       12.6611287198        0.5197586869
       12.7220850117        0.5226052859
       12.7828757183        0.5235975660
       12.8435564349        0.5227458019
       12.9041800986        0.5200595628
       12.9647979718        0.5155479907
       13.0254605410        0.5092199955
       13.0862183677        0.5010843772
       13.1471229127        0.4911498836
       13.2082273718        0.4794252097
       13.2695875435        0.4659189391
       13.3312627577        0.4506394318
       13.3933169297        0.4335946450
       13.4558197587        0.4147918863
       13.5188481891        0.3942374662
       13.5824881935        0.3719362304
       13.6468370678        0.3478909052
       13.7120064880        0.3221011577
       13.7781266077        0.2945622541
       13.8453518755        0.2652630360
       13.9138694391        0.2341828331
       13.9839118134        0.2012865817
       14.0557768314        0.1665168058
       14.1298607598        0.1297798200
       14.2067171753        0.0909204495
       14.2871716943        0.0496714932
       14.3725765198        0.0055391247
       14.4655008746       -0.0425140286
       14.5724281510       -0.0973290881
       14.6947144342       -0.1586215210
       14.7849156320       -0.2023701548
       14.8724292034       -0.2432567914
       14.9539379674       -0.2796860705
       15.0305710074       -0.3122686063
       15.1037053875       -0.3416844894
       15.1742832024       -0.3683751547
       15.2429107178       -0.3926099934
       15.3099952679       -0.4145597510
       15.3758280561       -0.4343388623
       15.4406289023       -0.4520278201
       15.5045708929       -0.4676853609
       15.5677947852       -0.4813555511
       15.6304180039       -0.4930721977
       15.6925406060       -0.5028617592
       15.7542494343       -0.5107453581
       15.8156211430       -0.5167402263
       15.8767244967       -0.5208607712
       15.9376221681       -0.5231193769
       15.9983722003       -0.5235270123
       16.0590292341       -0.5220936931
       16.1196455753       -0.5188288273
       16.1802721458       -0.5137414661
       16.2409593651       -0.5068404747
       16.3017579906       -0.4981346330
       16.3627199415       -0.4876326750
       16.4238991403       -0.4753432693
       16.4853523967       -0.4612749444
       16.5471403752       -0.4454359542
       16.6093286799       -0.4278340815
       16.6719891322       -0.4084763608
       16.7352013163       -0.3873686985
       16.7990545140       -0.3645153500
       16.8636501995       -0.3399181912
       16.9291053833       -0.3135756686
       16.9955571863       -0.2854812715
       17.0631693336       -0.2556212325
       17.1321416874       -0.2239709707
       17.2027248112       -0.1904893988
       17.2752432246       -0.1551094646
       17.3501348238       -0.1177215594
       17.4280227622       -0.0781423893
       17.5098606862       -0.0360505361
       17.5972726324        0.0091675435
       17.6935612761        0.0588829944
       17.8084904457        0.1174707813
       17.9151858146        0.1704935088
       18.0023182720        0.2123895288
       18.0874245857        0.2517697540
       18.1674301877        0.2871503948
       18.2431187746        0.3189576331
       18.3156098896        0.3477400766
       18.3857141740        0.3738737765
       18.4539737746        0.3975968020
       18.5207627145        0.4190638399
       18.5863531086        0.4383802421
       18.6509527944        0.4556208921
       18.7147267742        0.4708408251
       18.7778100665        0.4840815525
       18.8403158651        0.4953750643
       18.9023410312        0.5047465045
       18.9639699559        0.5122160382
       19.0252773917        0.5178001990
       19.0863306326        0.5215128916
       19.1471912241        0.5233661445
       19.2079163664        0.5233706834
       19.2685601045        0.5215363652
       19.3291743635        0.5178725016
       19.3898098824        0.5123880910
       19.4505170839        0.5050919735
       19.5113469093        0.4959929179
       19.5723516417        0.4850996473
       19.6335857582        0.4724208080
       19.6951068237        0.4579648819
       19.7569764827        0.4417400399
       19.8192615815        0.4237539279
       19.8820354938        0.4040133705
       19.9453797433        0.3825239637
       20.0093860387        0.3592895139
       20.0741589278        0.3343112509
       20.1398193707        0.3075866900
       20.2065096593        0.2791079671
       20.2744004678        0.2488593115
       20.3437012707        0.2168131171
       20.4146763907        0.1829236125
       20.4876709811        0.1471162069
       20.5631556305        0.1092685928
       20.6418093893        0.0691745856
       20.7246920807        0.0264673035
       20.8136647847       -0.0195721574
       20.9127320850       -0.0706368217
       21.0356543933       -0.1329805925
       21.1344754271       -0.1816934517
       21.2194417854       -0.2221843417
       21.3026419217       -0.2602949105
       21.3813501068       -0.2947132031
       21.4561699519       -0.3257668527
       21.5280455124       -0.3539141099
       21.5976867540       -0.3794806565
       21.6655824749       -0.4026783970
       21.7320772326       -0.4236477935
       21.7974255642       -0.4424858429
       21.8618239829       -0.4592621457
       21.9254297266       -0.4740282011
       21.9883722445       -0.4868230592
       22.0507605982       -0.4976769507
       22.1126885161       -0.5066137445
       22.1742379708       -0.5136526744
       22.2354818463       -0.5188095980
       22.2964859903       -0.5220979338
       22.3573108442       -0.5235293688
       22.4180127926       -0.5231143971
       22.4786453105       -0.5208627266
       22.5392599733       -0.5167835801
       22.5999073739       -0.5108859092
       22.6606379790       -0.5031785324
       22.7215029633       -0.4936702077
       22.7825550339       -0.4823696458
       22.8438492896       -0.4692854650
       22.9054441325       -0.4544260919
       22.9674022863       -0.4377995992
       23.0297919613       -0.4194134744
       23.0926882282       -0.3992743040
       23.1561747300       -0.3773873330
       23.2203458430       -0.3537558594
       23.2853094994       -0.3283803814
       23.3511910135       -0.3012573640
       23.4181384307       -0.2723774014
       23.4863301816       -0.2417224420
       23.5559865474       -0.2092614166
       23.6273874921       -0.1749431387
       23.7009018551       -0.1386842390
       23.7770383537       -0.1003474109
       23.8565425247       -0.0596989533
       23.9406043446       -0.0163157543
       24.0313900005        0.0306577204
       24.1338984388        0.0833733404
       24.2693948695        0.1516224761
       24.3623252815        0.1969040178
       24.4516083050        0.2388229506
       24.5340744485        0.2758744657
       24.6112504376        0.3088767737
       24.6847330682        0.3386206128
       24.7555597956        0.3655942652
       24.8243781256        0.3900870593
       24.8916150360        0.4122791448
       24.9575723603        0.4322900021
       25.0224763861        0.4502031536
       25.0865044861        0.4660793056
       25.1498004361        0.4799638739
       25.2124838708        0.4918916205
       25.2746565095        0.5018896929
       25.3364064678        0.5099797156
       25.3978113876        0.5161792866
       25.4589407982        0.5205030777
       25.5198579574        0.5229636604
       25.5806213484        0.5235721329
       25.6412859288        0.5223385960
       25.7019042099        0.5192725101
       25.7625272210        0.5143829557
       25.8232053960        0.5076788118
       25.8839894140        0.4991688650
       25.9449310293        0.4888618540
       26.0060839014        0.4767664576
       26.0675044839        0.4628912243
       26.1292529702        0.4472444469
       26.1913943704        0.4298339708
       26.2539997626        0.4106669275
       26.3171477981        0.3897493692
       26.3809265957        0.3670857617
       26.4454361595        0.3426782834
       26.5107916158        0.3165258172
       26.5771276216        0.2886224874
       26.6446046098        0.2589554620
       26.7134179269        0.2275015602
       26.7838116867        0.1942218650
       26.8561008433        0.1590527795
       26.9307082718        0.1218904745
       27.0082318113        0.0825619388
       27.0895779966        0.0407657889
       27.1762690628       -0.0040665289
       27.2713242773       -0.0531768224
       27.3831430358       -0.1103007652
       27.4954156802       -0.1662726989
       27.5835418321       -0.2087811603
       27.6694538512       -0.2486758151
       27.7499778593       -0.2844256092
       27.8259997940       -0.3165115962
       27.8987212549       -0.3455243792
       27.9689964312       -0.3718617126
       28.0373893418       -0.3957723660
       28.1042856175       -0.4174166270
       28.1699641256       -0.4369030602
       28.2346369831       -0.4543085501
       28.2984720953       -0.4696894585
       28.3616065456       -0.4830882148
       28.4241550561       -0.4945374630
       28.4862156438       -0.5040628210
       28.5478735828       -0.5116847983
       28.6092043189       -0.5174201808
       28.6702756763       -0.5212830538
       28.7311496071       -0.5232855736
       28.7918836166       -0.5234385531
       28.8525319631       -0.5217519058
       28.9131467064       -0.5182349775
       28.9737786484       -0.5128967852
       29.0344782062       -0.5057461777
       29.0952962475       -0.4967919279
       29.1562849187       -0.4860427627
       29.2174984861       -0.4735073374
       29.2789942309       -0.4591941519
       29.3408334305       -0.4431114088
       29.4030824683       -0.4252668053
       29.4658141376       -0.4056672457
       29.5291092351       -0.3843184434
       29.5930585553       -0.3612243769
       29.6577655067       -0.3363865154
       29.7233495651       -0.3098027271
       29.7899510787       -0.2814656602
       29.8577380983       -0.2513603062
       29.9269164776       -0.2194602050
       29.9977453435       -0.1857213621
       30.0705620223       -0.1500720587
       30.1458246405       -0.1123948470
       30.2241908236       -0.0724923450
       30.3066793462       -0.0300152951
       30.3950584047        0.0157138299
       30.4930503943        0.0662584115
       30.6126947869        0.1270624010
       30.7140418564        0.1771842823
       30.7998256408        0.2182157144
       30.8837609795        0.2568241471
       30.9629786230        0.2916265380
       31.0381443971        0.3229848103
       31.1102672982        0.3513907080
       31.1800955790        0.3771890852
       31.2481387155        0.4006019927
       31.3147528492        0.4217754849
       31.3801995036        0.4408098764
       31.4446797167        0.4577768766
       31.5083538468        0.4727294028
       31.5713535814        0.4857074930
       31.6337896542        0.4967420870
       31.6957570577        0.5058575668
       31.7573387420        0.5130735411
       31.8186083488        0.5184061399
       31.8796323089        0.5218689769
       31.9404715087        0.5234738762
       32.0011826615        0.5232314245
       32.0618194703        0.5211513892
       32.1224336489        0.5172430282
       32.1830758448        0.5115153114
       32.2437965014        0.5039770657
       32.3046466919        0.4946370536
       32.3656789433        0.4835039910
       32.4269480926        0.4705865087
       32.4885121941        0.4558930562
       32.5504335184        0.4394317484
       32.6127797053        0.4212101401
       32.6756251217        0.4012349171
       32.7390525227        0.3795114731
       32.8031551642        0.3560433224
       32.8680395702        0.3308312693
       32.9338292345        0.3038722202
       33.0006697835        0.2751574228
       33.0687363901        0.2446697889
       33.1382447863        0.2123797150
       33.2094683335        0.1782383112
       33.2827658316        0.1421659453
       33.3586297822        0.1040317115
       33.4377772482        0.0636137290
       33.5213419688        0.0205132435
       33.6113563216       -0.0260652334
       33.7123701290       -0.0780659762
       33.8419641067       -0.1435433399
       33.9371571672       -0.1901715442
       34.0207212549       -0.2297065708
       34.1026327600       -0.2669193679
       34.1804260689       -0.3006274308
       34.2546114609       -0.3311065021
       34.3260267150       -0.3587599402
       34.3953167809       -0.3838808481
       34.4629342828       -0.4066633816
       34.5292030550       -0.4272380063
       34.5943649293       -0.4456956948
       34.6586080817       -0.4621021747
       34.7220839694       -0.4765063262
       34.7849178557       -0.4889453631
       34.8472156864       -0.4994482000
       34.9090688081       -0.5080377476
       34.9705573627       -0.5147325422
       35.0317528129       -0.5195479345
       35.0927199078       -0.5224969802
       35.1535182568       -0.5235911131
       35.2142036326       -0.5228406570
       35.2748290925       -0.5202552119
       35.3354459663       -0.5158439374
       35.3961047611       -0.5096157525
       35.4568560129       -0.5015794610
       35.5177511101       -0.4917438136
       35.5788431341       -0.4801175083
       35.6401877145       -0.4667091379
       35.7018439611       -0.4515270784
       35.7638755052       -0.4345793154
       35.8263516970       -0.4158731989
       35.8893490325       -0.3954151073
       35.9529529340       -0.3732099817
       36.0172600104       -0.3492606836
       36.0823810461       -0.3235670802
       36.1484450401       -0.2961247273
       36.2156049180       -0.2669228863
       36.2840457456       -0.2359415175
       36.3539971058       -0.2031465211
       36.4257525283       -0.1684819456
       36.4997016431       -0.1318566164
       36.5763871101       -0.0931197268
       36.6566148788       -0.0520123352
       36.7416967396       -0.0080582886
       36.8340991167        0.0397332794
       36.9399072616        0.0940182307
       37.0636262389        0.1561183885
       37.1545239768        0.2002813320
       37.2425891697        0.2415050891
       37.3244332143        0.2781613729
       37.4012705349        0.3109065560
       37.4745409559        0.3404527955
       37.5452175919        0.3672569498
       37.6139213396        0.3915955507
       37.6810669011        0.4136428947
       37.7469496074        0.4335153821
       37.8117918286        0.4512947020
       37.8757683551        0.4670403737
       37.9390211463        0.4807970012
       38.0016685132        0.4925987732
       38.0638111774        0.5024724232
       38.1255364874        0.5104392736
       38.1869214955        0.5165167030
       38.2480352713        0.5207192240
       38.3089407211        0.5230592954
       38.3696960638        0.5235479379
       38.4303560666        0.5221952008
       38.4909731169        0.5190105130
       38.5515981784        0.5140029373
       38.6122816762        0.5071813441
       38.6730743341        0.4985545162
       38.7340280036        0.4881311894
       38.7951965016        0.4759200363
       38.8566364923        0.4619295935
       38.9184084476        0.4461681311
       38.9805777268        0.4286434586
       39.0432158513        0.4093626496
       39.1064020292        0.3883316693
       39.1702250637        0.3655548609
       39.2347858398        0.3410342208
       39.3002005989        0.3147683745
       39.3666054579        0.2867510710
       39.4341627994        0.2569689255
       39.5030706401        0.2253979316
       39.5735769143        0.1919978885
       39.6460022374        0.1567031562
       39.7207783401        0.1194065037
       39.7985179765        0.0799288682
       39.8801553608        0.0379571063
       39.9672723033       -0.0071036440
       40.0630526118       -0.0565702311
       40.1766719376       -0.1145418499
       40.2854528304       -0.1686737953
       40.3729944916       -0.2108247972
       40.4584402371       -0.2504235786
       40.5386672191       -0.2859630681
       40.6144994233       -0.3178911724
       40.6870902806       -0.3467738726
       40.7572687564       -0.3729963625
       40.8255863103       -0.3968012703
       40.8924219422       -0.4183456857
       40.9580506799       -0.4377363465
       41.0226822140       -0.4550490023
       41.0864828027       -0.4703392622
       41.1495883623       -0.4836490361
       41.2121127513       -0.4950105979
       41.2741533310       -0.5044492969
       41.3357948747       -0.5119854475
       41.3971124395       -0.5176356932
       41.4581735479       -0.5214140169
       41.5190399231       -0.5233325024
       41.5797688971       -0.5234019131
       41.6404146072       -0.5216321305
       41.7010290362       -0.5180324810
       41.7616629507       -0.5126119710
       41.8223667697       -0.5053794444
       41.8831914007       -0.4963436717
       41.9441890679       -0.4855133778
       42.0054141538       -0.4728972132
       42.0669241014       -0.4585036673
       42.1287803944       -0.4423409246
       42.1910496730       -0.4244166544
       42.2538050564       -0.4047377163
       42.3171277474       -0.3833097586
       42.3811090601       -0.3601366612
       42.4458530355       -0.3352197613
       42.5114799779       -0.3085567311
       42.5781313286       -0.2801399307
       42.6459766107       -0.2499539240
       42.7152237000       -0.2179716120
       42.7861346274       -0.1841480088
       42.8590510885       -0.1484097945
       42.9344381689       -0.1106368097
       43.0129654259       -0.0706267746
       43.0956744519       -0.0280206413
       43.1843848632        0.0178820090
       43.2829741459        0.0687157740
       43.4044073624        0.1303601047
       43.5042921373        0.1796700192
       43.5896180805        0.2204001942
       43.6731434051        0.2587322360
       43.7520781490        0.2933223335
       43.8270525242        0.3245128107
       43.8990389115        0.3527765328
       43.9687641117        0.3784476139
       44.0367260711        0.4017424477
       44.1032745001        0.4228039837
       44.1686670531        0.4417306986
       44.2331022677        0.4585931357
       44.2967387767        0.4734434281
       44.3597070329        0.4863210686
       44.4221168508        0.4972566063
       44.4840625245        0.5062741397
       44.5456264648        0.5133930706
       44.6068818977        0.5186293789
       44.6678949315        0.5219965704
       44.7287262072        0.5235063934
       44.7894322565        0.5231693836
       44.8500666566        0.5209952753
       44.9106810447        0.5169933072
       44.9713260370        0.5111724386
       45.0320520901        0.5035414920
       45.0929103303        0.4941092273
       45.1539533836        0.4828843576
       45.2152362275        0.4698755072
       45.2768171087        0.4550911127
       45.3387585428        0.4385392665
       45.4011284806        0.4202274870
       45.4640016739        0.4001624057
       45.5274613640        0.3783493349
       45.5916014165        0.3547916714
       45.6565291231        0.3294900531
       45.7223689651        0.3024411483
       45.7892678880        0.2736358489
       45.8574028389        0.2430565432
       45.9269920260        0.2106728310
       45.9983123995        0.1764345758
       46.0717282089        0.1402601195
       46.1477407441        0.1020150917
       46.2270824697        0.0614712240
       46.3109174516        0.0182166378
       46.4013498447       -0.0285763422
       46.5031678015       -0.0809620875
       46.6358450605       -0.1478875081
       46.7297775200       -0.1937705155
       46.8199372055       -0.2362188954
       46.9029357155       -0.2736229160
       46.9804293230       -0.3068715919
       47.0541194565       -0.3368094140
       47.1250950727       -0.3639503328
       47.1940274585       -0.3885952955
       47.2613553048       -0.4109300983
       47.3273868677       -0.4310772833
       47.3923523525       -0.4491222136
       47.4564317255       -0.4651267893
       47.5197705770       -0.4791372410
       47.5824898737       -0.4911889076
       47.6446923291       -0.5013093512
       47.7064668258       -0.5095204996
       47.7678915982       -0.5158401712
       47.8290366316       -0.5202831971
       47.8899655363       -0.5228622624
       47.9507370607       -0.5235885435
       48.0114063531       -0.5224721931
       48.0720260513       -0.5195227037
       48.1326472520       -0.5147491738
       48.1933204016       -0.5081604915
       48.2540961384       -0.4997654473
       48.3150261239       -0.4895727825
       48.3761638724       -0.4775911811
       48.4375656287       -0.4638292035
       48.4992913196       -0.4482951631
       48.5614056124       -0.4309969411
       48.6239791528       -0.4119417252
       48.6870900603       -0.3911356493
       48.7508257825       -0.3685832992
       48.8152854846       -0.3442870235
       48.8805832051       -0.3182459555
       48.9468521967       -0.2904545776
       49.0142510129       -0.2609005870
       49.0829724218       -0.2295615973
       49.1532568811       -0.1963999129
       49.2254139299       -0.1613538822
       49.2998579911       -0.1243229119
       49.3771727761       -0.0851397035
       49.4582387653       -0.0435139134
       49.5445228052        0.0010986093
       49.6388943633        0.0498714850
       49.7490825895        0.1062269704
       49.8650870669        0.1641551825
       49.9537780979        0.2070023422
       50.0401209308        0.2471659533
       50.1209116863        0.2831017963
       50.1971008350        0.3153251965
       50.2699361653        0.3444502895
       50.3402951892        0.3708864164
       50.4087532694        0.3948878835
       50.4757019217        0.4166178137
       50.5414233879        0.4361863764
       50.6061318974        0.4536714457
       50.6699967857        0.4691300384
       50.7331561537        0.4826050361
       50.7957254733        0.4941294048
       50.8578033262        0.5037289947
       50.9194754230        0.5114244852
       50.9808175438        0.5172327854
       51.0418977743        0.5211680696
       51.1027782668        0.5232425570
       51.1635166743        0.5234671035
       51.2241673612        0.5218516507
       51.2847824548        0.5184055614
       51.3454127889        0.5131378619
       51.4061087795        0.5060574054
       51.4669212607        0.4971729668
       51.5279023144        0.4864932751
       51.5891061097        0.4740269892
       51.6505897920        0.4597826174
       51.7124144656        0.4437683769
       51.7746462903        0.4259919902
       51.8373577852        0.4064603980
       51.9006294000        0.3851793700
       51.9645514989        0.3621529640
       52.0292269423        0.3373827649
       52.0947745013        0.3108668076
       52.1613336060        0.2825979804
       52.2290710769        0.2525616287
       52.2981910486        0.2207318346
       52.3689501975        0.1870654384
       52.4416821729        0.1514920654
       52.5168392762        0.1138965310
       52.5950691593        0.0740855394
       52.6773716467        0.0317179488
       52.7654725666       -0.0138649317
       52.8629687168       -0.0641688810
       52.9811844890       -0.1243016440
       53.0838821442       -0.1751654219
       53.1700527720       -0.2164484200
       53.2543303699       -0.2552851689
       53.3337816157       -0.2902610201
       53.4091040552       -0.3217552841
       53.4813380519       -0.3502758623
       53.5512499297       -0.3761766535
       53.6193587673       -0.3996844191
       53.6860260208       -0.4209477791
       53.7515163835       -0.4400685553
       53.8160329401       -0.4571194116
       53.8797374469       -0.4721539024
       53.9427626025       -0.4852125116
       54.0052198843       -0.4963264960
       54.0672048499       -0.5055204676
       54.1288008844       -0.5128142031
       54.1900819678       -0.5182239549
       54.2511147925       -0.5217634244
       54.3119604449       -0.5234444974
       54.3726757855       -0.5232778026
       54.4333146202       -0.5212731341
       54.4939287251       -0.5174397658
       54.5545687748       -0.5117866762
       54.6152852055       -0.5043226959
       54.6761290472       -0.4950565894
       54.7371527496       -0.4839970753
       54.7984110409       -0.4711527882
       54.8599618202       -0.4565321889
       54.9218671654       -0.4401434093
       54.9841944667       -0.4219940338
       55.0470177871       -0.4020907905
       55.1104194967       -0.3804391373
       55.1744923772       -0.3570426779
       55.2393423387       -0.3319023491
       55.3050920829       -0.3050152495
       55.3718862017       -0.2763729033
       55.4398984699       -0.2459586332
       55.5093426636       -0.2137434631
       55.5804893260       -0.1796794780
       55.6536929854       -0.1436886280
       55.7294392495       -0.1056427206
       55.8084332004       -0.0653248320
       55.8917851147       -0.0223463429
       55.9814724370        0.0240636388
       56.0818665660        0.0757670689
       56.2092219692        0.1401930386
       56.3054691434        0.1874355144
       56.3894692530        0.2272717231
       56.4717844466        0.2647693285
       56.5498671429        0.2987049716
       56.6242549563        0.3293696500
       56.6958179597        0.3571834100
       56.7652211616        0.3824494076
       56.8329284947        0.4053673456
       56.8992703261        0.4260708403
       56.9644925276        0.4446527776
       57.0287859349        0.4611801196
       57.0923038608        0.4757025848
       57.1551729091        0.4882579747
       57.2175000288        0.4988756264
       57.2793773343        0.5075787583
       57.3408855560        0.5143861303
       57.4020966168        0.5193132561
       57.4630756181        0.5223733074
       57.5238824360        0.5235777989
       57.5845730401        0.5229371089
       57.6452006204        0.5204608715
       57.7058165844        0.5161582664
       57.7664714642        0.5100382227
       57.8272157694        0.5021095488
       57.8881008176        0.4923809974
       57.9491795629        0.4808612712
       58.0105074545        0.4675589722
       58.0721433702        0.4524824933
       58.1341506419        0.4356398486
       58.1965982379        0.4170384355
       58.2595621832        0.3966847016
       58.3231273131        0.3745836884
       58.3873894886        0.3507384057
       58.4524585457        0.3251489325
       58.5184622675        0.2978111247
       58.5855519436        0.2687146948
       58.6539104279        0.2378402686
       58.7237641920        0.2051547654
       58.7954022159        0.1706038384
       58.8692071341        0.1340989490
       58.9457101422        0.0954938641
       59.0256966356        0.0545382534
       59.1104366037        0.0107742056
       59.2022918196       -0.0367418872
       59.3069561465       -0.0904840319
       59.4321927256       -0.1534404322
       59.5238865060       -0.1980710155
       59.6125684699       -0.2396668530
       59.6947790354       -0.2765677795
       59.7718355398       -0.3094851802
       59.8452501834       -0.3391681297
       59.9160309163       -0.3660907787
       59.9848147055       -0.3905374931
       60.0520242290       -0.4126864081
       60.1179592195       -0.4326560209
       60.1828447562       -0.4505292913
       60.2468574316       -0.4663665672
       60.3101404737       -0.4802130199
       60.3728131215       -0.4921032395
       60.4349767921       -0.5020642487
       60.4967193726       -0.5101175819
       60.5581183292       -0.5162807711
       60.6192430533       -0.5205684406
       60.6801566971       -0.5229931279
       60.7409176651       -0.5235659079
       60.8015808573       -0.5222968660
       60.8621987480       -0.5191954529
       60.9228223464       -0.5142707438
       60.9835020831       -0.5075316153
       61.0442886499       -0.4989868526
       61.1052338291       -0.4886451938
       61.1663913301       -0.4765153152
       61.2278176671       -0.4626057622
       61.2895731137       -0.4469248212
       61.3517227864       -0.4294803264
       61.4143378909       -0.4102793933
       61.4774972453       -0.3893280479
       61.5412891709       -0.3666307200
       61.6058139382       -0.3421895321
       61.6711869944       -0.3160032946
       61.7375434337       -0.2880660190
       61.8050442638       -0.2583647109
       61.8738856228       -0.2268759450
       61.9443127502       -0.1935604269
       62.0166422710       -0.1583539575
       62.0912996699       -0.1211517063
       62.1688871686       -0.0817788861
       62.2503194209       -0.0399306671
       62.3371360538        0.0049691787
       62.4324039985        0.0541841820
       62.5447431151        0.1115532071
       62.6559277773        0.1669535633
       62.7438821671        0.2093578269
       62.8296596141        0.2491676402
       62.9100988226        0.2848577493
       62.9860669705        0.3168992028
       63.0587515562        0.3458754052
       63.1289994822        0.3721804864
       63.1973711751        0.3960614611
       63.2642503857        0.4176777096
       63.3299148951        0.4371372794
       63.3945761315        0.4545167334
       63.4584015332        0.4698722205
       63.5215278563        0.4832460240
       63.5840695813        0.4946706840
       63.6461245378        0.5041717422
       63.7077778634        0.5117696537
       63.7691048910        0.5174811640
       63.8301733603        0.5213203293
       63.8910451595        0.5232992857
       63.9517777441        0.5234288320
       64.0124253389        0.5217188727
       64.0730399822        0.5181787482
       64.1336724651        0.5128174724
       64.1943732054        0.5056438927
       64.2551930819        0.4966667814
       64.3161842616        0.4858948649
       64.3774010461        0.4733367967
       64.4389007609        0.4590010738
       64.5007447383        0.4428958945
       64.5629994334        0.4250289483
       64.6257377320        0.4054071266
       64.6890405453        0.3840361245
       64.7529988148        0.3609198920
       64.8177161213        0.3360598633
       64.8833121702        0.3094538526
       64.9499276195        0.2810944260
       65.0177309297        0.2509664563
       65.0869285121        0.2190433082
       65.1577803101        0.1852807081
       65.2306248651        0.1496064925
       65.3059222408        0.1119024589
       65.3843333712        0.0719698689
       65.4668833599        0.0294567504
       65.5553545853       -0.0163207331
       65.6535120068       -0.0669455007
       65.7736441667       -0.1279786621
       65.8745697231       -0.1778674849
       65.9602257747       -0.2188152658
       66.0440472246       -0.2573472538
       66.1231866061       -0.2920911727
       66.1982996119       -0.3234033770
       66.2703849617       -0.3517703138
       66.3401849236       -0.3775338422
       66.4082057751       -0.4009144436
       66.4748018793       -0.4220573136
       66.5402336917       -0.4410622596
       66.6047015602       -0.4580006694
       66.6683653704       -0.4729252448
       66.7313564711       -0.4858758742
       66.7937853423       -0.4968833894
       66.8557467835       -0.5059720943
       66.9173235972       -0.5131615410
       66.9785893106       -0.5184678181
       67.0396102657       -0.5219045097
       67.1004472826       -0.5234834191
       67.1611570246       -0.5232151190
       67.2217931599       -0.5211093675
       67.2824073802       -0.5171754173
       67.3430503253       -0.5114222354
       67.4037724420       -0.5038586473
       67.4646248174       -0.4944934150
       67.5256600057       -0.4833352535
       67.5869328822       -0.4703927916
       67.6485015530       -0.4556744756
       67.7104283558       -0.4391884142
       67.7727810129       -0.4209421530
       67.8356339968       -0.4009423627
       67.8990701944       -0.3791944153
       67.9631830334       -0.3557017910
       68.0280792316       -0.3304652547
       68.0938825678       -0.3034816420
       68.1607390235       -0.2747421051
       68.2288242554       -0.2442294128
       68.2983546603       -0.2119137490
       68.3696045753       -0.1777458854
       68.4429342835       -0.1416456380
       68.5188386549       -0.1034811694
       68.5980389223       -0.0630288702
       68.6816769892       -0.0198864560
       68.7718045003        0.0267501972
       68.8730346228        0.0788546113
       69.0034376270        0.1447119705
       69.0982805567        0.1911344195
       69.1816945616        0.2305649408
       69.2634665760        0.2676785602
       69.3411593241        0.3013069067
       69.4152740153        0.3317206498
       69.4866374755        0.3593174872
       69.5558877888        0.3843870810
       69.6234736870        0.4071216775
       69.6897167357        0.4276506489
       69.7548573569        0.4460643013
       69.8190827989        0.4624279317
       69.8825438725        0.4767901281
       69.9453653687        0.4891878979
       70.0076528804        0.4996500076
       70.0694974863        0.5081992606
       70.1309791189        0.5148541141
       70.1921690823        0.5196298625
       70.2531320011        0.5225395206
       70.3139273899        0.5235944939
       70.3746109531        0.5228050873
       70.4352357016        0.5201808888
       70.4958529388        0.5157310513
       70.5565131638        0.5094644902
       70.6172669218        0.5013900078
       70.6781656304        0.4915163534
       70.7392624118        0.4798522245
       70.8006129593        0.4664062106
       70.8622764710        0.4511866807
       70.9243166870        0.4342016096
       70.9868030870        0.4154583320
       71.0498123421        0.3949631997
       71.1134300840        0.3727211176
       71.1777531869        0.3487348946
       71.2428927750        0.3230043221
       71.3089782926        0.2955248436
       71.3761632410        0.2662855632
       71.4446334832        0.2352661997
       71.5146197205        0.2024322869
       71.5864171293        0.1677272899
       71.6604178707        0.1310590774
       71.7371687617        0.0922751811
       71.8174832296        0.0511135210
       71.9026883954        0.0070912431
       71.9952894607       -0.0408000523
       72.1015202755       -0.0952853426
       72.2247090394       -0.1570853430
       72.3153337010       -0.2010863426
       72.4031833705       -0.2421788363
       72.4848970876       -0.2787472316
       72.5616553668       -0.3114297274
       72.6348733141       -0.3409258546
       72.7055118995       -0.3676864353
       72.7741863180       -0.3919852197
       72.8413084161       -0.4139951285
       72.9071719300       -0.4338318024
       72.9719982437       -0.4515764681
       73.0359614930       -0.4672883440
       73.0992031744       -0.4810118270
       73.1618412564       -0.4927809583
       73.2239762031       -0.5026223653
       73.2856951736       -0.5105572946
       73.3470750638       -0.5166030675
       73.4081848260       -0.5207741561
       73.4690872777       -0.5230829907
       73.5298405690       -0.5235405717
       73.5904994192       -0.5221569357
       73.6511161834       -0.5189415034
       73.7117418098       -0.5139033331
       73.7724267207       -0.5070512932
       73.8332216525       -0.4983941653
       73.8941784827       -0.4879406847
       73.9553510694       -0.4756995220
       74.0167961308       -0.4616792113
       74.0785742120       -0.4458880164
       74.1407507676       -0.4283337364
       74.2033974336       -0.4090234299
       74.2665935608       -0.3879630399
       74.3304281374       -0.3651568754
       74.3950022721       -0.3406068872
       74.4604324974       -0.3143116338
       74.5268553158       -0.2862647642
       74.5944336165       -0.2564527505
       74.6633661337       -0.2248513613
       74.7339017952       -0.1914200624
       74.8063627105       -0.1560926729
       74.8811829468       -0.1187610628
       74.9589792235       -0.0792445562
       75.0406931370       -0.0372268676
       75.1279224902        0.0078939370
       75.2238959059        0.0574551691
       75.3380080171        0.1156586657
       75.4459631947        0.1693525972
       75.5333493293        0.2114071479
       75.6186672017        0.2509239081
       75.6988112412        0.2864040988
       75.7745898351        0.3182872322
       75.8471435449        0.3471326953
       75.9172944212        0.3733222339
       75.9855904259        0.3970967651
       76.0524087006        0.4186124811
       76.1180231888        0.4379756036
       76.1826428875        0.4552615584
       76.2464335898        0.4705257414
       76.3095308728        0.4838099131
       76.3720483522        0.4951462429
       76.4340832036        0.5045600035
       76.4957200563        0.5120714533
       76.5570338542        0.5176971953
       76.6180920346        0.5214511830
       76.6789562542        0.5233454799
       76.7396837974        0.5233908353
       76.8003287665        0.5215971215
       76.8609431231        0.5179736594
       76.9215776226        0.5125294525
       76.9822826862        0.5052733432
       77.0431092330        0.4962141015
       77.1041095092        0.4853604516
       77.1653379335        0.4727210421
       77.2268519919        0.4583043602
       77.2887132271        0.4421185855
       77.3509883575        0.4241713781
       77.4137505976        0.4044695844
       77.4770812667        0.3830188339
       77.5410718217        0.3598229806
       77.6058264967        0.3348833200
       77.6714658353        0.3081974675
       77.7381315935        0.2797577004
       77.8059937196        0.2495484590
       77.8752606792        0.2175424577
       77.9461953513        0.1836944196
       78.0191407086        0.1479305558
       78.0945638654        0.1101299150
       78.1731378710        0.0700887824
       78.2559110205        0.0274452312
       78.3447181446       -0.0185079382
       78.4434831494       -0.0694266574
       78.5654575968       -0.1313252410
       78.6649413231       -0.1804107415
       78.7501343628       -0.2210527671
       78.8335397936       -0.2593034040
       78.9123912274       -0.2938305252
       78.9873089065       -0.3249709539
       79.0592546947       -0.3531921303
       79.1289491642       -0.3788250495
       79.1968868905       -0.4020844513
       79.2634156906       -0.4231123708
       79.3287920730       -0.4420067410
       79.3932138306       -0.4588377589
       79.4568390900       -0.4736573264
       79.5197979351       -0.4865047739
       79.5821999037       -0.4974105336
       79.6441390836       -0.5063986199
       79.7056977231       -0.5134883729
       79.7669489243       -0.5186957280
       79.8279587006       -0.5220341589
       79.8887876200       -0.5235153916
       79.9494921604       -0.5231499465
       80.0101258611       -0.5209475482
       80.0707403364       -0.5169174294
       80.1313861946       -0.5110685467
       80.1921138956       -0.5034097210
       80.2529745825       -0.4939497117
       80.3140209101       -0.4826972311
       80.3753079033       -0.4696609007
       80.4368938618       -0.4548491540
       80.4988413778       -0.4382700763
       80.5612184972       -0.4199311744
       80.6241000858       -0.3998390642
       80.6875695345       -0.3779990324
       80.7517208874       -0.3544144423
       80.8166616706       -0.3290858811
       80.8825166800       -0.3020099382
       80.9494332507       -0.2731774015
       81.0175888692       -0.2425704994
       81.0872024988       -0.2101585880
       81.1585521784       -0.1758911523
       81.2320038273       -0.1396859116
       81.3080614188       -0.1014074359
       81.3874621475       -0.0608254920
       81.4713794229       -0.0175241532
       81.5619397329        0.0293342827
       81.6640065216        0.0818389990
       81.7976809933        0.1492327231
       81.8912445080        0.1948952782
       81.9810826975        0.2371504479
       82.0638874555        0.2744269267
       82.1412663236        0.3075871237
       82.2148818860        0.3374555842
       82.2858041461        0.3645368179
       82.3546957223        0.3891275381
       82.4219910542        0.4114114929
       82.4879960822        0.4315101206
       82.5529396044        0.4495081229
       82.6170006568        0.4654669715
       82.6803241797        0.4794326048
       82.7430306617        0.4914401546
       82.8052224625        0.5015170350
       82.8669881882        0.5096850646
       82.9284058588        0.5159619827
       82.9895452989        0.5203625637
       83.0504699929        0.5228994519
       83.1112385941        0.5235837957
       83.1719061826        0.5224257292
       83.2325253505        0.5194347332
       83.2931471696        0.5146198998
       83.3538220816        0.5079901139
       83.4146007410        0.4995541642
       83.4755348382        0.4893207916
       83.5366779419        0.4772986778
       83.5980863708        0.4634963790
       83.6598201423        0.4479222021
       83.7219440474        0.4305840154
       83.7845288851        0.4114889866
       83.8476529632        0.3906432208
       83.9114039668        0.3680512616
       83.9758813574        0.3437153978
       84.0411995662        0.3176346712
       84.1074923340        0.2898034412
       84.1749188816        0.2602092170
       84.2436728871        0.2288293328
       84.3139961055        0.1956256595
       84.3861999828        0.1605358615
       84.4607019185        0.1234582076
       84.5380905897        0.0842233942
       84.6192556334        0.0425372001
       84.7056832634       -0.0021530522
       84.8002949857       -0.0510446563
       84.9110489312       -0.1076668920
       85.0257215524       -0.1648969580
       85.1142101878       -0.2076233427
       85.2004001822       -0.2476919622
       85.2810969917       -0.2835625728
       85.3572275549       -0.3157380194
       85.4300231105       -0.3448240124
       85.5003528938       -0.3712257833
       85.5687882635       -0.3951956853
       85.6357186706       -0.4168958466
       85.7014251775       -0.4364358754
       85.7661212726       -0.4538932993
       85.8299757930       -0.4693249065
       85.8931264841       -0.4827734207
       85.9556885570       -0.4942716959
       86.0177603957       -0.5038455010
       86.0794275603       -0.5115154564
       86.1407657129       -0.5172984281
       86.2018428488       -0.5212085595
       86.2627210503       -0.5232580478
       86.3234579188       -0.5234577338
       86.3841077816       -0.5218175494
       86.4447227418       -0.5183468515
       86.5053536227       -0.5130546632
       86.5660508409       -0.5059498359
       86.6268652428       -0.4970411439
       86.6878489298       -0.4863373158
       86.7490561080       -0.4738470085
       86.8105439674       -0.4595787281
       86.8723736730       -0.4435406865
       86.9346114608       -0.4257405978
       86.9973299452       -0.4061853902
       87.0606096960       -0.3848808139
       87.1245412346       -0.3618308963
       87.1892276047       -0.3370371843
       87.2547878160       -0.3104976575
       87.3213616217       -0.2822051190
       87.3891162659       -0.2521447929
       87.4582564780       -0.2202905738
       87.5290397804       -0.1865990142
       87.6018010924       -0.1509992758
       87.6769947256       -0.1133753934
       87.7552717800       -0.0735326582
       87.8376385965       -0.0311271397
       87.9258355390        0.0145063127
       88.0235023123        0.0648931497
       88.1422041632        0.1252543340
       88.2444213421        0.1758550277
       88.3304581993        0.2170513644
       88.4146179203        0.2558097447
       88.4939889853        0.2907262628
       88.5692577971        0.3221741287
       88.6414538343        0.3506556387
       88.7113371740        0.3765215664
       88.7794235976        0.3999970552
       88.8460727367        0.4212298443
       88.9115481940        0.4403212378
       88.9760523581        0.4573435743
       89.0397465081        0.4723501906
       89.1027629957        0.4853814179
       89.1652130459        0.4964684049
       89.2271920206        0.5056356847
       89.2887831579        0.5129029768
       89.3500603229        0.5182864920
       89.4110901186        0.5217999017
       89.4719335633        0.5234550706
       89.5326474670        0.5232626129
       89.5932856006        0.5212323137
       89.6538997192        0.5173734414
       89.7145404872        0.5116949714
       89.7752583435        0.5042057333
       89.8361043316        0.4949144906
       89.8971309298        0.4838299609
       89.9583928989        0.4709607784
       90.0199481929        0.4563153994
       90.0818589564        0.4399019498
       90.1441926639        0.4217280042
       90.2070234785        0.4018002771
       90.2704339047        0.3801242035
       90.3345168830        0.3567033573
       90.3993785267        0.3315386325
       90.4651418129        0.3046270602
       90.5319516837        0.2759600707
       90.5999823821        0.2455208501
       90.6694483532        0.2132802070
       90.7406210855        0.1791899006
       90.8138565565        0.1431713441
       90.8896427040        0.1050954281
       90.9686886416        0.0647435625
       91.0521125471        0.0217237165
       91.1419103016       -0.0247432542
       91.2425127775       -0.0765467346
       91.3706080671       -0.1413202373
       91.4664918716       -0.1883518451
       91.5503443499       -0.2280865029
       91.6325231327       -0.2654882556
       91.7105083135       -0.2993475323
       91.7848280890       -0.3299500805
       91.8563415231       -0.3577102578
       91.9257068103       -0.3829278059
       91.9933840586       -0.4058005514
       92.0597014319       -0.4264610478
       92.1249034422       -0.4450015371
       92.1891800312       -0.4614885660
       92.2526838868       -0.4759715714
       92.3155411666       -0.4884881582
       92.3778584835       -0.4990675216
       92.4397276922       -0.5077327764
       92.5012293257       -0.5145026076
       92.5624351531       -0.5193924742
       92.6234101583       -0.5224155090
       92.6842141282       -0.5235831997
       92.7449029656       -0.5229059061
       92.8055298164       -0.5203932508
       92.8661460618       -0.5160544068
       92.9268022257       -0.5098982997
       92.9875488245       -0.5019337364
       93.0484371995       -0.4921694692
       93.1095203450       -0.4806141994
       93.1708537742       -0.4672765254
       93.2324964421       -0.4521648342
       93.2945117750       -0.4352871319
       93.3569688722       -0.4166507989
       93.4199439151       -0.3962622599
       93.4835219299       -0.3741265245
       93.5477990341       -0.3502465503
       93.6128853689       -0.3246223498
       93.6789091227       -0.2972496788
       93.7460221310       -0.2681180991
       93.8144079767       -0.2372080180
       93.8842941620       -0.2044860176
       93.9559711807       -0.1698972169
       94.0298239685       -0.1333522119
       94.1063874965       -0.0947032659
       94.1864539357       -0.0536972113
       94.2713069923       -0.0098701554
       94.3633425930        0.0377369237
       94.4683807974        0.0916566391
       94.5930974246        0.1543208837
       94.6845219273        0.1987941097
       94.7729975819        0.2402661376
       94.8550867372        0.2770864856
       94.9320711937        0.3099475719
       95.0054386580        0.3395859885
       95.0761854239        0.3664701042
       95.1449431231        0.3908816864
       95.2121318104        0.4129976081
       95.2780497725        0.4329356779
       95.3429212045        0.4507784408
       95.4069221089        0.4665859736
       95.4701953007        0.4804032625
       95.5328597138        0.4922647663
       95.5950165414        0.5021974138
       95.6567534956        0.5102226704
       95.7181479063        0.5163580178
       95.7792690600        0.5206180437
       95.8401800285        0.5230152601
       95.9009391556        0.5235607240
       95.9616012982        0.5222645092
       96.0222189021        0.5191360592
       96.0828429616        0.5141844451
       96.1435239047        0.5074185416
       96.2043124357        0.4988471328
       96.2652603563        0.4884789564
       96.3264214114        0.4763226876
       96.3878521621        0.4623868691
       96.4496129497        0.4466797815
       96.5117689674        0.4292092513
       96.5743915244        0.4099823801
       96.6375595608        0.3890051756
       96.7013615609        0.3662820374
       96.7658979882        0.3418150490
       96.8312845478        0.3156029608
       96.8976566659        0.2876396990
       96.9651757924        0.2579121442
       97.0340386722        0.2263966835
       97.1044914198        0.1930537279
       97.1768519401        0.1578186173
       97.2515477278        0.1205857497
       97.3291844001        0.0811789600
       97.4106828982        0.0392907471
       97.4975963439       -0.0056610738
       97.5930289106       -0.0549570164
       97.7057751610       -0.1125177484
       97.8161533206       -0.1674935270
       97.9039750497       -0.2098168443
       97.9896471450       -0.2495599344
       98.0700194317       -0.2852027475
       98.1459449125       -0.3172087543
       98.2186001574       -0.3461557756
       98.2888263740       -0.3724351057
       98.3571811529       -0.3962923730
       98.4240467540       -0.4178862391
       98.4897000942       -0.4373243403
       98.5543520561       -0.4546829845
       98.6181697083       -0.4700181517
       98.6812895482       -0.4833720094
       98.7438258582       -0.4947770135
       98.8058763263       -0.5042586466
       98.8675259717       -0.5118373188
       98.9288500413       -0.5175297440
       98.9899162088       -0.5213499556
       99.0507863090       -0.5233100733
       99.1115177603       -0.5234208849
       99.1721647598       -0.5216922877
       99.2327793283       -0.5181336175
       99.2934122495       -0.5127538861
       99.3541139401       -0.5055619398
       99.4149352901       -0.4965665501
       99.4759284830       -0.4857764432
       99.5371478419       -0.4732002721
       99.5986507343       -0.4588465306
       99.6604985388       -0.4427234127
       99.7227577645       -0.4248386026
       99.7855013740       -0.4051989807
       99.8488103643       -0.3838102289
       99.9127757934       -0.3606762756
       99.9775013865       -0.3357985242
      100.0000000000       -0.3268226295
