        0.0000000000        1.9800000000
        0.9527583951        3.1123175178
        2.0640852547        4.4336159072
        2.7312079894        5.2236175095
        3.2169008815        5.7963321713
        3.6017061213        6.2479992528
        3.9223214427        6.6224675165
        4.1985053015        6.9433451937
        4.4421125906        7.2247967107
        4.6608156450        7.4759888320
        4.8598656574        7.7031953201
        5.0430149024        7.9108988683
        5.2130378942        8.1024138110
        5.3720440814        8.2802597502
        5.5216747544        8.4463968317
        5.6632320795        8.6023799235
        5.7977665312        8.7494630842
        5.9261378461        8.8886723950
        6.0490585732        9.0208579966
        6.1671258628        9.1467320726
        6.2808451105        9.2668971019
        6.3906478394        9.3818672252
        6.4969054262        9.4920846476
        6.5999397799        9.5979323986
        6.7000317500        9.6997443797
        6.7974278198        9.7978133640
        6.8923454883        9.8923974273
        6.9849776371        9.9837251680
        7.0754961032       10.0719999784
        7.1640546259       10.1574035670
        7.2507912936       10.2400988850
        7.3358305896       10.3202325732
        7.4192851128       10.3979370209
        7.5012570338       10.4733321085
        7.5818393329       10.5465266907
        7.6611168583       10.6176198648
        7.7391672352       10.6867020610
        7.8160616496       10.7538559836
        7.8918655270       10.8191574273
        7.9666391226       10.8826759880
        8.0404380357       10.9444756842
        8.1133136612       11.0046155023
        8.1853135842       11.0631498768
        8.2564819295       11.1201291149
        8.3268596683       11.1755997728
        8.3964848917       11.2296049914
        8.4653930516       11.2821847951
        8.5336171763       11.3333763604
        8.6011880622       11.3832142571
        8.6681344449       11.4317306658
        8.7344831527       11.4789555754
        8.8002592440       11.5249169620
        8.8654861310       11.5696409524
        8.9301856909       11.6131519740
        8.9943783660       11.6554728918
        9.0580832551       11.6966251360
        9.1213181953       11.7366288192
        9.1840998370       11.7755028458
        9.2464437125       11.8132650142
        9.3083642980       11.8499321126
        9.3698750718       11.8855200084
        9.4309885670       11.9200437336
        9.4917164214       11.9535175648
        9.5520694232       11.9859550991
        9.6120575554       12.0173693262
        9.6716900361       12.0477726969
        9.7309753589       12.0771771885
        9.7899213301       12.1055943657
        9.8485351059       12.1330354400
        9.9068232273       12.1595113243
        9.9647916557       12.1850326850
       10.0224458063       12.2096099910
       10.0797905824       12.2332535593
       10.1368304077       12.2559735967
       10.1935692591       12.2777802389
       10.2500106988       12.2986835861
       10.3061579056       12.3186937343
       10.3620137058       12.3378208046
       10.4175806032       12.3560749678
       10.4728608085       12.3734664668
       10.5278562681       12.3900056343
       10.5825686910       12.4057029093
       10.6369995760       12.4205688484
       10.6911502368       12.4346141362
       10.7450218260       12.4478495916
       10.7986153586       12.4602861721
       10.8519317336       12.4719349757
       10.9049717541       12.4828072407
       10.9577361468       12.4929143433
       11.0102255799       12.5022677934
       11.0624406793       12.5108792291
       11.1143820440       12.5187604098
       11.1660502600       12.5259232073
       11.2174459131       12.5323795971
       11.2685696003       12.5381416475
       11.3194219404       12.5432215092
       11.3700035829       12.5476314030
       11.4203152165       12.5513836084
       11.4703575761       12.5544904508
       11.5201314491       12.5569642890
       11.5696376811       12.5588175026
       11.6188771797       12.5600624789
       11.6678509189       12.5607116006
       11.7165599417       12.5607772330
       11.7650053625       12.5602717121
       11.8131883691       12.5592073319
       11.8611102233       12.5575963334
       11.9087722618       12.5554508928
       11.9561758962       12.5527831109
       12.0033226128       12.5496050023
       12.0502139716       12.5459284857
       12.0968516056       12.5417653746
       12.1432372190       12.5371273676
       12.1893725856       12.5320260407
       12.2352595471       12.5264728391
       12.2809000107       12.5204790698
       12.3262959468       12.5140558948
       12.3714493866       12.5072143248
       12.4163624193       12.4999652134
       12.4610371895       12.4923192520
       12.5054758943       12.4842869648
       12.5496807804       12.4758787049
       12.5936541411       12.4671046503
       12.6373983135       12.4579748008
       12.6809156753       12.4484989748
       12.7242086420       12.4386868077
       12.7672796636       12.4285477491
       12.8101312219       12.4180910619
       12.8527658279       12.4073258205
       12.8951860179       12.3962609108
       12.9373943519       12.3849050292
       12.9793934098       12.3732666824
       13.0211857894       12.3613541882
       13.0627741034       12.3491756751
       13.1041609769       12.3367390841
       13.1453490450       12.3240521688
       13.1863409503       12.3111224970
       13.2271393406       12.2979574524
       13.2677468667       12.2845642359
       13.3081661804       12.2709498676
       13.3483999320       12.2571211889
       13.3884507687       12.2430848645
       13.4283213327       12.2288473850
       13.4680142594       12.2144150689
       13.5075321753       12.1997940656
       13.5468776971       12.1849903580
       13.5860534294       12.1700097650
       13.6250619639       12.1548579445
       13.6639058776       12.1395403962
       13.7025877317       12.1240624648
       13.7411100702       12.1084293426
       13.7794754192       12.0926460729
       13.8176862852       12.0767175528
       13.8557451548       12.0606485364
       13.8936544930       12.0444436380
       13.9314167433       12.0281073349
       13.9690343261       12.0116439708
       14.0065096383       11.9950577589
       14.0438450526       11.9783527846
       14.0810429171       11.9615330091
       14.1181055543       11.9446022722
       14.1550352611       11.9275642950
       14.1918343080       11.9104226836
       14.2285049389       11.8931809315
       14.2650493707       11.8758424229
       14.3014697929       11.8584104352
       14.3377683675       11.8408881421
       14.3739472286       11.8232786166
       14.4100084825       11.8055848334
       14.4459542073       11.7878096717
       14.4817864528       11.7699559180
       14.5175072405       11.7520262687
       14.5531185636       11.7340233327
       14.5886223870       11.7159496338
       14.6240206470       11.6978076132
       14.6593152518       11.6795996320
       14.6945080812       11.6613279736
       14.7296009867       11.6429948458
       14.7645957919       11.6246023834
       14.7994942924       11.6061526499
       14.8342982559       11.5876476405
       14.8690094223       11.5690892831
       14.9036295043       11.5504794414
       14.9381601871       11.5318199161
       14.9726031288       11.5131124475
       15.0069599605       11.4943587169
       15.0412322869       11.4755603487
       15.0754216860       11.4567189121
       15.1095297098       11.4378359231
       15.1435578842       11.4189128456
       15.1775077096       11.3999510940
       15.2113806608       11.3809520338
       15.2451781877       11.3619169839
       15.2789017152       11.3428472179
       15.3125526438       11.3237439654
       15.3461323496       11.3046084136
       15.3796421847       11.2854417088
       15.4130834778       11.2662449574
       15.4464575340       11.2470192277
       15.4797656355       11.2277655507
       15.5130090417       11.2084849217
       15.5461889895       11.1891783012
       15.5793066939       11.1698466162
       15.6123633478       11.1504907615
       15.6453601229       11.1311116005
       15.6782981695       11.1117099663
       15.7111786171       11.0922866628
       15.7440025747       11.0728424657
       15.7767711310       11.0533781236
       15.8094853547       11.0338943586
       15.8421462951       11.0143918673
       15.8747549818       10.9948713218
       15.9073124257       10.9753333706
       15.9398196189       10.9557786391
       15.9722775350       10.9362077306
       16.0046871296       10.9166212273
       16.0370493404       10.8970196903
       16.0693650875       10.8774036612
       16.1016352740       10.8577736622
       16.1338607859       10.8381301970
       16.1660424924       10.8184737513
       16.1981812466       10.7988047936
       16.2302778854       10.7791237756
       16.2623332297       10.7594311331
       16.2943480851       10.7397272862
       16.3263232418       10.7200126399
       16.3582594749       10.7002875850
       16.3901575449       10.6805524982
       16.4220181977       10.6608077426
       16.4538421650       10.6410536684
       16.4856301646       10.6212906133
       16.5173829005       10.6015189029
       16.5491010630       10.5817388511
       16.5807853296       10.5619507603
       16.6124363644       10.5421549225
       16.6440548189       10.5223516189
       16.6756413320       10.5025411205
       16.7071965303       10.4827236888
       16.7387210285       10.4628995758
       16.7702154291       10.4430690244
       16.8016803232       10.4232322688
       16.8331162903       10.4033895346
       16.8645238989       10.3835410395
       16.8959037063       10.3636869931
       16.9272562591       10.3438275977
       16.9585820932       10.3239630480
       16.9898817342       10.3040935320
       17.0211556973       10.2842192306
       17.0524044880       10.2643403182
       17.0836286016       10.2444569632
       17.1148285241       10.2245693274
       17.1460047318       10.2046775673
       17.1771576917       10.1847818332
       17.2082878618       10.1648822704
       17.2393956912       10.1449790186
       17.2704816201       10.1250722125
       17.3015460802       10.1051619822
       17.3325894947       10.0852484527
       17.3636122786       10.0653317447
       17.3946148386       10.0454119744
       17.4255975737       10.0254892538
       17.4565608749       10.0055636909
       17.4875051257        9.9856353896
       17.5184307018        9.9657044503
       17.5493379719        9.9457709694
       17.5802272971        9.9258350402
       17.6110990318        9.9058967522
       17.6419535231        9.8859561919
       17.6727911115        9.8660134426
       17.7036121307        9.8460685845
       17.7344169079        9.8261216950
       17.7652057640        9.8061728484
       17.7959790132        9.7862221167
       17.8267369640        9.7662695690
       17.8574799185        9.7463152718
       17.8882081731        9.7263592895
       17.9189220181        9.7064016839
       17.9496217382        9.6864425146
       17.9803076126        9.6664818389
       18.0109799150        9.6465197124
       18.0416389135        9.6265561882
       18.0722848711        9.6065913177
       18.1029180456        9.5866251504
       18.1335386896        9.5666577339
       18.1641470510        9.5466891143
       18.1947433724        9.5267193357
       18.2253278921        9.5067484408
       18.2559008432        9.4867764707
       18.2864624546        9.4668034648
       18.3170129505        9.4468294614
       18.3475525508        9.4268544971
       18.3780814708        9.4068786074
       18.4085999218        9.3869018263
       18.4391081109        9.3669241866
       18.4696062411        9.3469457199
       18.5000945113        9.3269664568
       18.5305731165        9.3069864265
       18.5610422480        9.2870056574
       18.5915020931        9.2670241766
       18.6219528356        9.2470420105
       18.6523946555        9.2270591843
       18.6828277294        9.2070757223
       18.7132522303        9.1870916479
       18.7436683278        9.1671069839
       18.7740761882        9.1471217518
       18.8044759745        9.1271359728
       18.8348678464        9.1071496669
       18.8652519606        9.0871628537
       18.8956284706        9.0671755518
       18.9259975267        9.0471877793
       18.9563592767        9.0271995536
       18.9867138649        9.0072108914
       19.0170614332        8.9872218089
       19.0474021205        8.9672323215
       19.0777360630        8.9472424443
       19.1080633941        8.9272521916
       19.1383842447        8.9072615774
       19.1686987431        8.8872706149
       19.1990070150        8.8672793172
       19.2293091836        8.8472876965
       19.2596053697        8.8272957648
       19.2898956918        8.8073035336
       19.3201802659        8.7873110140
       19.3504592057        8.7673182167
       19.3807326229        8.7473251520
       19.4110006267        8.7273318297
       19.4412633243        8.7073382594
       19.4715208207        8.6873444502
       19.5017732189        8.6673504111
       19.5320206198        8.6473561505
       19.5622631223        8.6273616766
       19.5925008234        8.6073669973
       19.6227338181        8.5873721203
       19.6529621997        8.5673770528
       19.6831860593        8.5473818020
       19.7134054867        8.5273863746
       19.7436205694        8.5073907772
       19.7738313935        8.4873950160
       19.8040380433        8.4673990972
       19.8342406015        8.4474030265
       19.8644391490        8.4274068097
       19.8946337653        8.4074104521
       19.9248245282        8.3874139590
       19.9550115139        8.3674173354
       19.9851947973        8.3474205861
       20.0153744516        8.3274237158
       20.0455505488        8.3074267290
       20.0757231592        8.2874296300
       20.1058923518        8.2674324229
       20.1360581943        8.2474351119
       20.1662207531        8.2274377007
       20.1963800932        8.2074401931
       20.2265362783        8.1874425927
       20.2566893708        8.1674449028
       20.2868394320        8.1474471269
       20.3169865219        8.1274492681
       20.3471306993        8.1074513295
       20.3772720220        8.0874533141
       20.4074105464        8.0674552247
       20.4375463278        8.0474570640
       20.4676794208        8.0274588348
       20.4978098784        8.0074605396
       20.5279377528        7.9874621807
       20.5580630952        7.9674637607
       20.5881859558        7.9474652818
       20.6183063836        7.9274667461
       20.6484244268        7.9074681557
       20.6785401327        7.8874695128
       20.7086535475        7.8674708192
       20.7387647166        7.8474720769
       20.7688736844        7.8274732877
       20.7989804946        7.8074744532
       20.8290851899        7.7874755753
       20.8591878120        7.7674766554
       20.8892884022        7.7474776953
       20.9193870006        7.7274786963
       20.9494836466        7.7074796599
       20.9795783790        7.6874805875
       21.0096712355        7.6674814805
       21.0397622534        7.6474823401
       21.0698514691        7.6274831676
       21.0999389182        7.6074839642
       21.1300246357        7.5874847311
       21.1601086559        7.5674854692
       21.1901910124        7.5474861798
       21.2202717382        7.5274868638
       21.2503508655        7.5074875223
       21.2804284260        7.4874881561
       21.3105044507        7.4674887663
       21.3405789701        7.4474893536
       21.3706520138        7.4274899190
       21.4007236113        7.4074904632
       21.4307937910        7.3874909871
       21.4608625811        7.3674914914
       21.4909300090        7.3474919768
       21.5209961018        7.3274924440
       21.5510608859        7.3074928938
       21.5811243872        7.2874933267
       21.6111866311        7.2674937435
       21.6412476425        7.2474941446
       21.6713074458        7.2274945308
       21.7013660649        7.2074949024
       21.7314235233        7.1874952602
       21.7614798439        7.1674956046
       21.7915350494        7.1474959361
       21.8215891616        7.1274962551
       21.8516422024        7.1074965623
       21.8816941930        7.0874968579
       21.9117451540        7.0674971424
       21.9417951060        7.0474974163
       21.9718440688        7.0274976799
       22.0018920622        7.0074979337
       22.0319391052        6.9874981779
       22.0619852167        6.9674984130
       22.0920304151        6.9474986393
       22.1220747185        6.9274988571
       22.1521181447        6.9074990667
       22.1821607110        6.8874992685
       22.2122024344        6.8674994627
       22.2422433316        6.8474996497
       22.2722834191        6.8274998296
       22.3023227127        6.8075000028
       22.3323612283        6.7875001695
       22.3623989812        6.7675003299
       22.3924359866        6.7475004843
       22.4224722592        6.7275006330
       22.4525078135        6.7075007760
       22.4825426639        6.6875009137
       22.5125768242        6.6675010462
       22.5426103080        6.6475011738
       22.5726431288        6.6275012966
       22.6026752998        6.6075014147
       22.6327068337        6.5875015284
       22.6627377431        6.5675016379
       22.6927680406        6.5475017432
       22.7227977381        6.5275018446
       22.7528268476        6.5075019422
       22.7828553806        6.4875020361
       22.8128833487        6.4675021265
       22.8429107630        6.4475022135
       22.8729376344        6.4275022973
       22.9029639737        6.4075023779
       22.9329897915        6.3875024554
       22.9630150981        6.3675025301
       22.9930399035        6.3475026019
       23.0230642178        6.3275026711
       23.0530880506        6.3075027376
       23.0831114115        6.2875028017
       23.1131343099        6.2675028633
       23.1431567548        6.2475029226
       23.1731787553        6.2275029797
       23.2032003201        6.2075030347
       23.2332214579        6.1875030876
       23.2632421772        6.1675031385
       23.2932624862        6.1475031875
       23.3232823930        6.1275032346
       23.3533019057        6.1075032800
       23.3833210320        6.0875033237
       23.4133397795        6.0675033657
       23.4433581559        6.0475034061
       23.4733761683        6.0275034450
       23.5033938241        6.0075034825
       23.5334111303        5.9875035186
       23.5634280938        5.9675035532
       23.5934447214        5.9475035866
       23.6234610198        5.9275036188
       23.6534769954        5.9075036497
       23.6834926547        5.8875036795
       23.7135080039        5.8675037081
       23.7435230492        5.8475037357
       23.7735377965        5.8275037622
       23.8035522519        5.8075037877
       23.8335664210        5.7875038123
       23.8635803095        5.7675038359
       23.8935939231        5.7475038587
       23.9236072670        5.7275038806
       23.9536203468        5.7075039016
       23.9836331675        5.6875039219
       24.0136457344        5.6675039414
       24.0436580524        5.6475039602
       24.0736701265        5.6275039783
       24.1036819616        5.6075039957
       24.1336935623        5.5875040124
       24.1637049332        5.5675040285
       24.1937160790        5.5475040440
       24.2237270042        5.5275040589
       24.2537377129        5.5075040733
       24.2837482097        5.4875040871
       24.3137584986        5.4675041004
       24.3437685837        5.4475041132
       24.3737784692        5.4275041255
       24.4037881589        5.4075041373
       24.4337976567        5.3875041487
       24.4638069665        5.3675041597
       24.4938160919        5.3475041703
       24.5238250366        5.3275041804
       24.5538338042        5.3075041902
       24.5838423982        5.2875041996
       24.6138508221        5.2675042087
       24.6438590791        5.2475042174
       24.6738671726        5.2275042257
       24.7038751059        5.2075042338
       24.7338828821        5.1875042416
       24.7638905043        5.1675042490
       24.7938979755        5.1475042562
       24.8239052988        5.1275042631
       24.8539124772        5.1075042698
       24.8839195133        5.0875042762
       24.9139264102        5.0675042824
       24.9439331705        5.0475042883
       24.9739397969        5.0275042940
       25.0039462921        5.0075042995
       25.0339526587        4.9875043048
       25.0639588992        4.9675043099
       25.0939650161        4.9475043148
       25.1239710120        4.9275043195
       25.1539768891        4.9075043240
       25.1839826498        4.8875043284
       25.2139882965        4.8675043326
       25.2439938313        4.8475043366
       25.2739992566        4.8275043405
       25.3040045744        4.8075043442
       25.3340097869        4.7875043478
       25.3640148962        4.7675043513
       25.3940199044        4.7475043546
       25.4240248133        4.7275043578
       25.4540296251        4.7075043609
       25.4840343416        4.6875043639
       25.5140389647        4.6675043667
       25.5440434962        4.6475043695
       25.5740479381        4.6275043721
       25.6040522919        4.6075043746
       25.6340565596        4.5875043771
       25.6640607427        4.5675043794
       25.6940648431        4.5475043817
       25.7240688622        4.5275043839
       25.7540728017        4.5075043860
       25.7840766633        4.4875043880
       25.8140804483        4.4675043900
       25.8440841584        4.4475043918
       25.8740877951        4.4275043936
       25.9040913597        4.4075043953
       25.9340948538        4.3875043970
       25.9640982787        4.3675043986
       25.9941016357        4.3475044002
       26.0241049263        4.3275044016
       26.0541081517        4.3075044031
       26.0841113133        4.2875044044
       26.1141144122        4.2675044058
       26.1441174498        4.2475044070
       26.1741204273        4.2275044083
       26.2041233458        4.2075044094
       26.2341262065        4.1875044106
       26.2641290105        4.1675044117
       26.2941317590        4.1475044127
       26.3241344531        4.1275044137
       26.3541370939        4.1075044147
       26.3841396823        4.0875044156
       26.4141422196        4.0675044165
       26.4441447065        4.0475044174
       26.4741471442        4.0275044182
       26.5041495337        4.0075044190
       26.5341518758        3.9875044198
       26.5641541716        3.9675044205
       26.5941564219        3.9475044212
       26.6241586276        3.9275044219
       26.6541607897        3.9075044226
       26.6841629090        3.8875044232
       26.7141649863        3.8675044238
       26.7441670224        3.8475044244
       26.7741690183        3.8275044250
       26.8041709746        3.8075044255
       26.8341728922        3.7875044260
       26.8641747718        3.7675044265
       26.8941766142        3.7475044270
       26.9241784201        3.7275044275
       26.9541801902        3.7075044279
       26.9841819253        3.6875044284
       27.0141836261        3.6675044288
       27.0441852931        3.6475044292
       27.0741869272        3.6275044296
       27.1041885289        3.6075044299
       27.1341900989        3.5875044303
       27.1641916377        3.5675044306
       27.1941931462        3.5475044310
       27.2241946247        3.5275044313
       27.2541960740        3.5075044316
       27.2841974946        3.4875044319
       27.3141988870        3.4675044322
       27.3442002519        3.4475044324
       27.3742015898        3.4275044327
       27.4042029011        3.4075044330
       27.4342041865        3.3875044332
       27.4642054464        3.3675044334
       27.4942066814        3.3475044337
       27.5242078920        3.3275044339
       27.5542090785        3.3075044341
       27.5842102416        3.2875044343
       27.6142113817        3.2675044345
       27.6442124991        3.2475044347
       27.6742135945        3.2275044348
       27.7042146681        3.2075044350
       27.7342157205        3.1875044352
       27.7642167521        3.1675044353
       27.7942177632        3.1475044355
       27.8242187543        3.1275044356
       27.8542197258        3.1075044358
       27.8842206780        3.0875044359
       27.9142216114        3.0675044360
       27.9442225263        3.0475044362
       27.9742234231        3.0275044363
        0.0000000000        1.9800000000
        0.6074267001        3.3247284144
        1.3159353943        4.8991663540
        1.7453194264        5.8374164419
        2.0609429380        6.5160950833
        2.3133283735        7.0502600941
        2.5254883148        7.4923182410
        2.7098106261        7.8704800588
        2.8737269776        8.2016691350
        3.0220466352        8.4968369288
        3.1580610184        8.7634782035
        3.2841219405        9.0069478609
        3.4019683454        9.2312050205
        3.5129223348        9.4392594330
        3.6180126004        9.6334525726
        3.7180553062        9.8156418297
        3.8137088906        9.9873253108
        3.9055122705       10.1497288409
        3.9939121371       10.3038681231
        4.0792828793       10.4505941095
        4.1619414021       10.5906267473
        4.2421583340       10.7245804990
        4.3201666292       10.8529839338
        4.3961682607       10.9762949671
        4.4703394893       11.0949128607
        4.5428350595       11.2091877756
        4.6137915718       11.3194284533
        4.6833302205       11.4259084477
        4.7515590328       11.5288712258
        4.8185747166       11.6285343736
        4.8844641940       11.7250930886
        4.9493058845       11.8187231013
        5.0131707837       11.9095831321
        5.0761233768       11.9978169704
        5.1382224151       12.0835552438
        5.1995215801       12.1669169300
        5.2600700541       12.2480106563
        5.3199130121       12.3269358208
        5.3790920482       12.4037835637
        5.4376455462       12.4786376125
        5.4956090033       12.5515750201
        5.5530153133       12.6226668114
        5.6098950152       12.6919785519
        5.6662765127       12.7595708493
        5.7221862676       12.8254997975
        5.7776489711       12.8898173700
        5.8326876957       12.9525717708
        5.8873240306       13.0138077471
        5.9415782015       13.0735668686
        5.9954691783       13.1318877796
        6.0490147700       13.1888064239
        6.1022317107       13.2443562490
        6.1551357351       13.2985683906
        6.2077416467       13.3514718394
        6.2600633782       13.4030935933
        6.3121140452       13.4534587968
        6.3639059939       13.5025908680
        6.4154508434       13.5505116159
        6.4667595224       13.5972413492
        6.5178423018       13.6427989768
        6.5687088231       13.6872021024
        6.6193681224       13.7304671132
        6.6698286512       13.7726092647
        6.7200982939       13.8136427608
        6.7701843824       13.8535808322
        6.8200937088       13.8924358117
        6.8698325350       13.9302192088
        6.9194066016       13.9669417826
        6.9688211354       14.0026136155
        7.0180808563       14.0372441855
        7.0671899842       14.0708424392
        7.1161522464       14.1034168653
        7.1649708866       14.1349755675
        7.2136486746       14.1655263372
        7.2621879194       14.1950767256
        7.3105904833       14.2236341138
        7.3588578001       14.2512057815
        7.4069908946       14.2777989716
        7.4549904060       14.3034209519
        7.5028566123       14.3280790717
        7.5505894581       14.3517808137
        7.5981885822       14.3745338397
        7.6456533481       14.3963460308
        7.6929828735       14.4172255217
        7.7401760602       14.4371807281
        7.7872316240       14.4562203697
        7.8341481234       14.4743534861
        7.8809239872       14.4915894482
        7.9275575405       14.5079379648
        7.9740470300       14.5234090848
        8.0203906464       14.5380131948
        8.0665865462       14.5517610142
        8.1126328712       14.5646635864
        8.1585277666       14.5767322676
        8.2042693968       14.5879787137
        8.2498559606       14.5984148645
        8.2952857039       14.6080529266
        8.3405569317       14.6169053558
        8.3856680181       14.6249848368
        8.4306174152       14.6323042636
        8.4754036611       14.6388767189
        8.5200253864       14.6447154523
        8.5644813199       14.6498338595
        8.6087702927       14.6542454610
        8.6528912427       14.6579638803
        8.6968432168       14.6610028235
        8.7406253732       14.6633760580
        8.7842369828       14.6650973928
        8.8276774301       14.6661806580
        8.8709462132       14.6666396865
        8.9140429435       14.6664882949
        8.9569673449       14.6657402656
        8.9997192524       14.6644093305
        9.0422986106       14.6625091537
        9.0847054719       14.6600533169
        9.1269399936       14.6570553043
        9.1690024360       14.6535284890
        9.2108931592       14.6494861199
        9.2526126202       14.6449413099
        9.2941613699       14.6399070245
        9.3355400496       14.6343960713
        9.3767493876       14.6284210908
        9.4177901959       14.6219945472
        9.4586633663       14.6151287210
        9.4993698671       14.6078357014
        9.5399107392       14.6001273803
        9.5802870927       14.5920154461
        9.6205001028       14.5835113794
        9.6605510068       14.5746264481
        9.7004410999       14.5653717042
        9.7401717320       14.5557579805
        9.7797443041       14.5457958886
        9.8191602646       14.5354958162
        9.8584211063       14.5248679268
        9.8975283630       14.5139221580
        9.9364836062       14.5026682217
        9.9752884417       14.4911156036
       10.0139445072       14.4792735643
       10.0524534687       14.4671511396
       10.0908170181       14.4547571421
       10.1290368703       14.4421001625
       10.1671147603       14.4291885714
       10.2050524411       14.4160305218
       10.2428516810       14.4026339508
       10.2805142612       14.3890065826
       10.3180419737       14.3751559315
       10.3554366191       14.3610893043
       10.3927000044       14.3468138038
       10.4298339415       14.3323363322
       10.4668402448       14.3176635940
       10.5037207299       14.3028021001
       10.5404772115       14.2877581712
       10.5771115022       14.2725379413
       10.6136254109       14.2571473617
       10.6500207415       14.2415922048
       10.6862992912       14.2258780679
       10.7224628496       14.2100103769
       10.7585131977       14.1939943906
       10.7944521064       14.1778352043
       10.8302813357       14.1615377540
       10.8660026337       14.1451068198
       10.9016177359       14.1285470303
       10.9371283642       14.1118628663
       10.9725362261       14.0950586646
       11.0078430142       14.0781386216
       11.0430504056       14.0611067975
       11.0781600611       14.0439671198
       11.1131736247       14.0267233866
       11.1480927234       14.0093792711
       11.1829189663       13.9919383241
       11.2176539447       13.9744039784
       11.2522992315       13.9567795516
       11.2868563809       13.9390682499
       11.3213269281       13.9212731712
       11.3557123892       13.9033973082
       11.3900142610       13.8854435521
       11.4242340204       13.8674146952
       11.4583731251       13.8493134340
       11.4924330128       13.8311423725
       11.5264151012       13.8129040248
       11.5603207883       13.7946008178
       11.5941514520       13.7762350946
       11.6279084502       13.7578091163
       11.6615931211       13.7393250654
       11.6952067826       13.7207850479
       11.7287507330       13.7021910960
       11.7622262506       13.6835451703
       11.7956345940       13.6648491625
       11.8289770022       13.6461048972
       11.8622546947       13.6273141347
       11.8954688714       13.6084785725
       11.9286207130       13.5895998481
       11.9617113811       13.5706795403
       11.9947420183       13.5517191719
       12.0277137482       13.5327202111
       12.0606276759       13.5136840734
       12.0934848879       13.4946121238
       12.1262864525       13.4755056780
       12.1590334198       13.4563660044
       12.1917268219       13.4371943258
       12.2243676732       13.4179918207
       12.2569569708       13.3987596251
       12.2894956941       13.3794988338
       12.3219848057       13.3602105022
       12.3544252511       13.3408956469
       12.3868179592       13.3215552481
       12.4191638425       13.3021902500
       12.4514637972       13.2828015624
       12.4837187033       13.2633900623
       12.5159294254       13.2439565942
       12.5480968122       13.2245019722
       12.5802216971       13.2050269804
       12.6123048984       13.1855323741
       12.6443472196       13.1660188813
       12.6763494494       13.1464872029
       12.7083123620       13.1269380143
       12.7402367175       13.1073719662
       12.7721232619       13.0877896851
       12.8039727274       13.0681917746
       12.8357858326       13.0485788162
       12.8675632829       13.0289513698
       12.8993057703       13.0093099748
       12.9310139740       12.9896551505
       12.9626885607       12.9699873974
       12.9943301842       12.9503071971
       13.0259394862       12.9306150137
       13.0575170964       12.9109112940
       13.0890636325       12.8911964683
       13.1205797005       12.8714709510
       13.1520658949       12.8517351411
       13.1835227991       12.8319894230
       13.2149509853       12.8122341665
       13.2463510147       12.7924697281
       13.2777234379       12.7726964507
       13.3090687951       12.7529146647
       13.3403876159       12.7331246881
       13.3716804201       12.7133268273
       13.4029477172       12.6935213770
       13.4341900072       12.6737086212
       13.4654077802       12.6538888333
       13.4966015172       12.6340622763
       13.5277716897       12.6142292037
       13.5589187602       12.5943898594
       13.5900431823       12.5745444783
       13.6211454007       12.5546932865
       13.6522258516       12.5348365016
       13.6832849629       12.5149743332
       13.7143231539       12.4951069830
       13.7453408361       12.4752346454
       13.7763384127       12.4553575072
       13.8073162793       12.4354757484
       13.8382748237       12.4155895423
       13.8692144262       12.3956990558
       13.9001354597       12.3758044493
       13.9310382899       12.3559058775
       13.9619232753       12.3360034892
       13.9927907673       12.3160974275
       14.0236411107       12.2961878304
       14.0544746433       12.2762748306
       14.0852916966       12.2563585558
       14.1160925953       12.2364391291
       14.1468776580       12.2165166687
       14.1776471970       12.1965912886
       14.2084015184       12.1766630986
       14.2391409225       12.1567322041
       14.2698657035       12.1367987069
       14.3005761499       12.1168627046
       14.3312725446       12.0969242914
       14.3619551650       12.0769835581
       14.3926242830       12.0570405917
       14.4232801651       12.0370954763
       14.4539230725       12.0171482926
       14.4845532617       11.9971991184
       14.5151709835       11.9772480286
       14.5457764844       11.9572950953
       14.5763700057       11.9373403877
       14.6069517840       11.9173839727
       14.6375220513       11.8974259144
       14.6680810351       11.8774662747
       14.6986289582       11.8575051131
       14.7291660393       11.8375424869
       14.7596924926       11.8175784512
       14.7902085282       11.7976130591
       14.8207143519       11.7776463616
       14.8512101656       11.7576784079
       14.8816961671       11.7377092453
       14.9121725505       11.7177389192
       14.9426395060       11.6977674736
       14.9730972198       11.6777949505
       15.0035458747       11.6578213906
       15.0339856499       11.6378468329
       15.0644167210       11.6178713150
       15.0948392600       11.5978948731
       15.1252534357       11.5779175420
       15.1556594136       11.5579393552
       15.1860573556       11.5379603449
       15.2164474209       11.5179805422
       15.2468297652       11.4979999769
       15.2772045412       11.4780186779
       15.3075718986       11.4580366726
       15.3379319842       11.4380539879
       15.3682849418       11.4180706492
       15.3986309125       11.3980866813
       15.4289700345       11.3781021079
       15.4593024433       11.3581169517
       15.4896282718       11.3381312349
       15.5199476500       11.3181449784
       15.5502607057       11.2981582028
       15.5805675640       11.2781709275
       15.6108683474       11.2581831714
       15.6411631763       11.2381949527
       15.6714521683       11.2182062888
       15.7017354392       11.1982171965
       15.7320131020       11.1782276919
       15.7622852677       11.1582377907
       15.7925520452       11.1382475077
       15.8228135410       11.1182568575
       15.8530698598       11.0982658539
       15.8833211039       11.0782745101
       15.9135673738       11.0582828391
       15.9438087680       11.0382908531
       15.9740453830       11.0182985642
       16.0042773133       10.9983059837
       16.0345046517       10.9783131226
       16.0647274891       10.9583199916
       16.0949459145       10.9383266008
       16.1251600154       10.9183329600
       16.1553698772       10.8983390787
       16.1855755840       10.8783449659
       16.2157772179       10.8583506305
       16.2459748597       10.8383560807
       16.2761685882       10.8183613248
       16.3063584810       10.7983663705
       16.3365446141       10.7783712252
       16.3667270617       10.7583758963
       16.3969058970       10.7383803906
       16.4270811914       10.7183847149
       16.4572530150       10.6983888755
       16.4874214365       10.6783928787
       16.5175865233       10.6583967303
       16.5477483414       10.6384004362
       16.5779069555       10.6184040017
       16.6080624290       10.5984074324
       16.6382148241       10.5784107331
       16.6683642018       10.5584139089
       16.6985106217       10.5384169645
       16.7286541426       10.5184199043
       16.7587948216       10.4984227329
       16.7889327152       10.4784254544
       16.8190678784       10.4584280728
       16.8492003654       10.4384305920
       16.8793302291       10.4184330159
       16.9094575213       10.3984353479
       16.9395822932       10.3784375916
       16.9697045945       10.3584397504
       16.9998244742       10.3384418273
       17.0299419801       10.3184438256
       17.0600571594       10.2984457482
       17.0901700581       10.2784475980
       17.1202807213       10.2584493777
       17.1503891933       10.2384510899
       17.1804955174       10.2184527373
       17.2105997363       10.1984543222
       17.2407018915       10.1784558471
       17.2708020240       10.1584573142
       17.3009001738       10.1384587257
       17.3309963802       10.1184600838
       17.3610906816       10.0984613903
       17.3911831157       10.0784626473
       17.4212737196       10.0584638567
       17.4513625294       10.0384650202
       17.4814495807       10.0184661397
       17.5115349083        9.9984672167
       17.5416185463        9.9784682528
       17.5717005283        9.9584692497
       17.6017808869        9.9384702088
       17.6318596543        9.9184711315
       17.6619368621        9.8984720192
       17.6920125410        9.8784728733
       17.7220867215        9.8584736950
       17.7521594331        9.8384744855
       17.7822307049        9.8184752461
       17.8123005655        9.7984759777
       17.8423690427        9.7784766817
       17.8724361641        9.7584773589
       17.9025019563        9.7384780105
       17.9325664458        9.7184786373
       17.9626296584        9.6984792404
       17.9926916192        9.6784798206
       18.0227523532        9.6584803787
       18.0528118845        9.6384809157
       18.0828702371        9.6184814323
       18.1129274342        9.5984819293
       18.1429834988        9.5784824075
       18.1730384532        9.5584828675
       18.2030923195        9.5384833101
       18.2331451191        9.5184837358
       18.2631968733        9.4984841454
       18.2932476026        9.4784845395
       18.3232973275        9.4584849186
       18.3533460677        9.4384852833
       18.3833938428        9.4184856341
       18.4134406719        9.3984859717
       18.4434865738        9.3784862964
       18.4735315667        9.3584866088
       18.5035756687        9.3384869094
       18.5336188975        9.3184871985
       18.5636612703        9.2984874766
       18.5937028040        9.2784877442
       18.6237435153        9.2584880017
       18.6537834205        9.2384882493
       18.6838225355        9.2184884876
       18.7138608760        9.1984887168
       18.7438984573        9.1784889373
       18.7739352944        9.1584891494
       18.8039714021        9.1384893535
       18.8340067948        9.1184895498
       18.8640414868        9.0984897387
       18.8940754917        9.0784899203
       18.9241088234        9.0584900951
       18.9541414950        9.0384902633
       18.9841735197        9.0184904250
       19.0142049102        8.9984905806
       19.0442356792        8.9784907303
       19.0742658389        8.9584908743
       19.1042954014        8.9384910129
       19.1343243786        8.9184911462
       19.1643527819        8.8984912744
       19.1943806228        8.8784913977
       19.2244079125        8.8584915164
       19.2544346618        8.8384916305
       19.2844608814        8.8184917403
       19.3144865818        8.7984918459
       19.3445117733        8.7784919475
       19.3745364660        8.7584920453
       19.4045606698        8.7384921393
       19.4345843942        8.7184922298
       19.4646076490        8.6984923168
       19.4946304432        8.6784924005
       19.5246527861        8.6584924811
       19.5546746865        8.6384925585
       19.5846961533        8.6184926331
       19.6147171951        8.5984927048
       19.6447378201        8.5784927737
       19.6747580368        8.5584928401
       19.7047778532        8.5384929039
       19.7347972772        8.5184929653
       19.7648163165        8.4984930243
       19.7948349789        8.4784930811
       19.8248532717        8.4584931358
       19.8548712022        8.4384931884
       19.8848887778        8.4184932389
       19.9149060053        8.3984932876
       19.9449228917        8.3784933344
       19.9749394437        8.3584933794
       20.0049556680        8.3384934227
       20.0349715710        8.3184934644
       20.0649871591        8.2984935044
       20.0950024385        8.2784935430
       20.1250174154        8.2584935801
       20.1550320957        8.2384936158
       20.1850464854        8.2184936501
       20.2150605901        8.1984936831
       20.2450744155        8.1784937148
       20.2750879671        8.1584937454
       20.3051012504        8.1384937748
       20.3351142707        8.1184938030
       20.3651270332        8.0984938302
       20.3951395429        8.0784938564
       20.4251518050        8.0584938815
       20.4551638242        8.0384939057
       20.4851756054        8.0184939290
       20.5151871534        7.9984939514
       20.5451984727        7.9784939729
       20.5752095678        7.9584939937
       20.6052204433        7.9384940136
       20.6352311034        7.9184940328
       20.6652415524        7.8984940512
       20.6952517945        7.8784940689
       20.7252618338        7.8584940860
       20.7552716744        7.8384941024
       20.7852813200        7.8184941182
       20.8152907747        7.7984941334
       20.8453000421        7.7784941480
       20.8753091261        7.7584941621
       20.9053180302        7.7384941756
       20.9353267579        7.7184941886
       20.9653353128        7.6984942011
       20.9953436984        7.6784942131
       21.0253519179        7.6584942247
       21.0553599746        7.6384942358
       21.0853678718        7.6184942466
       21.1153756126        7.5984942569
       21.1453832002        7.5784942668
       21.1753906375        7.5584942763
       21.2053979275        7.5384942855
       21.2354050732        7.5184942943
       21.2654120774        7.4984943028
       21.2954189429        7.4784943109
       21.3254256724        7.4584943188
       21.3554322687        7.4384943263
       21.3854387344        7.4184943336
       21.4154450721        7.3984943406
       21.4454512842        7.3784943473
       21.4754573734        7.3584943538
       21.5054633420        7.3384943600
       21.5354691923        7.3184943660
       21.5654749269        7.2984943717
       21.5954805479        7.2784943772
       21.6254860576        7.2584943826
       21.6554914582        7.2384943877
       21.6854967518        7.2184943926
       21.7155019407        7.1984943973
       21.7455070267        7.1784944019
       21.7755120121        7.1584944063
       21.8055168988        7.1384944105
       21.8355216887        7.1184944146
       21.8655263837        7.0984944185
       21.8955309858        7.0784944222
       21.9255354967        7.0584944258
       21.9555399184        7.0384944293
       21.9855442525        7.0184944326
       22.0155485007        6.9984944358
       22.0455526648        6.9784944389
       22.0755567465        6.9584944419
       22.1055607474        6.9384944447
       22.1355646690        6.9184944475
       22.1655685130        6.8984944501
       22.1955722809        6.8784944527
       22.2255759741        6.8584944551
       22.2555795942        6.8384944575
       22.2855831427        6.8184944597
       22.3155866209        6.7984944619
       22.3455900302        6.7784944640
       22.3755933720        6.7584944660
       22.4055966476        6.7384944680
       22.4355998583        6.7184944698
       22.4656030055        6.6984944716
       22.4956060904        6.6784944733
       22.5256091142        6.6584944750
       22.5556120781        6.6384944766
       22.5856149833        6.6184944781
       22.6156178310        6.5984944796
       22.6456206223        6.5784944810
       22.6756233583        6.5584944824
       22.7056260402        6.5384944837
       22.7356286689        6.5184944850
       22.7656312456        6.4984944862
       22.7956337713        6.4784944873
       22.8256362470        6.4584944885
       22.8556386736        6.4384944896
       22.8856410522        6.4184944906
       22.9156433837        6.3984944916
       22.9456456690        6.3784944926
       22.9756479091        6.3584944935
       23.0056501048        6.3384944944
       23.0356522571        6.3184944952
       23.0656543667        6.2984944960
       23.0956564345        6.2784944968
       23.1256584614        6.2584944976
       23.1556604482        6.2384944983
       23.1856623956        6.2184944990
       23.2156643045        6.1984944997
       23.2456661755        6.1784945004
       23.2756680096        6.1584945010
       23.3056698073        6.1384945016
       23.3356715694        6.1184945022
       23.3656732966        6.0984945027
       23.3956749896        6.0784945033
       23.4256766491        6.0584945038
       23.4556782757        6.0384945043
       23.4856798701        6.0184945048
       23.5156814330        5.9984945052
       23.5456829649        5.9784945057
       23.5756844664        5.9584945061
       23.6056859383        5.9384945065
       23.6356873810        5.9184945069
       23.6656887951        5.8984945073
       23.6956901812        5.8784945076
       23.7256915399        5.8584945080
       23.7556928716        5.8384945083
       23.7856941770        5.8184945086
       23.8156954566        5.7984945089
       23.8456967108        5.7784945092
       23.8756979402        5.7584945095
       23.9056991452        5.7384945098
       23.9357003264        5.7184945101
       23.9657014842        5.6984945103
       23.9957026190        5.6784945106
       24.0257037314        5.6584945108
       24.0557048218        5.6384945110
       24.0857058905        5.6184945113
       24.1157069382        5.5984945115
       24.1457079650        5.5784945117
       24.1757089715        5.5584945119
       24.2057099581        5.5384945121
       24.2357109252        5.5184945122
       24.2657118731        5.4984945124
       24.2957128023        5.4784945126
       24.3257137130        5.4584945127
       24.3557146057        5.4384945129
       24.3857154808        5.4184945130
       24.4157163385        5.3984945132
       24.4457171792        5.3784945133
       24.4757180033        5.3584945135
       24.5057188110        5.3384945136
       24.5357196028        5.3184945137
       24.5657203789        5.2984945138
       24.5957211396        5.2784945139
       24.6257218853        5.2584945140
       24.6557226161        5.2384945141
       24.6857233326        5.2184945142
       24.7157240348        5.1984945143
       24.7457247231        5.1784945144
       24.7757253978        5.1584945145
       24.8057260592        5.1384945146
       24.8357267074        5.1184945147
       24.8657273428        5.0984945148
       24.8957279656        5.0784945148
       24.9257285761        5.0584945149
       24.9557291745        5.0384945150
       24.9857297611        5.0184945151
       25.0157303360        4.9984945151
       25.0457308996        4.9784945152
       25.0757314520        4.9584945152
       25.1057319934        4.9384945153
       25.1357325242        4.9184945154
       25.1657330444        4.8984945154
       25.1957335543        4.8784945155
       25.2257340541        4.8584945155
       25.2557345441        4.8384945156
       25.2857350243        4.8184945156
       25.3157354950        4.7984945157
       25.3457359564        4.7784945157
       25.3757364087        4.7584945157
       25.4057368520        4.7384945158
       25.4357372865        4.7184945158
       25.4657377124        4.6984945159
       25.4957381299        4.6784945159
       25.5257385392        4.6584945159
       25.5557389403        4.6384945160
       25.5857393335        4.6184945160
       25.6157397188        4.5984945160
       25.6457400966        4.5784945160
       25.6757404669        4.5584945161
       25.7057408298        4.5384945161
       25.7357411856        4.5184945161
       25.7657415343        4.4984945162
       25.7957418761        4.4784945162
       25.8257422112        4.4584945162
       25.8557425396        4.4384945162
       25.8857428615        4.4184945162
       25.9157431770        4.3984945163
       25.9457434863        4.3784945163
       25.9757437895        4.3584945163
       26.0057440866        4.3384945163
       26.0357443779        4.3184945163
       26.0657446634        4.2984945164
       26.0957449433        4.2784945164
       26.1257452176        4.2584945164
       26.1557454865        4.2384945164
       26.1857457500        4.2184945164
       26.2157460083        4.1984945164
       26.2457462616        4.1784945164
       26.2757465098        4.1584945165
       26.3057467531        4.1384945165
       26.3357469915        4.1184945165
       26.3657472253        4.0984945165
       26.3957474544        4.0784945165
       26.4257476790        4.0584945165
       26.4557478991        4.0384945165
       26.4857481149        4.0184945165
       26.5157483264        3.9984945165
       26.5457485338        3.9784945165
       26.5757487370        3.9584945166
       26.6057489362        3.9384945166
       26.6357491314        3.9184945166
       26.6657493228        3.8984945166
       26.6957495104        3.8784945166
       26.7257496943        3.8584945166
       26.7557498745        3.8384945166
       26.7857500512        3.8184945166
       26.8157502243        3.7984945166
       26.8457503941        3.7784945166
       26.8757505604        3.7584945166
       26.9057507235        3.7384945166
       26.9357508834        3.7184945166
       26.9657510401        3.6984945166
       26.9957511937        3.6784945166
       27.0257513442        3.6584945166
       27.0557514918        3.6384945167
       27.0857516364        3.6184945167
       27.1157517782        3.5984945167
       27.1457519172        3.5784945167
       27.1757520534        3.5584945167
       27.2057521869        3.5384945167
       27.2357523178        3.5184945167
       27.2657524461        3.4984945167
       27.2957525718        3.4784945167
       27.3257526951        3.4584945167
       27.3557528159        3.4384945167
       27.3857529343        3.4184945167
       27.4157530504        3.3984945167
       27.4457531642        3.3784945167
       27.4757532757        3.3584945167
       27.5057533850        3.3384945167
       27.5357534922        3.3184945167
       27.5657535972        3.2984945167
       27.5957537001        3.2784945167
       27.6257538011        3.2584945167
       27.6557539000        3.2384945167
       27.6857539969        3.2184945167
       27.7157540920        3.1984945167
       27.7457541851        3.1784945167
       27.7757542764        3.1584945167
       27.8057543659        3.1384945167
       27.8357544537        3.1184945167
       27.8657545397        3.0984945167
       27.8957546239        3.0784945167
       27.9257547066        3.0584945167
       27.9557547876        3.0384945167
       27.9857548669        3.0184945167
