        0.0000000000        1.9800000000
        0.0100000000        3.1123175178
        0.0200000000        4.4336159072
        0.0300000000        5.2236175095
        0.0400000000        5.7963321713
        0.0500000000        6.2479992528
        0.0600000000        6.6224675165
        0.0700000000        6.9433451937
        0.0800000000        7.2247967107
        0.0900000000        7.4759888320
        0.1000000000        7.7031953201
        0.1100000000        7.9108988683
        0.1200000000        8.1024138110
        0.1300000000        8.2802597502
        0.1400000000        8.4463968317
        0.1500000000        8.6023799235
        0.1600000000        8.7494630842
        0.1700000000        8.8886723950
        0.1800000000        9.0208579966
        0.1900000000        9.1467320726
        0.2000000000        9.2668971019
        0.2100000000        9.3818672252
        0.2200000000        9.4920846476
        0.2300000000        9.5979323986
        0.2400000000        9.6997443797
        0.2500000000        9.7978133640
        0.2600000000        9.8923974273
        0.2700000000        9.9837251680
        0.2800000000       10.0719999784
        0.2900000000       10.1574035670
        0.3000000000       10.2400988850
        0.3100000000       10.3202325732
        0.3200000000       10.3979370209
        0.3300000000       10.4733321085
        0.3400000000       10.5465266907
        0.3500000000       10.6176198648
        0.3600000000       10.6867020610
        0.3700000000       10.7538559836
        0.3800000000       10.8191574273
        0.3900000000       10.8826759880
        0.4000000000       10.9444756842
        0.4100000000       11.0046155023
        0.4200000000       11.0631498768
        0.4300000000       11.1201291149
        0.4400000000       11.1755997728
        0.4500000000       11.2296049914
        0.4600000000       11.2821847951
        0.4700000000       11.3333763604
        0.4800000000       11.3832142571
        0.4900000000       11.4317306658
        0.5000000000       11.4789555754
        0.5100000000       11.5249169620
        0.5200000000       11.5696409524
        0.5300000000       11.6131519740
        0.5400000000       11.6554728918
        0.5500000000       11.6966251360
        0.5600000000       11.7366288192
        0.5700000000       11.7755028458
        0.5800000000       11.8132650142
        0.5900000000       11.8499321126
        0.6000000000       11.8855200084
        0.6100000000       11.9200437336
        0.6200000000       11.9535175648
        0.6300000000       11.9859550991
        0.6400000000       12.0173693262
        0.6500000000       12.0477726969
        0.6600000000       12.0771771885
        0.6700000000       12.1055943657
        0.6800000000       12.1330354400
        0.6900000000       12.1595113243
        0.7000000000       12.1850326850
        0.7100000000       12.2096099910
        0.7200000000       12.2332535593
        0.7300000000       12.2559735967
        0.7400000000       12.2777802389
        0.7500000000       12.2986835861
        0.7600000000       12.3186937343
        0.7700000000       12.3378208046
        0.7800000000       12.3560749678
        0.7900000000       12.3734664668
        0.8000000000       12.3900056343
        0.8100000000       12.4057029093
        0.8200000000       12.4205688484
        0.8300000000       12.4346141362
        0.8400000000       12.4478495916
        0.8500000000       12.4602861721
        0.8600000000       12.4719349757
        0.8700000000       12.4828072407
        0.8800000000       12.4929143433
        0.8900000000       12.5022677934
        0.9000000000       12.5108792291
        0.9100000000       12.5187604098
        0.9200000000       12.5259232073
        0.9300000000       12.5323795971
        0.9400000000       12.5381416475
        0.9500000000       12.5432215092
        0.9600000000       12.5476314030
        0.9700000000       12.5513836084
        0.9800000000       12.5544904508
        0.9900000000       12.5569642890
        1.0000000000       12.5588175026
        1.0100000000       12.5600624789
        1.0200000000       12.5607116006
        1.0300000000       12.5607772330
        1.0400000000       12.5602717121
        1.0500000000       12.5592073319
        1.0600000000       12.5575963334
        1.0700000000       12.5554508928
        1.0800000000       12.5527831109
        1.0900000000       12.5496050023
        1.1000000000       12.5459284857
        1.1100000000       12.5417653746
        1.1200000000       12.5371273676
        1.1300000000       12.5320260407
        1.1400000000       12.5264728391
        1.1500000000       12.5204790698
        1.1600000000       12.5140558948
        1.1700000000       12.5072143248
        1.1800000000       12.4999652134
        1.1900000000       12.4923192520
        1.2000000000       12.4842869648
        1.2100000000       12.4758787049
        1.2200000000       12.4671046503
        1.2300000000       12.4579748008
        1.2400000000       12.4484989748
        1.2500000000       12.4386868077
        1.2600000000       12.4285477491
        1.2700000000       12.4180910619
        1.2800000000       12.4073258205
        1.2900000000       12.3962609108
        1.3000000000       12.3849050292
        1.3100000000       12.3732666824
        1.3200000000       12.3613541882
        1.3300000000       12.3491756751
        1.3400000000       12.3367390841
        1.3500000000       12.3240521688
        1.3600000000       12.3111224970
        1.3700000000       12.2979574524
        1.3800000000       12.2845642359
        1.3900000000       12.2709498676
        1.4000000000       12.2571211889
        1.4100000000       12.2430848645
        1.4200000000       12.2288473850
        1.4300000000       12.2144150689
        1.4400000000       12.1997940656
        1.4500000000       12.1849903580
        1.4600000000       12.1700097650
        1.4700000000       12.1548579445
        1.4800000000       12.1395403962
        1.4900000000       12.1240624648
        1.5000000000       12.1084293426
        1.5100000000       12.0926460729
        1.5200000000       12.0767175528
        1.5300000000       12.0606485364
        1.5400000000       12.0444436380
        1.5500000000       12.0281073349
        1.5600000000       12.0116439708
        1.5700000000       11.9950577589
        1.5800000000       11.9783527846
        1.5900000000       11.9615330091
        1.6000000000       11.9446022722
        1.6100000000       11.9275642950
        1.6200000000       11.9104226836
        1.6300000000       11.8931809315
        1.6400000000       11.8758424229
        1.6500000000       11.8584104352
        1.6600000000       11.8408881421
        1.6700000000       11.8232786166
        1.6800000000       11.8055848334
        1.6900000000       11.7878096717
        1.7000000000       11.7699559180
        1.7100000000       11.7520262687
        1.7200000000       11.7340233327
        1.7300000000       11.7159496338
        1.7400000000       11.6978076132
        1.7500000000       11.6795996320
        1.7600000000       11.6613279736
        1.7700000000       11.6429948458
        1.7800000000       11.6246023834
        1.7900000000       11.6061526499
        1.8000000000       11.5876476405
        1.8100000000       11.5690892831
        1.8200000000       11.5504794414
        1.8300000000       11.5318199161
        1.8400000000       11.5131124475
        1.8500000000       11.4943587169
        1.8600000000       11.4755603487
        1.8700000000       11.4567189121
        1.8800000000       11.4378359231
        1.8900000000       11.4189128456
        1.9000000000       11.3999510940
        1.9100000000       11.3809520338
        1.9200000000       11.3619169839
        1.9300000000       11.3428472179
        1.9400000000       11.3237439654
        1.9500000000       11.3046084136
        1.9600000000       11.2854417088
        1.9700000000       11.2662449574
        1.9800000000       11.2470192277
        1.9900000000       11.2277655507
        2.0000000000       11.2084849217
        2.0100000000       11.1891783012
        2.0200000000       11.1698466162
        2.0300000000       11.1504907615
        2.0400000000       11.1311116005
        2.0500000000       11.1117099663
        2.0600000000       11.0922866628
        2.0700000000       11.0728424657
        2.0800000000       11.0533781236
        2.0900000000       11.0338943586
        2.1000000000       11.0143918673
        2.1100000000       10.9948713218
        2.1200000000       10.9753333706
        2.1300000000       10.9557786391
        2.1400000000       10.9362077306
        2.1500000000       10.9166212273
        2.1600000000       10.8970196903
        2.1700000000       10.8774036612
        2.1800000000       10.8577736622
        2.1900000000       10.8381301970
        2.2000000000       10.8184737513
        2.2100000000       10.7988047936
        2.2200000000       10.7791237756
        2.2300000000       10.7594311331
        2.2400000000       10.7397272862
        2.2500000000       10.7200126399
        2.2600000000       10.7002875850
        2.2700000000       10.6805524982
        2.2800000000       10.6608077426
        2.2900000000       10.6410536684
        2.3000000000       10.6212906133
        2.3100000000       10.6015189029
        2.3200000000       10.5817388511
        2.3300000000       10.5619507603
        2.3400000000       10.5421549225
        2.3500000000       10.5223516189
        2.3600000000       10.5025411205
        2.3700000000       10.4827236888
        2.3800000000       10.4628995758
        2.3900000000       10.4430690244
        2.4000000000       10.4232322688
        2.4100000000       10.4033895346
        2.4200000000       10.3835410395
        2.4300000000       10.3636869931
        2.4400000000       10.3438275977
        2.4500000000       10.3239630480
        2.4600000000       10.3040935320
        2.4700000000       10.2842192306
        2.4800000000       10.2643403182
        2.4900000000       10.2444569632
        2.5000000000       10.2245693274
        2.5100000000       10.2046775673
        2.5200000000       10.1847818332
        2.5300000000       10.1648822704
        2.5400000000       10.1449790186
        2.5500000000       10.1250722125
        2.5600000000       10.1051619822
        2.5700000000       10.0852484527
        2.5800000000       10.0653317447
        2.5900000000       10.0454119744
        2.6000000000       10.0254892538
        2.6100000000       10.0055636909
        2.6200000000        9.9856353896
        2.6300000000        9.9657044503
        2.6400000000        9.9457709694
        2.6500000000        9.9258350402
        2.6600000000        9.9058967522
        2.6700000000        9.8859561919
        2.6800000000        9.8660134426
        2.6900000000        9.8460685845
        2.7000000000        9.8261216950
        2.7100000000        9.8061728484
        2.7200000000        9.7862221167
        2.7300000000        9.7662695690
        2.7400000000        9.7463152718
        2.7500000000        9.7263592895
        2.7600000000        9.7064016839
        2.7700000000        9.6864425146
        2.7800000000        9.6664818389
        2.7900000000        9.6465197124
        2.8000000000        9.6265561882
        2.8100000000        9.6065913177
        2.8200000000        9.5866251504
        2.8300000000        9.5666577339
        2.8400000000        9.5466891143
        2.8500000000        9.5267193357
        2.8600000000        9.5067484408
        2.8700000000        9.4867764707
        2.8800000000        9.4668034648
        2.8900000000        9.4468294614
        2.9000000000        9.4268544971
        2.9100000000        9.4068786074
        2.9200000000        9.3869018263
        2.9300000000        9.3669241866
        2.9400000000        9.3469457199
        2.9500000000        9.3269664568
        2.9600000000        9.3069864265
        2.9700000000        9.2870056574
        2.9800000000        9.2670241766
        2.9900000000        9.2470420105
        3.0000000000        9.2270591843
        3.0100000000        9.2070757223
        3.0200000000        9.1870916479
        3.0300000000        9.1671069839
        3.0400000000        9.1471217518
        3.0500000000        9.1271359728
        3.0600000000        9.1071496669
        3.0700000000        9.0871628537
        3.0800000000        9.0671755518
        3.0900000000        9.0471877793
        3.1000000000        9.0271995536
        3.1100000000        9.0072108914
        3.1200000000        8.9872218089
        3.1300000000        8.9672323215
        3.1400000000        8.9472424443
        3.1500000000        8.9272521916
        3.1600000000        8.9072615774
        3.1700000000        8.8872706149
        3.1800000000        8.8672793172
        3.1900000000        8.8472876965
        3.2000000000        8.8272957648
        3.2100000000        8.8073035336
        3.2200000000        8.7873110140
        3.2300000000        8.7673182167
        3.2400000000        8.7473251520
        3.2500000000        8.7273318297
        3.2600000000        8.7073382594
        3.2700000000        8.6873444502
        3.2800000000        8.6673504111
        3.2900000000        8.6473561505
        3.3000000000        8.6273616766
        3.3100000000        8.6073669973
        3.3200000000        8.5873721203
        3.3300000000        8.5673770528
        3.3400000000        8.5473818020
        3.3500000000        8.5273863746
        3.3600000000        8.5073907772
        3.3700000000        8.4873950160
        3.3800000000        8.4673990972
        3.3900000000        8.4474030265
        3.4000000000        8.4274068097
        3.4100000000        8.4074104521
        3.4200000000        8.3874139590
        3.4300000000        8.3674173354
        3.4400000000        8.3474205861
        3.4500000000        8.3274237158
        3.4600000000        8.3074267290
        3.4700000000        8.2874296300
        3.4800000000        8.2674324229
        3.4900000000        8.2474351119
        3.5000000000        8.2274377007
        3.5100000000        8.2074401931
        3.5200000000        8.1874425927
        3.5300000000        8.1674449028
        3.5400000000        8.1474471269
        3.5500000000        8.1274492681
        3.5600000000        8.1074513295
        3.5700000000        8.0874533141
        3.5800000000        8.0674552247
        3.5900000000        8.0474570640
        3.6000000000        8.0274588348
        3.6100000000        8.0074605396
        3.6200000000        7.9874621807
        3.6300000000        7.9674637607
        3.6400000000        7.9474652818
        3.6500000000        7.9274667461
        3.6600000000        7.9074681557
        3.6700000000        7.8874695128
        3.6800000000        7.8674708192
        3.6900000000        7.8474720769
        3.7000000000        7.8274732877
        3.7100000000        7.8074744532
        3.7200000000        7.7874755753
        3.7300000000        7.7674766554
        3.7400000000        7.7474776953
        3.7500000000        7.7274786963
        3.7600000000        7.7074796599
        3.7700000000        7.6874805875
        3.7800000000        7.6674814805
        3.7900000000        7.6474823401
        3.8000000000        7.6274831676
        3.8100000000        7.6074839642
        3.8200000000        7.5874847311
        3.8300000000        7.5674854692
        3.8400000000        7.5474861798
        3.8500000000        7.5274868638
        3.8600000000        7.5074875223
        3.8700000000        7.4874881561
        3.8800000000        7.4674887663
        3.8900000000        7.4474893536
        3.9000000000        7.4274899190
        3.9100000000        7.4074904632
        3.9200000000        7.3874909871
        3.9300000000        7.3674914914
        3.9400000000        7.3474919768
        3.9500000000        7.3274924440
        3.9600000000        7.3074928938
        3.9700000000        7.2874933267
        3.9800000000        7.2674937435
        3.9900000000        7.2474941446
        4.0000000000        7.2274945308
        4.0100000000        7.2074949024
        4.0200000000        7.1874952602
        4.0300000000        7.1674956046
        4.0400000000        7.1474959361
        4.0500000000        7.1274962551
        4.0600000000        7.1074965623
        4.0700000000        7.0874968579
        4.0800000000        7.0674971424
        4.0900000000        7.0474974163
        4.1000000000        7.0274976799
        4.1100000000        7.0074979337
        4.1200000000        6.9874981779
        4.1300000000        6.9674984130
        4.1400000000        6.9474986393
        4.1500000000        6.9274988571
        4.1600000000        6.9074990667
        4.1700000000        6.8874992685
        4.1800000000        6.8674994627
        4.1900000000        6.8474996497
        4.2000000000        6.8274998296
        4.2100000000        6.8075000028
        4.2200000000        6.7875001695
        4.2300000000        6.7675003299
        4.2400000000        6.7475004843
        4.2500000000        6.7275006330
        4.2600000000        6.7075007760
        4.2700000000        6.6875009137
        4.2800000000        6.6675010462
        4.2900000000        6.6475011738
        4.3000000000        6.6275012966
        4.3100000000        6.6075014147
        4.3200000000        6.5875015284
        4.3300000000        6.5675016379
        4.3400000000        6.5475017432
        4.3500000000        6.5275018446
        4.3600000000        6.5075019422
        4.3700000000        6.4875020361
        4.3800000000        6.4675021265
        4.3900000000        6.4475022135
        4.4000000000        6.4275022973
        4.4100000000        6.4075023779
        4.4200000000        6.3875024554
        4.4300000000        6.3675025301
        4.4400000000        6.3475026019
        4.4500000000        6.3275026711
        4.4600000000        6.3075027376
        4.4700000000        6.2875028017
        4.4800000000        6.2675028633
        4.4900000000        6.2475029226
        4.5000000000        6.2275029797
        4.5100000000        6.2075030347
        4.5200000000        6.1875030876
        4.5300000000        6.1675031385
        4.5400000000        6.1475031875
        4.5500000000        6.1275032346
        4.5600000000        6.1075032800
        4.5700000000        6.0875033237
        4.5800000000        6.0675033657
        4.5900000000        6.0475034061
        4.6000000000        6.0275034450
        4.6100000000        6.0075034825
        4.6200000000        5.9875035186
        4.6300000000        5.9675035532
        4.6400000000        5.9475035866
        4.6500000000        5.9275036188
        4.6600000000        5.9075036497
        4.6700000000        5.8875036795
        4.6800000000        5.8675037081
        4.6900000000        5.8475037357
        4.7000000000        5.8275037622
        4.7100000000        5.8075037877
        4.7200000000        5.7875038123
        4.7300000000        5.7675038359
        4.7400000000        5.7475038587
        4.7500000000        5.7275038806
        4.7600000000        5.7075039016
        4.7700000000        5.6875039219
        4.7800000000        5.6675039414
        4.7900000000        5.6475039602
        4.8000000000        5.6275039783
        4.8100000000        5.6075039957
        4.8200000000        5.5875040124
        4.8300000000        5.5675040285
        4.8400000000        5.5475040440
        4.8500000000        5.5275040589
        4.8600000000        5.5075040733
        4.8700000000        5.4875040871
        4.8800000000        5.4675041004
        4.8900000000        5.4475041132
        4.9000000000        5.4275041255
        4.9100000000        5.4075041373
        4.9200000000        5.3875041487
        4.9300000000        5.3675041597
        4.9400000000        5.3475041703
        4.9500000000        5.3275041804
        4.9600000000        5.3075041902
        4.9700000000        5.2875041996
        4.9800000000        5.2675042087
        4.9900000000        5.2475042174
        5.0000000000        5.2275042257
        5.0100000000        5.2075042338
        5.0200000000        5.1875042416
        5.0300000000        5.1675042490
        5.0400000000        5.1475042562
        5.0500000000        5.1275042631
        5.0600000000        5.1075042698
        5.0700000000        5.0875042762
        5.0800000000        5.0675042824
        5.0900000000        5.0475042883
        5.1000000000        5.0275042940
        5.1100000000        5.0075042995
        5.1200000000        4.9875043048
        5.1300000000        4.9675043099
        5.1400000000        4.9475043148
        5.1500000000        4.9275043195
        5.1600000000        4.9075043240
        5.1700000000        4.8875043284
        5.1800000000        4.8675043326
        5.1900000000        4.8475043366
        5.2000000000        4.8275043405
        5.2100000000        4.8075043442
        5.2200000000        4.7875043478
        5.2300000000        4.7675043513
        5.2400000000        4.7475043546
        5.2500000000        4.7275043578
        5.2600000000        4.7075043609
        5.2700000000        4.6875043639
        5.2800000000        4.6675043667
        5.2900000000        4.6475043695
        5.3000000000        4.6275043721
        5.3100000000        4.6075043746
        5.3200000000        4.5875043771
        5.3300000000        4.5675043794
        5.3400000000        4.5475043817
        5.3500000000        4.5275043839
        5.3600000000        4.5075043860
        5.3700000000        4.4875043880
        5.3800000000        4.4675043900
        5.3900000000        4.4475043918
        5.4000000000        4.4275043936
        5.4100000000        4.4075043953
        5.4200000000        4.3875043970
        5.4300000000        4.3675043986
        5.4400000000        4.3475044002
        5.4500000000        4.3275044016
        5.4600000000        4.3075044031
        5.4700000000        4.2875044044
        5.4800000000        4.2675044058
        5.4900000000        4.2475044070
        5.5000000000        4.2275044083
        5.5100000000        4.2075044094
        5.5200000000        4.1875044106
        5.5300000000        4.1675044117
        5.5400000000        4.1475044127
        5.5500000000        4.1275044137
        5.5600000000        4.1075044147
        5.5700000000        4.0875044156
        5.5800000000        4.0675044165
        5.5900000000        4.0475044174
        5.6000000000        4.0275044182
        5.6100000000        4.0075044190
        5.6200000000        3.9875044198
        5.6300000000        3.9675044205
        5.6400000000        3.9475044212
        5.6500000000        3.9275044219
        5.6600000000        3.9075044226
        5.6700000000        3.8875044232
        5.6800000000        3.8675044238
        5.6900000000        3.8475044244
        5.7000000000        3.8275044250
        5.7100000000        3.8075044255
        5.7200000000        3.7875044260
        5.7300000000        3.7675044265
        5.7400000000        3.7475044270
        5.7500000000        3.7275044275
        5.7600000000        3.7075044279
        5.7700000000        3.6875044284
        5.7800000000        3.6675044288
        5.7900000000        3.6475044292
        5.8000000000        3.6275044296
        5.8100000000        3.6075044299
        5.8200000000        3.5875044303
        5.8300000000        3.5675044306
        5.8400000000        3.5475044310
        5.8500000000        3.5275044313
        5.8600000000        3.5075044316
        5.8700000000        3.4875044319
        5.8800000000        3.4675044322
        5.8900000000        3.4475044324
        5.9000000000        3.4275044327
        5.9100000000        3.4075044330
        5.9200000000        3.3875044332
        5.9300000000        3.3675044334
        5.9400000000        3.3475044337
        5.9500000000        3.3275044339
        5.9600000000        3.3075044341
        5.9700000000        3.2875044343
        5.9800000000        3.2675044345
        5.9900000000        3.2475044347
        6.0000000000        3.2275044348
        6.0100000000        3.2075044350
        6.0200000000        3.1875044352
        6.0300000000        3.1675044353
        6.0400000000        3.1475044355
        6.0500000000        3.1275044356
        6.0600000000        3.1075044358
        6.0700000000        3.0875044359
        6.0800000000        3.0675044360
        6.0900000000        3.0475044362
        6.1000000000        3.0275044363
        0.0000000000        1.9800000000
        0.0100000000        3.3247284144
        0.0200000000        4.8991663540
        0.0300000000        5.8374164419
        0.0400000000        6.5160950833
        0.0500000000        7.0502600941
        0.0600000000        7.4923182410
        0.0700000000        7.8704800588
        0.0800000000        8.2016691350
        0.0900000000        8.4968369288
        0.1000000000        8.7634782035
        0.1100000000        9.0069478609
        0.1200000000        9.2312050205
        0.1300000000        9.4392594330
        0.1400000000        9.6334525726
        0.1500000000        9.8156418297
        0.1600000000        9.9873253108
        0.1700000000       10.1497288409
        0.1800000000       10.3038681231
        0.1900000000       10.4505941095
        0.2000000000       10.5906267473
        0.2100000000       10.7245804990
        0.2200000000       10.8529839338
        0.2300000000       10.9762949671
        0.2400000000       11.0949128607
        0.2500000000       11.2091877756
        0.2600000000       11.3194284533
        0.2700000000       11.4259084477
        0.2800000000       11.5288712258
        0.2900000000       11.6285343736
        0.3000000000       11.7250930886
        0.3100000000       11.8187231013
        0.3200000000       11.9095831321
        0.3300000000       11.9978169704
        0.3400000000       12.0835552438
        0.3500000000       12.1669169300
        0.3600000000       12.2480106563
        0.3700000000       12.3269358208
        0.3800000000       12.4037835637
        0.3900000000       12.4786376125
        0.4000000000       12.5515750201
        0.4100000000       12.6226668114
        0.4200000000       12.6919785519
        0.4300000000       12.7595708493
        0.4400000000       12.8254997975
        0.4500000000       12.8898173700
        0.4600000000       12.9525717708
        0.4700000000       13.0138077471
        0.4800000000       13.0735668686
        0.4900000000       13.1318877796
        0.5000000000       13.1888064239
        0.5100000000       13.2443562490
        0.5200000000       13.2985683906
        0.5300000000       13.3514718394
        0.5400000000       13.4030935933
        0.5500000000       13.4534587968
        0.5600000000       13.5025908680
        0.5700000000       13.5505116159
        0.5800000000       13.5972413492
        0.5900000000       13.6427989768
        0.6000000000       13.6872021024
        0.6100000000       13.7304671132
        0.6200000000       13.7726092647
        0.6300000000       13.8136427608
        0.6400000000       13.8535808322
        0.6500000000       13.8924358117
        0.6600000000       13.9302192088
        0.6700000000       13.9669417826
        0.6800000000       14.0026136155
        0.6900000000       14.0372441855
        0.7000000000       14.0708424392
        0.7100000000       14.1034168653
        0.7200000000       14.1349755675
        0.7300000000       14.1655263372
        0.7400000000       14.1950767256
        0.7500000000       14.2236341138
        0.7600000000       14.2512057815
        0.7700000000       14.2777989716
        0.7800000000       14.3034209519
        0.7900000000       14.3280790717
        0.8000000000       14.3517808137
        0.8100000000       14.3745338397
        0.8200000000       14.3963460308
        0.8300000000       14.4172255217
        0.8400000000       14.4371807281
        0.8500000000       14.4562203697
        0.8600000000       14.4743534861
        0.8700000000       14.4915894482
        0.8800000000       14.5079379648
        0.8900000000       14.5234090848
        0.9000000000       14.5380131948
        0.9100000000       14.5517610142
        0.9200000000       14.5646635864
        0.9300000000       14.5767322676
        0.9400000000       14.5879787137
        0.9500000000       14.5984148645
        0.9600000000       14.6080529266
        0.9700000000       14.6169053558
        0.9800000000       14.6249848368
        0.9900000000       14.6323042636
        1.0000000000       14.6388767189
        1.0100000000       14.6447154523
        1.0200000000       14.6498338595
        1.0300000000       14.6542454610
        1.0400000000       14.6579638803
        1.0500000000       14.6610028235
        1.0600000000       14.6633760580
        1.0700000000       14.6650973928
        1.0800000000       14.6661806580
        1.0900000000       14.6666396865
        1.1000000000       14.6664882949
        1.1100000000       14.6657402656
        1.1200000000       14.6644093305
        1.1300000000       14.6625091537
        1.1400000000       14.6600533169
        1.1500000000       14.6570553043
        1.1600000000       14.6535284890
        1.1700000000       14.6494861199
        1.1800000000       14.6449413099
        1.1900000000       14.6399070245
        1.2000000000       14.6343960713
        1.2100000000       14.6284210908
        1.2200000000       14.6219945472
        1.2300000000       14.6151287210
        1.2400000000       14.6078357014
        1.2500000000       14.6001273803
        1.2600000000       14.5920154461
        1.2700000000       14.5835113794
        1.2800000000       14.5746264481
        1.2900000000       14.5653717042
        1.3000000000       14.5557579805
        1.3100000000       14.5457958886
        1.3200000000       14.5354958162
        1.3300000000       14.5248679268
        1.3400000000       14.5139221580
        1.3500000000       14.5026682217
        1.3600000000       14.4911156036
        1.3700000000       14.4792735643
        1.3800000000       14.4671511396
        1.3900000000       14.4547571421
        1.4000000000       14.4421001625
        1.4100000000       14.4291885714
        1.4200000000       14.4160305218
        1.4300000000       14.4026339508
        1.4400000000       14.3890065826
        1.4500000000       14.3751559315
        1.4600000000       14.3610893043
        1.4700000000       14.3468138038
        1.4800000000       14.3323363322
        1.4900000000       14.3176635940
        1.5000000000       14.3028021001
        1.5100000000       14.2877581712
        1.5200000000       14.2725379413
        1.5300000000       14.2571473617
        1.5400000000       14.2415922048
        1.5500000000       14.2258780679
        1.5600000000       14.2100103769
        1.5700000000       14.1939943906
        1.5800000000       14.1778352043
        1.5900000000       14.1615377540
        1.6000000000       14.1451068198
        1.6100000000       14.1285470303
        1.6200000000       14.1118628663
        1.6300000000       14.0950586646
        1.6400000000       14.0781386216
        1.6500000000       14.0611067975
        1.6600000000       14.0439671198
        1.6700000000       14.0267233866
        1.6800000000       14.0093792711
        1.6900000000       13.9919383241
        1.7000000000       13.9744039784
        1.7100000000       13.9567795516
        1.7200000000       13.9390682499
        1.7300000000       13.9212731712
        1.7400000000       13.9033973082
        1.7500000000       13.8854435521
        1.7600000000       13.8674146952
        1.7700000000       13.8493134340
        1.7800000000       13.8311423725
        1.7900000000       13.8129040248
        1.8000000000       13.7946008178
        1.8100000000       13.7762350946
        1.8200000000       13.7578091163
        1.8300000000       13.7393250654
        1.8400000000       13.7207850479
        1.8500000000       13.7021910960
        1.8600000000       13.6835451703
        1.8700000000       13.6648491625
        1.8800000000       13.6461048972
        1.8900000000       13.6273141347
        1.9000000000       13.6084785725
        1.9100000000       13.5895998481
        1.9200000000       13.5706795403
        1.9300000000       13.5517191719
        1.9400000000       13.5327202111
        1.9500000000       13.5136840734
        1.9600000000       13.4946121238
        1.9700000000       13.4755056780
        1.9800000000       13.4563660044
        1.9900000000       13.4371943258
        2.0000000000       13.4179918207
        2.0100000000       13.3987596251
        2.0200000000       13.3794988338
        2.0300000000       13.3602105022
        2.0400000000       13.3408956469
        2.0500000000       13.3215552481
        2.0600000000       13.3021902500
        2.0700000000       13.2828015624
        2.0800000000       13.2633900623
        2.0900000000       13.2439565942
        2.1000000000       13.2245019722
        2.1100000000       13.2050269804
        2.1200000000       13.1855323741
        2.1300000000       13.1660188813
        2.1400000000       13.1464872029
        2.1500000000       13.1269380143
        2.1600000000       13.1073719662
        2.1700000000       13.0877896851
        2.1800000000       13.0681917746
        2.1900000000       13.0485788162
        2.2000000000       13.0289513698
        2.2100000000       13.0093099748
        2.2200000000       12.9896551505
        2.2300000000       12.9699873974
        2.2400000000       12.9503071971
        2.2500000000       12.9306150137
        2.2600000000       12.9109112940
        2.2700000000       12.8911964683
        2.2800000000       12.8714709510
        2.2900000000       12.8517351411
        2.3000000000       12.8319894230
        2.3100000000       12.8122341665
        2.3200000000       12.7924697281
        2.3300000000       12.7726964507
        2.3400000000       12.7529146647
        2.3500000000       12.7331246881
        2.3600000000       12.7133268273
        2.3700000000       12.6935213770
        2.3800000000       12.6737086212
        2.3900000000       12.6538888333
        2.4000000000       12.6340622763
        2.4100000000       12.6142292037
        2.4200000000       12.5943898594
        2.4300000000       12.5745444783
        2.4400000000       12.5546932865
        2.4500000000       12.5348365016
        2.4600000000       12.5149743332
        2.4700000000       12.4951069830
        2.4800000000       12.4752346454
        2.4900000000       12.4553575072
        2.5000000000       12.4354757484
        2.5100000000       12.4155895423
        2.5200000000       12.3956990558
        2.5300000000       12.3758044493
        2.5400000000       12.3559058775
        2.5500000000       12.3360034892
        2.5600000000       12.3160974275
        2.5700000000       12.2961878304
        2.5800000000       12.2762748306
        2.5900000000       12.2563585558
        2.6000000000       12.2364391291
        2.6100000000       12.2165166687
        2.6200000000       12.1965912886
        2.6300000000       12.1766630986
        2.6400000000       12.1567322041
        2.6500000000       12.1367987069
        2.6600000000       12.1168627046
        2.6700000000       12.0969242914
        2.6800000000       12.0769835581
        2.6900000000       12.0570405917
        2.7000000000       12.0370954763
        2.7100000000       12.0171482926
        2.7200000000       11.9971991184
        2.7300000000       11.9772480286
        2.7400000000       11.9572950953
        2.7500000000       11.9373403877
        2.7600000000       11.9173839727
        2.7700000000       11.8974259144
        2.7800000000       11.8774662747
        2.7900000000       11.8575051131
        2.8000000000       11.8375424869
        2.8100000000       11.8175784512
        2.8200000000       11.7976130591
        2.8300000000       11.7776463616
        2.8400000000       11.7576784079
        2.8500000000       11.7377092453
        2.8600000000       11.7177389192
        2.8700000000       11.6977674736
        2.8800000000       11.6777949505
        2.8900000000       11.6578213906
        2.9000000000       11.6378468329
        2.9100000000       11.6178713150
        2.9200000000       11.5978948731
        2.9300000000       11.5779175420
        2.9400000000       11.5579393552
        2.9500000000       11.5379603449
        2.9600000000       11.5179805422
        2.9700000000       11.4979999769
        2.9800000000       11.4780186779
        2.9900000000       11.4580366726
        3.0000000000       11.4380539879
        3.0100000000       11.4180706492
        3.0200000000       11.3980866813
        3.0300000000       11.3781021079
        3.0400000000       11.3581169517
        3.0500000000       11.3381312349
        3.0600000000       11.3181449784
        3.0700000000       11.2981582028
        3.0800000000       11.2781709275
        3.0900000000       11.2581831714
        3.1000000000       11.2381949527
        3.1100000000       11.2182062888
        3.1200000000       11.1982171965
        3.1300000000       11.1782276919
        3.1400000000       11.1582377907
        3.1500000000       11.1382475077
        3.1600000000       11.1182568575
        3.1700000000       11.0982658539
        3.1800000000       11.0782745101
        3.1900000000       11.0582828391
        3.2000000000       11.0382908531
        3.2100000000       11.0182985642
        3.2200000000       10.9983059837
        3.2300000000       10.9783131226
        3.2400000000       10.9583199916
        3.2500000000       10.9383266008
        3.2600000000       10.9183329600
        3.2700000000       10.8983390787
        3.2800000000       10.8783449659
        3.2900000000       10.8583506305
        3.3000000000       10.8383560807
        3.3100000000       10.8183613248
        3.3200000000       10.7983663705
        3.3300000000       10.7783712252
        3.3400000000       10.7583758963
        3.3500000000       10.7383803906
        3.3600000000       10.7183847149
        3.3700000000       10.6983888755
        3.3800000000       10.6783928787
        3.3900000000       10.6583967303
        3.4000000000       10.6384004362
        3.4100000000       10.6184040017
        3.4200000000       10.5984074324
        3.4300000000       10.5784107331
        3.4400000000       10.5584139089
        3.4500000000       10.5384169645
        3.4600000000       10.5184199043
        3.4700000000       10.4984227329
        3.4800000000       10.4784254544
        3.4900000000       10.4584280728
        3.5000000000       10.4384305920
        3.5100000000       10.4184330159
        3.5200000000       10.3984353479
        3.5300000000       10.3784375916
        3.5400000000       10.3584397504
        3.5500000000       10.3384418273
        3.5600000000       10.3184438256
        3.5700000000       10.2984457482
        3.5800000000       10.2784475980
        3.5900000000       10.2584493777
        3.6000000000       10.2384510899
        3.6100000000       10.2184527373
        3.6200000000       10.1984543222
        3.6300000000       10.1784558471
        3.6400000000       10.1584573142
        3.6500000000       10.1384587257
        3.6600000000       10.1184600838
        3.6700000000       10.0984613903
        3.6800000000       10.0784626473
        3.6900000000       10.0584638567
        3.7000000000       10.0384650202
        3.7100000000       10.0184661397
        3.7200000000        9.9984672167
        3.7300000000        9.9784682528
        3.7400000000        9.9584692497
        3.7500000000        9.9384702088
        3.7600000000        9.9184711315
        3.7700000000        9.8984720192
        3.7800000000        9.8784728733
        3.7900000000        9.8584736950
        3.8000000000        9.8384744855
        3.8100000000        9.8184752461
        3.8200000000        9.7984759777
        3.8300000000        9.7784766817
        3.8400000000        9.7584773589
        3.8500000000        9.7384780105
        3.8600000000        9.7184786373
        3.8700000000        9.6984792404
        3.8800000000        9.6784798206
        3.8900000000        9.6584803787
        3.9000000000        9.6384809157
        3.9100000000        9.6184814323
        3.9200000000        9.5984819293
        3.9300000000        9.5784824075
        3.9400000000        9.5584828675
        3.9500000000        9.5384833101
        3.9600000000        9.5184837358
        3.9700000000        9.4984841454
        3.9800000000        9.4784845395
        3.9900000000        9.4584849186
        4.0000000000        9.4384852833
        4.0100000000        9.4184856341
        4.0200000000        9.3984859717
        4.0300000000        9.3784862964
        4.0400000000        9.3584866088
        4.0500000000        9.3384869094
        4.0600000000        9.3184871985
        4.0700000000        9.2984874766
        4.0800000000        9.2784877442
        4.0900000000        9.2584880017
        4.1000000000        9.2384882493
        4.1100000000        9.2184884876
        4.1200000000        9.1984887168
        4.1300000000        9.1784889373
        4.1400000000        9.1584891494
        4.1500000000        9.1384893535
        4.1600000000        9.1184895498
        4.1700000000        9.0984897387
        4.1800000000        9.0784899203
        4.1900000000        9.0584900951
        4.2000000000        9.0384902633
        4.2100000000        9.0184904250
        4.2200000000        8.9984905806
        4.2300000000        8.9784907303
        4.2400000000        8.9584908743
        4.2500000000        8.9384910129
        4.2600000000        8.9184911462
        4.2700000000        8.8984912744
        4.2800000000        8.8784913977
        4.2900000000        8.8584915164
        4.3000000000        8.8384916305
        4.3100000000        8.8184917403
        4.3200000000        8.7984918459
        4.3300000000        8.7784919475
        4.3400000000        8.7584920453
        4.3500000000        8.7384921393
        4.3600000000        8.7184922298
        4.3700000000        8.6984923168
        4.3800000000        8.6784924005
        4.3900000000        8.6584924811
        4.4000000000        8.6384925585
        4.4100000000        8.6184926331
        4.4200000000        8.5984927048
        4.4300000000        8.5784927737
        4.4400000000        8.5584928401
        4.4500000000        8.5384929039
        4.4600000000        8.5184929653
        4.4700000000        8.4984930243
        4.4800000000        8.4784930811
        4.4900000000        8.4584931358
        4.5000000000        8.4384931884
        4.5100000000        8.4184932389
        4.5200000000        8.3984932876
        4.5300000000        8.3784933344
        4.5400000000        8.3584933794
        4.5500000000        8.3384934227
        4.5600000000        8.3184934644
        4.5700000000        8.2984935044
        4.5800000000        8.2784935430
        4.5900000000        8.2584935801
        4.6000000000        8.2384936158
        4.6100000000        8.2184936501
        4.6200000000        8.1984936831
        4.6300000000        8.1784937148
        4.6400000000        8.1584937454
        4.6500000000        8.1384937748
        4.6600000000        8.1184938030
        4.6700000000        8.0984938302
        4.6800000000        8.0784938564
        4.6900000000        8.0584938815
        4.7000000000        8.0384939057
        4.7100000000        8.0184939290
        4.7200000000        7.9984939514
        4.7300000000        7.9784939729
        4.7400000000        7.9584939937
        4.7500000000        7.9384940136
        4.7600000000        7.9184940328
        4.7700000000        7.8984940512
        4.7800000000        7.8784940689
        4.7900000000        7.8584940860
        4.8000000000        7.8384941024
        4.8100000000        7.8184941182
        4.8200000000        7.7984941334
        4.8300000000        7.7784941480
        4.8400000000        7.7584941621
        4.8500000000        7.7384941756
        4.8600000000        7.7184941886
        4.8700000000        7.6984942011
        4.8800000000        7.6784942131
        4.8900000000        7.6584942247
        4.9000000000        7.6384942358
        4.9100000000        7.6184942466
        4.9200000000        7.5984942569
        4.9300000000        7.5784942668
        4.9400000000        7.5584942763
        4.9500000000        7.5384942855
        4.9600000000        7.5184942943
        4.9700000000        7.4984943028
        4.9800000000        7.4784943109
        4.9900000000        7.4584943188
        5.0000000000        7.4384943263
        5.0100000000        7.4184943336
        5.0200000000        7.3984943406
        5.0300000000        7.3784943473
        5.0400000000        7.3584943538
        5.0500000000        7.3384943600
        5.0600000000        7.3184943660
        5.0700000000        7.2984943717
        5.0800000000        7.2784943772
        5.0900000000        7.2584943826
        5.1000000000        7.2384943877
        5.1100000000        7.2184943926
        5.1200000000        7.1984943973
        5.1300000000        7.1784944019
        5.1400000000        7.1584944063
        5.1500000000        7.1384944105
        5.1600000000        7.1184944146
        5.1700000000        7.0984944185
        5.1800000000        7.0784944222
        5.1900000000        7.0584944258
        5.2000000000        7.0384944293
        5.2100000000        7.0184944326
        5.2200000000        6.9984944358
        5.2300000000        6.9784944389
        5.2400000000        6.9584944419
        5.2500000000        6.9384944447
        5.2600000000        6.9184944475
        5.2700000000        6.8984944501
        5.2800000000        6.8784944527
        5.2900000000        6.8584944551
        5.3000000000        6.8384944575
        5.3100000000        6.8184944597
        5.3200000000        6.7984944619
        5.3300000000        6.7784944640
        5.3400000000        6.7584944660
        5.3500000000        6.7384944680
        5.3600000000        6.7184944698
        5.3700000000        6.6984944716
        5.3800000000        6.6784944733
        5.3900000000        6.6584944750
        5.4000000000        6.6384944766
        5.4100000000        6.6184944781
        5.4200000000        6.5984944796
        5.4300000000        6.5784944810
        5.4400000000        6.5584944824
        5.4500000000        6.5384944837
        5.4600000000        6.5184944850
        5.4700000000        6.4984944862
        5.4800000000        6.4784944873
        5.4900000000        6.4584944885
        5.5000000000        6.4384944896
        5.5100000000        6.4184944906
        5.5200000000        6.3984944916
        5.5300000000        6.3784944926
        5.5400000000        6.3584944935
        5.5500000000        6.3384944944
        5.5600000000        6.3184944952
        5.5700000000        6.2984944960
        5.5800000000        6.2784944968
        5.5900000000        6.2584944976
        5.6000000000        6.2384944983
        5.6100000000        6.2184944990
        5.6200000000        6.1984944997
        5.6300000000        6.1784945004
        5.6400000000        6.1584945010
        5.6500000000        6.1384945016
        5.6600000000        6.1184945022
        5.6700000000        6.0984945027
        5.6800000000        6.0784945033
        5.6900000000        6.0584945038
        5.7000000000        6.0384945043
        5.7100000000        6.0184945048
        5.7200000000        5.9984945052
        5.7300000000        5.9784945057
        5.7400000000        5.9584945061
        5.7500000000        5.9384945065
        5.7600000000        5.9184945069
        5.7700000000        5.8984945073
        5.7800000000        5.8784945076
        5.7900000000        5.8584945080
        5.8000000000        5.8384945083
        5.8100000000        5.8184945086
        5.8200000000        5.7984945089
        5.8300000000        5.7784945092
        5.8400000000        5.7584945095
        5.8500000000        5.7384945098
        5.8600000000        5.7184945101
        5.8700000000        5.6984945103
        5.8800000000        5.6784945106
        5.8900000000        5.6584945108
        5.9000000000        5.6384945110
        5.9100000000        5.6184945113
        5.9200000000        5.5984945115
        5.9300000000        5.5784945117
        5.9400000000        5.5584945119
        5.9500000000        5.5384945121
        5.9600000000        5.5184945122
        5.9700000000        5.4984945124
        5.9800000000        5.4784945126
        5.9900000000        5.4584945127
        6.0000000000        5.4384945129
        6.0100000000        5.4184945130
        6.0200000000        5.3984945132
        6.0300000000        5.3784945133
        6.0400000000        5.3584945135
        6.0500000000        5.3384945136
        6.0600000000        5.3184945137
        6.0700000000        5.2984945138
        6.0800000000        5.2784945139
        6.0900000000        5.2584945140
        6.1000000000        5.2384945141
        6.1100000000        5.2184945142
        6.1200000000        5.1984945143
        6.1300000000        5.1784945144
        6.1400000000        5.1584945145
        6.1500000000        5.1384945146
        6.1600000000        5.1184945147
        6.1700000000        5.0984945148
        6.1800000000        5.0784945148
        6.1900000000        5.0584945149
        6.2000000000        5.0384945150
        6.2100000000        5.0184945151
        6.2200000000        4.9984945151
        6.2300000000        4.9784945152
        6.2400000000        4.9584945152
        6.2500000000        4.9384945153
        6.2600000000        4.9184945154
        6.2700000000        4.8984945154
        6.2800000000        4.8784945155
        6.2900000000        4.8584945155
        6.3000000000        4.8384945156
        6.3100000000        4.8184945156
        6.3200000000        4.7984945157
        6.3300000000        4.7784945157
        6.3400000000        4.7584945157
        6.3500000000        4.7384945158
        6.3600000000        4.7184945158
        6.3700000000        4.6984945159
        6.3800000000        4.6784945159
        6.3900000000        4.6584945159
        6.4000000000        4.6384945160
        6.4100000000        4.6184945160
        6.4200000000        4.5984945160
        6.4300000000        4.5784945160
        6.4400000000        4.5584945161
        6.4500000000        4.5384945161
        6.4600000000        4.5184945161
        6.4700000000        4.4984945162
        6.4800000000        4.4784945162
        6.4900000000        4.4584945162
        6.5000000000        4.4384945162
        6.5100000000        4.4184945162
        6.5200000000        4.3984945163
        6.5300000000        4.3784945163
        6.5400000000        4.3584945163
        6.5500000000        4.3384945163
        6.5600000000        4.3184945163
        6.5700000000        4.2984945164
        6.5800000000        4.2784945164
        6.5900000000        4.2584945164
        6.6000000000        4.2384945164
        6.6100000000        4.2184945164
        6.6200000000        4.1984945164
        6.6300000000        4.1784945164
        6.6400000000        4.1584945165
        6.6500000000        4.1384945165
        6.6600000000        4.1184945165
        6.6700000000        4.0984945165
        6.6800000000        4.0784945165
        6.6900000000        4.0584945165
        6.7000000000        4.0384945165
        6.7100000000        4.0184945165
        6.7200000000        3.9984945165
        6.7300000000        3.9784945165
        6.7400000000        3.9584945166
        6.7500000000        3.9384945166
        6.7600000000        3.9184945166
        6.7700000000        3.8984945166
        6.7800000000        3.8784945166
        6.7900000000        3.8584945166
        6.8000000000        3.8384945166
        6.8100000000        3.8184945166
        6.8200000000        3.7984945166
        6.8300000000        3.7784945166
        6.8400000000        3.7584945166
        6.8500000000        3.7384945166
        6.8600000000        3.7184945166
        6.8700000000        3.6984945166
        6.8800000000        3.6784945166
        6.8900000000        3.6584945166
        6.9000000000        3.6384945167
        6.9100000000        3.6184945167
        6.9200000000        3.5984945167
        6.9300000000        3.5784945167
        6.9400000000        3.5584945167
        6.9500000000        3.5384945167
        6.9600000000        3.5184945167
        6.9700000000        3.4984945167
        6.9800000000        3.4784945167
        6.9900000000        3.4584945167
        7.0000000000        3.4384945167
        7.0100000000        3.4184945167
        7.0200000000        3.3984945167
        7.0300000000        3.3784945167
        7.0400000000        3.3584945167
        7.0500000000        3.3384945167
        7.0600000000        3.3184945167
        7.0700000000        3.2984945167
        7.0800000000        3.2784945167
        7.0900000000        3.2584945167
        7.1000000000        3.2384945167
        7.1100000000        3.2184945167
        7.1200000000        3.1984945167
        7.1300000000        3.1784945167
        7.1400000000        3.1584945167
        7.1500000000        3.1384945167
        7.1600000000        3.1184945167
        7.1700000000        3.0984945167
        7.1800000000        3.0784945167
        7.1900000000        3.0584945167
        7.2000000000        3.0384945167
        7.2100000000        3.0184945167
