   0.0000000000000000        0.0000000000000000       -0.0000000000000000        0.0000000000000000        0.0000000000000000       -0.0000000000000000     
   5.0000000000000003E-002   7.5018722410676239E-002  -9.1725664204940299E-002  0.10238137540072850      -0.11039997045702671       0.11690129848801310     
  0.10000000000000001       0.14947585803660315      -0.18184932525700573       0.20195466290103226      -0.21667388931700984       0.22827281423495066     
  0.15000000000000002       0.22281682095229502      -0.26880035234028482       0.29599255174803896      -0.31485393089149755       0.32885056333133467     
  0.20000000000000001       0.29450090486854036      -0.35107011358171569       0.38192672527322102      -0.40128230449767782       0.41388891610358636     
  0.25000000000000000       0.36400792047978064      -0.42724113234713174       0.45742104845729481      -0.47275051033926174       0.47938735992899872     
  0.30000000000000004       0.43084447742940074      -0.49601409025310489       0.52043743543308685      -0.52662045327891860       0.52228027019375478     
  0.35000000000000003       0.49454980484823713      -0.55623205460284986       0.56929236503305503      -0.56092261431025614       0.54058042066953371     
  0.40000000000000002       0.55470101462732024      -0.60690138571966568       0.60270234136175271      -0.57442747222429413       0.53346936888937524     
  0.45000000000000001       0.61091772381389398      -0.64720887195704579       0.61981698237311256      -0.56668751805971040       0.50133059768255772     
  0.50000000000000000       0.66286596644247964      -0.67653474401704683       0.62023884747263969      -0.53804845884272035       0.44572423056616806     
  0.55000000000000004       0.71026134036094901      -0.69446133227390594       0.60402956868119317      -0.48962950697927415       0.36930510680370893     
  0.60000000000000009       0.75287135078596734      -0.70077724752650628       0.57170231155934448      -0.42327393817732029       0.27568884237330987     
  0.65000000000000002       0.79051692900576209      -0.69547708335033920       0.52420104453767369      -0.34147231619596452       0.16927306578558265     
  0.70000000000000007       0.82307312141894651      -0.67875675338700170       0.46286752186041297      -0.24726187361796775        5.5023170197916527E-002
  0.75000000000000000       0.85046896054154042      -0.65100468606311712       0.38939727073190061      -0.14410645766013697       -6.1766442046101572E-002
  0.80000000000000004       0.87268654533547163      -0.61278919921971575       0.30578620413895213       -3.5762161201984444E-002 -0.17572360664557646     
  0.85000000000000009       0.88975937284639284      -0.56484246519198866       0.21426974636980911        7.3865765228003921E-002 -0.28164971884817447     
  0.90000000000000002       0.90176997636281264      -0.50804155071362389       0.11725655048624462       0.18086890011000351      -0.37475895519708929     
  0.95000000000000007       0.90884693684718132      -0.44338707387211035        1.7259001062399304E-002  0.28147874528059907      -0.45089408186181518     
   1.0000000000000000       0.91116134402266513      -0.37198006103400888       -8.3177270274656323E-002  0.37220141187837258      -0.50670895214164091     
   1.0500000000000000       0.90892279106634633      -0.29499760961510069      -0.18154267306807348       0.44993888228681844      -0.53980967831144588     
   1.1000000000000001       0.90237499226189277      -0.21366796780999028      -0.27542968449847050       0.51209252903560087      -0.54884869976476125     
   1.1500000000000001       0.89179111616586815      -0.12924563051207930      -0.36259373310431986       0.55664542668903727      -0.53356843267115905     
   1.2000000000000002       0.87746892786593467       -4.2987022768370908E-002 -0.44100730041715752       0.58222096286541958      -0.49479374043706137     
   1.2500000000000000       0.85972583283729687        4.3872700190430922E-002 -0.50890588865803332       0.58811629265676879      -0.43437497337492120     
   1.3000000000000000       0.83889391186890572       0.13014126205238899      -0.56482482340723594       0.57431023864664243      -0.35508566182556917     
   1.3500000000000001       0.81531503171150910       0.21468887428628561      -0.60762620096710063       0.54144626942735119      -0.26048099548372006     
   1.4000000000000001       0.78933610971178125       0.29646550799993271      -0.63651563763504715       0.49079214934395210      -0.15472488876119572     
   1.4500000000000002       0.76130460298601199       0.37451556974302808      -0.65104881937335757       0.42417870277734882       -4.2394647891149551E-002
   1.5000000000000000       0.73156428391928219       0.44798980241170067      -0.65112817342252016       0.34392084610875212        7.1727022640073079E-002
   1.5500000000000000       0.70045135422946014       0.51615431259068134      -0.63699027764473726       0.25272458605644288       0.18286272352590938     
   1.6000000000000001       0.66829093979029830       0.57839670344798100      -0.60918487991130987       0.15358404948682547       0.28644410573647033     
   1.6500000000000001       0.63539399813958064       0.63422936553557574      -0.56854661174471266        4.9672791104378666E-002  0.37829972927227323     
   1.7000000000000002       0.60205466036888977       0.68329004469469490      -0.51616064290606956       -5.5766375700160409E-002  0.45481924513075128     
   1.7500000000000000       0.56854801914365249       0.72533986519378690      -0.45332363407919357      -0.15952895243063908       0.51308756725109594     
   1.8000000000000000       0.53512836515310203       0.76025903607861578      -0.38150140278458833      -0.25854998799532425       0.55098438802985128     
   1.8500000000000001       0.50202786552744016       0.78804050869784448      -0.30228472471586337      -0.34999568217667149       0.56724621068394288     
   1.9000000000000001       0.46945566983894582       0.80878188306653931      -0.21734465219033267      -0.43134263255146693       0.56148992639730089     
   1.9500000000000002       0.43759742234562859       0.82267588008430159      -0.12838864825007895      -0.50044263036533532       0.53419876013083500     
   2.0000000000000000       0.40661515322567171       0.82999970590541106       -3.7118715274186614E-002 -0.55557158497031878       0.48667306143549466     
   2.0500000000000003       0.37664751673904673       0.83110363453142666        5.4807452207617374E-002 -0.59546184061115870       0.42094985365799542     
   2.1000000000000001       0.34781034055688498       0.82639912577917352       0.14581143190897103      -0.61931781441662359       0.33969622042000858     
   2.1499999999999999       0.32019744790624255       0.81634677918775289       0.23442448206271291      -0.62681550427896171       0.24608246367148820     
   2.2000000000000002       0.29388171264709351       0.80144440133561157       0.31931291204651346      -0.61808696774916172       0.14364149284418318     
   2.2500000000000000       0.26891630686503948       0.78221543570799434       0.39929812492800254      -0.59369134068928653        3.6121097618748488E-002
   2.3000000000000003       0.24533610094300898       0.75919797199682304       0.47337122535097620      -0.55457433485344121       -7.2664367666934238E-002
   2.3500000000000001       0.22315917726827722       0.73293451683672017       0.54070225708918185      -0.50201841969020766      -0.17897677241143442     
   2.4000000000000004       0.20238842062655560       0.70396267174362648       0.60064428785877799      -0.43758605344175711      -0.27928601434598066     
   2.4500000000000002       0.18301315081497696       0.67280682760333865       0.65273269100318965      -0.36305838476363156      -0.37038623880408456     
   2.5000000000000000       0.16501076595000969       0.63997094951862865       0.69668008196978126      -0.28037180549272700      -0.44949286641683417     
   2.5500000000000003       0.14834836823511283       0.60593249208951017       0.73236745072238918      -0.19155460822288206      -0.51431790039758918     
   2.6000000000000001       0.13298434747089133       0.57113745404142813       0.75983208906487043       -9.8665802070927788E-002 -0.56312208702952737     
   2.6500000000000004       0.11886990122921416       0.53599655313718397       0.77925294493091524       -3.7378813400071320E-003 -0.59474357717938497     
   2.7000000000000002       0.10595047427306770       0.50088247795154228       0.79093404549641688        9.1274959380201692E-002 -0.60860373552528158     
   2.7500000000000000        9.4167103397596388E-002  0.46612815263253093       0.79528661964831360       0.18454199769443586      -0.60469162857933678     
   2.8000000000000003        8.3457657318815520E-002  0.43202593434834152       0.79281052057926249       0.27439371586897743      -0.58352946256863047     
   2.8500000000000001        7.3757964481624763E-002  0.39882765071272019       0.78407550411627014       0.35935160051405940      -0.54612181766651202     
   2.9000000000000004        6.5002824647846319E-002  0.36674537596247236       0.76970286108508312       0.43814983525589463      -0.49389192561989781     
   2.9500000000000002        5.7126902820716925E-002  0.33595283979324236       0.75034783587045151       0.50974900377332810      -0.42860846251423179     
   3.0000000000000000        5.0065506439478477E-002  0.30658736122686925       0.72668319159029671       0.57334217685237598      -0.35230638468948600     
   3.0500000000000003        4.3755248822758552E-002  0.27875220130676298       0.69938420800559198       0.62835397208280552      -0.26720523825770365     
   3.1000000000000001        3.8134603548870598E-002  0.25251923237689300       0.66911532420258280       0.67443334487636997      -0.17562814152918932     
   3.1500000000000004        3.3144355840606321E-002  0.22793182775308904       0.63651856662438544       0.71144099327134713       -7.9924299231157236E-002
   3.2000000000000002        2.8727958084776302E-002  0.20500788329544767       0.60220383621211349       0.73943233719012835        1.7602515595792401E-002
   3.2500000000000000        2.4831797382150241E-002  0.18374289130114257       0.56674106783643829       0.75863706788768381       0.11475755417865657     
   3.3000000000000003        2.1405383515862974E-002  0.16411299684445751       0.53065422202685686       0.76943625916150882       0.20950930738029283     
   3.3500000000000001        1.8401465973548289E-002  0.14607797681532053       0.49441702399194021       0.77233799347473298       0.30003340134110518     
   3.4000000000000004        1.5776088690421870E-002  0.12958409210998881       0.45845032843702688       0.76795238920119069       0.38474572081074199     
   3.4500000000000002        1.3488591028291598E-002  0.11456677341491825       0.42312096074670474       0.75696682586445807       0.46232475955200492     
   3.5000000000000000        1.1501563200101419E-002  0.10095311055322487       0.38874186542859201       0.74012205873168868       0.53172359648448841     
   3.5500000000000003        9.7807639213824370E-003   8.8664124238188910E-002  0.35557338078608769       0.71818979847252362       0.59217223232413208     
   3.6000000000000001        8.2950075476188618E-003   7.7616807154049533E-002  0.32382545388214878       0.69195221142506924       0.64317128801130041     
   3.6500000000000004        7.0160273666927848E-003   6.7725928460903709E-002  0.29366061111726133       0.66218367635478881       0.68447826076783969     
   3.7000000000000002        5.9183210824135845E-003   5.8905602039916460E-002  0.26519750623004917       0.62963501875905425       0.71608765726298529     
   3.7500000000000000        4.9789838700677160E-003   5.1070624036707632E-002  0.23851487825716944       0.59502033727449644       0.73820638017355367     
   3.8000000000000003        4.1775337264499095E-003   4.4137589536374588E-002  0.21365576598238639       0.55900644127336419       0.75122574086645955     
   3.8500000000000001        3.4957331905188971E-003   3.8025801551446158E-002  0.19063184172335740       0.52220483615823743       0.75569141524712102     
   3.9000000000000004        2.9174108893481442E-003   3.2657987983665995E-002  0.16942774507591793       0.48516612427759720       0.75227256137753962     
   3.9500000000000002        2.4282857773522803E-003   2.7960843907189038E-002  0.15000531567457751       0.44837663518141468       0.74173118618707556     
   4.0000000000000000        2.0157963922473169E-003   2.3865417500687505E-002  0.13230764245200460       0.41225705889800013       0.72489269440034998     
   4.0499999999999998        1.6689369539121524E-003   2.0307358321424409E-002  0.11626286471750301       0.37716282931445577       0.70261838516706487     
   4.1000000000000005        1.3781016852671584E-003   1.7227046460269915E-002  0.10178767716596711       0.34338599045746027       0.67578048946274216     
   4.1500000000000004        1.1349383387014840E-003   1.4569620536527874E-002   8.8790506326569013E-002  0.31115827508261706       0.64524017171910930     
   4.2000000000000002        9.3221156719394530E-004   1.2284921575066256E-002   7.7174339721288898E-002  0.28065513088643290       0.61182875865895647     
   4.2500000000000000        7.6367648459095907E-004   1.0327368639369200E-002   6.6839200979936619E-002  0.25200044316068210       0.57633231192271561     
   4.2999999999999998        6.2396251207470505E-004   8.6557807489358578E-003   5.7684274287657031E-002  0.22527172211134511       0.53947953239016777     
   4.3500000000000005        5.0846740450340188E-004   7.2331581555389064E-003   4.9609689832371781E-002  0.20050554672148352       0.50193287542010789     
   4.4000000000000004        4.1326118735993296E-004   6.0264345486599862E-003   4.2517988441606785E-002  0.17770308342358992       0.46428266865258982     
   4.4500000000000002        3.3499960852423723E-004   5.0062102550780764E-003   3.6315288465312200E-002  0.15683552559353864       0.42704395758739500     
   4.5000000000000000        2.7084661486587191E-004   4.1464750311343695E-003   3.0912181322097772E-002  0.13784932780108231       0.39065575803069624     
   4.5499999999999998        2.1840529760827878E-004   3.4243276500171959E-003   2.6224384151709367E-002  0.12067113586561290       0.35548236715244080     
   4.6000000000000005        1.7565670852569314E-004   2.8196981839093290E-003   2.2173178889840370E-002  0.10521233928813190       0.32181637426871285     
   4.6500000000000004        1.4090592747156752E-004   2.3150776882412917E-003   1.8685666989360240E-002   9.1373195975762253E-002  0.28988301616825141     
   4.7000000000000002        1.1273475693677087E-004   1.8952589225302826E-003   1.5694868137994866E-002   7.9046499942983572E-002  0.25984553727731480     
   4.7500000000000000        8.9960428032254984E-005   1.5470907939189459E-003   1.3139689840320150E-002   6.8120780629943908E-002  0.23181123960558697     
   4.8000000000000007        7.1599721548793848E-005   1.2592483856728985E-003   1.0964792801917757E-002   5.8483037533432758E-002  0.20583793872537601     
   4.8500000000000005        5.6837934971102044E-005   1.0220197301000851E-003   9.1203748194522531E-003   5.0021026032579491E-002  0.18194057767181432     
   4.9000000000000004        4.5002159260168605E-005   8.2710989742328827E-004   7.5618934677033076E-003   4.2625119738433435E-002  0.16009778852287104     
   4.9500000000000002        3.5538365940919864E-005   6.6746249088365302E-004   6.2497453896664728E-003   3.6189781607494205E-002  0.14025822972407195     
   5.0000000000000000        2.7991843929095969E-005   5.3709825425628059E-004   5.1489175262419591E-003   3.0614680688883636E-002  0.12234656447547962     
