   0.0000000000000000        0.0000000000000000        0.0000000000000000     
   4.0000000000000001E-002  0.13324079319361964      -0.13467261382603810     
   8.0000000000000002E-002  0.24898265794244373      -0.25081575231561737     
  0.12000000000000000       0.33202669559136699      -0.33245124387828795     
  0.16000000000000000       0.37147117447655720      -0.36835162567683061     
  0.20000000000000001       0.36214289074484352      -0.35358442159758152     
  0.23999999999999999       0.30527458017736525      -0.29018864912908277     
  0.28000000000000003       0.20833971657213859      -0.18689083824504901     
  0.32000000000000001        8.4067152947382123E-002  -5.7900482877278892E-002
  0.35999999999999999       -5.1233912905582352E-002   7.9048183743697237E-002
  0.40000000000000002      -0.17981751272999946       0.20513745934531527     
  0.44000000000000000      -0.28483055129239199       0.30305366285063445     
  0.47999999999999998      -0.35252207326298701       0.35936444764941022     
  0.52000000000000002      -0.37404216821180386       0.36635919205283757     
  0.56000000000000005      -0.34659514274207404       0.32310037015763882     
  0.59999999999999998      -0.27379703778202730       0.23554301374117786     
  0.64000000000000001      -0.16519248487878210       0.11570795638059705     
  0.68000000000000005       -3.4996383152030935E-002  -1.9975302826853072E-002
  0.71999999999999997        9.9772633364807614E-002 -0.15292651902424498     
  0.76000000000000001       0.22152079819171031      -0.26496204624362174     
  0.80000000000000004       0.31437720394282548      -0.34078160679601172     
  0.83999999999999997       0.36626054952838999      -0.37005408351598745     
  0.88000000000000000       0.37044549180800912      -0.34881821516339312     
  0.92000000000000004       0.32642602253430475      -0.28000906520140306     
  0.95999999999999996       0.23996602405639161      -0.17304157675153231     
   1.0000000000000000       0.12233374508009004       -4.2511750543169330E-002
   1.0400000000000000       -1.1176656854476247E-002   9.3803779090452261E-002
   1.0800000000000001      -0.14324104819057382       0.21737415310000502     
   1.1200000000000001      -0.25675701228261921       0.31143442714203429     
   1.1599999999999999      -0.33705784093667396       0.36325623189127082     
   1.2000000000000000      -0.37380200455152085       0.36586163723194115     
   1.2400000000000000      -0.36229514272691571       0.31895039524463609     
   1.2800000000000000      -0.30407668963335005       0.22891894331934026     
   1.3200000000000001      -0.20669951309363127       0.10797349186354638     
   1.3600000000000001       -8.2735725398697058E-002  -2.7537782547395806E-002
   1.4000000000000001        5.1858539237618226E-002 -0.15934361903991517     
   1.4399999999999999       0.17980493835820932      -0.26971696146953639     
   1.4800000000000000       0.28472360416319864      -0.34385665939835741     
   1.5200000000000000       0.35322665341716486      -0.37186361860415601     
   1.5600000000000001       0.37661711956535693      -0.35004848630991747     
   1.6000000000000001       0.35197870274343468      -0.28139988286813256     
   1.6400000000000001       0.28252153395830770      -0.17515624550832359     
   1.6799999999999999       0.17714540310373417       -4.5544947847550643E-002
   1.7200000000000000        4.9282081504098185E-002   9.0136771598148868E-002
   1.7600000000000000       -8.4830384719951843E-002  0.21383815686230676     
   1.8000000000000000      -0.20821776777922660       0.30915702919246307     
   1.8400000000000001      -0.30531897221874948       0.36350759065955185     
   1.8800000000000001      -0.36394203084569710       0.36976810848532971     
   1.9199999999999999      -0.37678150278422895       0.32719448128935152     
   1.9600000000000000      -0.34230995622553817       0.24148509326388190     
   2.0000000000000000      -0.26493711734915687       0.12399577509136345     
   2.0400000000000000      -0.15442355179982786       -9.7841133044622719E-003
   2.0800000000000001       -2.4629469508393509E-002 -0.14228731162828473     
   2.1200000000000001       0.10823839670993854      -0.25618119626243274     
   2.1600000000000001       0.22765806602821409      -0.33663179963237028     
   2.2000000000000002       0.31884596865306358      -0.37322375523166051     
   2.2400000000000002       0.37057759142891256      -0.36128906031394065     
   2.2800000000000002       0.37655187765607739      -0.30247762835215597     
   2.3199999999999998       0.33613557093377738      -0.20450334162121675     
   2.3599999999999999       0.25440252226058685       -8.0107231417837155E-002
   2.3999999999999999       0.14147110326785001        5.4619660129459097E-002
   2.4399999999999999        1.1229218026313381E-002  0.18233024095901457     
   2.4800000000000000      -0.12038964580385872       0.28665784820538209     
   2.5200000000000000      -0.23736321682296591       0.35430630784751010     
   2.5600000000000001      -0.32552866245424961       0.37672742082665278     
   2.6000000000000001      -0.37428541688326555       0.35117630756072771     
   2.6400000000000001      -0.37784919034529318       0.28101753699184440     
   2.6800000000000002      -0.33591126815413913       0.17525231107562916     
   2.7200000000000002      -0.25363139457928180        4.7336445779323555E-002
   2.7600000000000002      -0.14097403667115349       -8.6552235158611379E-002
   2.8000000000000003       -1.1476624673583125E-002 -0.20957128491735530     
   2.8399999999999999       0.11939497953472925      -0.30633255783778701     
   2.8799999999999999       0.23610178085835570      -0.36481588517389041     
   2.9199999999999999       0.32487402710476732      -0.37784078135656440     
   2.9600000000000000       0.37532238919277305      -0.34391864231972524     
   3.0000000000000000       0.38163092136419868      -0.26738813911223291     
   3.0400000000000000       0.34319754420036919      -0.15782730912588772     
   3.0800000000000001       0.26465531319448171       -2.8825642760741732E-002
   3.1200000000000001       0.15528167404902515       0.10372288755902698     
   3.1600000000000001        2.7874394599937791E-002  0.22358875088383756     
   3.2000000000000002      -0.10276643290361470       0.31619239513069075     
   3.2400000000000002      -0.22156784082308761       0.37036356003804105     
   3.2800000000000002      -0.31492151823994641       0.37966370507035285     
   3.3200000000000003      -0.37222921390699037       0.34311807157156005     
   3.3599999999999999      -0.38708199717375152       0.26527847217543643     
   3.3999999999999999      -0.35794496057469954       0.15562035059489793     
   3.4399999999999999      -0.28827816263753098        2.7357778859280646E-002
   3.4800000000000000      -0.18609027199687861      -0.10417176550756813     
   3.5200000000000000       -6.2985796707381358E-002 -0.22335266497447359     
   3.5600000000000001        6.7177336300345281E-002 -0.31614306142231763     
   3.6000000000000001       0.18986184070584727      -0.37171393980342510     
   3.6400000000000001       0.29147637922004638      -0.38368586312792746     
   3.6800000000000002       0.36087017481860734      -0.35082541027134073     
   3.7200000000000002       0.39053378772701985      -0.27712989172225433     
   3.7600000000000002       0.37737936534334204      -0.17130210167479470     
   3.8000000000000003       0.32302314270803506       -4.5687914699084564E-002
   3.8399999999999999       0.23354956856511017        8.5189797429217562E-002
   3.8799999999999999       0.11879367626529352       0.20632392229779423     
   3.9199999999999999       -8.7701076818894608E-003  0.30394365899819820     
   3.9600000000000000      -0.13540408275740329       0.36706562454431430     
   4.0000000000000000      -0.24759441324813436       0.38870247970813021     
   4.0400000000000000      -0.33348750113269249       0.36659930908514315     
   4.0800000000000001      -0.38412357546198050       0.30342475471609004     
   4.1200000000000001      -0.39434122298035923       0.20640725527914622     
   4.1600000000000001      -0.36326497303800026        8.6469284628837795E-002
   4.2000000000000002      -0.29433453079246052       -4.3032812664548503E-002
   4.2400000000000002      -0.19488359217959819      -0.16781479711749900     
   4.2800000000000002       -7.5323048736070430E-002 -0.27424454738614262     
   4.3200000000000003        5.1977040554876175E-002 -0.35082091114776282     
   4.3600000000000003       0.17398393549851340      -0.38939219143466747     
   4.4000000000000004       0.27833968548603882      -0.38598800880848672     
   4.4400000000000004       0.35460209862685194      -0.34118392120739954     
   4.4800000000000004       0.39526581255243992      -0.25997105675527132     
   4.5200000000000005       0.39646624515154560      -0.15115709277805400     
   4.5600000000000005       0.35830429354042015       -2.6374295957253047E-002
   4.6000000000000005       0.28476971625611380       0.10119011154736968     
   4.6399999999999997       0.18328191403963306       0.21820012566501260     
   4.6799999999999997        6.3904184013031218E-002  0.31256255799683014     
   4.7199999999999998       -6.1682131515474081E-002  0.37465925854030563     
   4.7599999999999998      -0.18133656115031418       0.39829643748236476     
   4.7999999999999998      -0.28363516248984316       0.38128092626705101     
   4.8399999999999999      -0.35894905688144790       0.32557467664280626     
   4.8799999999999999      -0.40032539604199124       0.23702368876905733     
   4.9199999999999999      -0.40409288410899946       0.12470109431005336     
   4.9600000000000000      -0.37014307960781012       -5.8118676771468092E-005
   5.0000000000000000      -0.30187122203280792      -0.12482486767961254     
   5.0400000000000000      -0.20579298885499986      -0.23732380482220453     
   5.0800000000000001       -9.0883275347599296E-002 -0.32663520900609266     
   5.1200000000000001        3.2292859516983824E-002 -0.38423407093870154     
   5.1600000000000001       0.15257050124683003      -0.40476983750398154     
   5.2000000000000002       0.25920218830747899      -0.38651926202484432     
   5.2400000000000002       0.34280931617689353      -0.33147914636195364     
   5.2800000000000002       0.39618450736157401      -0.24510182218519727     
   5.3200000000000003       0.41487867493576092      -0.13571039517428807     
   5.3600000000000003       0.39752852873451772       -1.3659846214259003E-002
   5.4000000000000004       0.34590518307255169       0.10966849382889998     
   5.4400000000000004       0.26468992157990567       0.22293945993176043     
   5.4800000000000004       0.16100676079295223       0.31590177142583620     
   5.5200000000000005        4.3761237861900393E-002  0.38029665149516723     
   5.5600000000000005       -7.7150696981388656E-002  0.41055894460548215     
   5.6000000000000005      -0.19169163108104278       0.40425469293932237     
   5.6399999999999997      -0.29051588249880711       0.36222552729583857     
   5.6799999999999997      -0.36571814588530221       0.28843799195273090     
   5.7199999999999998      -0.41143917204864100       0.18956243590329289     
   5.7599999999999998      -0.42428476635060003        7.4329025621623954E-002
   5.7999999999999998      -0.40353191391757381       -4.7274092891533948E-002
   5.8399999999999999      -0.35111453093622547      -0.16488467578775939     
   5.8799999999999999      -0.27139956757451178      -0.26865297054246179     
   5.9199999999999999      -0.17078047116206699      -0.35005526623859101     
   5.9600000000000000       -5.7128148845027871E-002 -0.40256861125619497     
   6.0000000000000000        6.0851312554409273E-002 -0.42215595287510521     
   6.0400000000000000       0.17429827084535809      -0.40752947025200581     
   6.0800000000000001       0.27486649958007292      -0.36018004319508767     
   6.1200000000000001       0.35532564298737901      -0.28418079576422328     
   6.1600000000000001       0.41005703287468309      -0.18579079497574186     
   6.2000000000000002       0.43541122752287575       -7.2899871567099095E-002
   6.2400000000000002       0.42990784006375127        4.5633857376204484E-002
   6.2800000000000002       0.39427108704415220       0.16069642784202245     
   6.3200000000000003       0.33130697254233504       0.26362232698248916     
   6.3600000000000003       0.24563920944952025       0.34683647658037559     
   6.4000000000000004       0.14333012417620700       0.40438770053412293     
   6.4400000000000004        3.1419369724461167E-002  0.43233855501712715     
   6.4800000000000004       -8.2583000069374732E-002  0.42898947729793724     
   6.5200000000000005      -0.19121171084667068       0.39492910284114446     
   6.5600000000000005      -0.28753420849259986       0.33291616151299214     
   6.6000000000000005      -0.36558011719866707       0.24761056617118882     
   6.6400000000000006      -0.42068708147844303       0.14518131811372539     
   6.6799999999999997      -0.44974523585122195        3.2826083724235483E-002
   6.7199999999999998      -0.45133056164790980       -8.1758578260332962E-002
   6.7599999999999998      -0.42572542935256691      -0.19091639561101745     
   6.7999999999999998      -0.37483212843164537      -0.28754203237754383     
   6.8399999999999999      -0.30199168767269863      -0.36552985732921728     
   6.8799999999999999      -0.21172543638879932      -0.42013408316962025     
   6.9199999999999999      -0.10942032795989567      -0.44822150181174825     
   6.9600000000000000       -9.8095051257304777E-004 -0.44840669090162627     
   7.0000000000000000       0.10752858316813667      -0.42106821771945718     
   7.0400000000000000       0.21023090371440131      -0.36825240804783421     
   7.0800000000000001       0.30175034878696316      -0.29347817263968318     
   7.1200000000000001       0.37748064450482310      -0.20146181553384732     
   7.1600000000000001       0.43379347496009346       -9.7784453216862299E-002
   7.2000000000000002       0.46818059134961815        1.1473436938394199E-002
   7.2400000000000002       0.47932661125471343       0.12010569935497803     
   7.2800000000000002       0.46711389361557532       0.22213925729109157     
   7.3200000000000003       0.43256461277003250       0.31215761758709087     
   7.3600000000000003       0.37772822040970849       0.38557265311744998     
   7.4000000000000004       0.30552476477794538       0.43883272101701909     
   7.4400000000000004       0.21955598135351101       0.46956001328804670     
   7.4800000000000004       0.12389668578377228       0.47661484400135756     
   7.5200000000000005        2.2878845112459800E-002  0.46008905304440373     
   7.5600000000000005       -7.9120125393472296E-002  0.42123460520870420     
   7.6000000000000005      -0.17787466924859291       0.36233660583749228     
   7.6400000000000006      -0.26948561050267583       0.28654223015393621     
   7.6799999999999997      -0.35052553806471898       0.19765843067224115     
   7.7199999999999998      -0.41815084729823659        9.9931765897765312E-002
   7.7599999999999998      -0.47017835724211443       -2.1766430041827434E-003
   7.7999999999999998      -0.50512640768035932      -0.10420905811976183     
   7.8399999999999999      -0.52222209678191733      -0.20191159836882505     
   7.8799999999999999      -0.52137778082263542      -0.29140885842849129     
   7.9199999999999999      -0.50314108189076112      -0.36934651825870757     
   7.9600000000000000      -0.46862342117458172      -0.43299809499226971     
   8.0000000000000000      -0.41941252000863866      -0.48033423392288582     
   8.0400000000000009      -0.35747441226763765      -0.51005500045973629     
   8.0800000000000001      -0.28505032821961956      -0.52158742818495740     
   8.1200000000000010      -0.20455338988243493      -0.51505203567500635     
   8.1600000000000001      -0.11846945536722436      -0.49120311064160727     
   8.1999999999999993       -2.9265720620608948E-002 -0.45134826443777371     
   8.2400000000000002        6.0690114148936658E-002 -0.39725309618280796     
   8.2799999999999994       0.14919812910399499      -0.33103680558050452     
   8.3200000000000003       0.23428073738596800      -0.25506430295845167     
   8.3599999999999994       0.31422306594732774      -0.17183983951484710     
   8.4000000000000004       0.38759938286761886       -8.3906480349529300E-002
   8.4399999999999995       0.45328634322485217        6.2450716927130445E-003
   8.4800000000000004       0.51046426456754068        9.6255664223996007E-002
   8.5199999999999996       0.55860796397638968       0.18396313355224636     
   8.5600000000000005       0.59746889482153909       0.26745306596407137     
   8.5999999999999996       0.62705042097463459       0.34509471452842533     
   8.6400000000000006       0.64757807165064363       0.41556256185122165     
   8.6799999999999997       0.65946654603336152       0.47784455900857448     
   8.7200000000000006       0.66328509956063653       0.53123848459560641     
   8.7599999999999998       0.65972275970649163       0.57533815520501741     
   8.8000000000000007       0.64955460422254507       0.61001138587097425     
   8.8399999999999999       0.63361010374477744       0.63537165726243594     
   8.8800000000000008       0.61274429631347060       0.65174541043718270     
   8.9199999999999999       0.58781233447819714       0.65963677670700882     
   8.9600000000000009       0.55964773480322538       0.65969137747605844     
   9.0000000000000000       0.52904447103389141       0.65266061450138424     
   9.0400000000000009       0.49674289006766714       0.63936763155652498     
   9.0800000000000001       0.46341929638407003       0.62067587892681009     
   9.1200000000000010       0.42967894622552438       0.59746096535341131     
   9.1600000000000001       0.39605211669353918       0.57058624839533800     
   9.2000000000000011       0.36299286505028627       0.54088240163780799     
   9.2400000000000002       0.33088006712921358       0.50913101127025706     
   9.2799999999999994       0.30002031758842546       0.47605209857893377     
   9.3200000000000003       0.27065228526212837       0.44229534016222805     
   9.3599999999999994       0.24295214051057401       0.40843466382949128     
   9.4000000000000004       0.21703970479975335       0.37496583350331592     
   9.4399999999999995       0.19298501258091530       0.34230659833412874     
   9.4800000000000004       0.17081501906077190       0.31079896630379755     
   9.5199999999999996       0.15052023223788280       0.28071316710792160     
   9.5600000000000005       0.13206109164298666       0.25225288919762989     
   9.5999999999999996       0.11537395800713890       0.22556140773914182     
   9.6400000000000006       0.10037661644776688       0.20072826035533470     
   9.6799999999999997        8.6973229941295652E-002  0.17779617264258324     
   9.7200000000000006        7.5058709403278245E-002  0.15676798282848570     
   9.7599999999999998        6.4522491463656031E-002  0.13761336223798185     
   9.8000000000000007        5.5251735072434499E-002  0.12027517362614841     
   9.8399999999999999        4.7133963641165517E-002  0.10467535153301155     
   9.8800000000000008        4.0059190885942272E-002   9.0720226659189190E-002
   9.9199999999999999        3.3921576339424657E-002   7.8305249267818108E-002
   9.9600000000000009        2.8620661139760667E-002   6.7319094526092860E-002
   10.000000000000000        2.4062236695372136E-002   5.7647155511408921E-002
   10.040000000000001        2.0158898668695392E-002   4.9174447531535492E-002
   10.080000000000000        1.6830336893186238E-002   4.1787960807449447E-002
   10.120000000000001        1.4003408768637428E-002   3.5378507906734698E-002
   10.160000000000000        1.1612039752836213E-002   2.9842118120986284E-002
   10.200000000000001        9.5969901114487041E-003   2.5081033803281010E-002
   10.240000000000000        7.9055223765716991E-003   2.1004364068315840E-002
   10.279999999999999        6.4909992182028914E-003   1.7528449728756824E-002
   10.320000000000000        5.3124368229327951E-003   1.4576990375197978E-002
   10.359999999999999        4.3340345266179667E-003   1.2080980529943140E-002
   10.400000000000000        3.5246974496509912E-003   9.9784971847379986E-003
   10.440000000000000        2.8575652883800233E-003   8.2143760780185107E-003
   10.480000000000000        2.3095572504964251E-003   6.7398090282187332E-003
   10.520000000000000        1.8609403902291491E-003   5.5118897114003872E-003
   10.560000000000000        1.4949262886455182E-003   4.4931305992691930E-003
   10.600000000000000        1.1972991108144808E-003   3.6509694591294415E-003
   10.640000000000001        9.5607652234546998E-004   2.9572799246625195E-003
   10.680000000000000        7.6120372525287307E-004   2.3878972088742134E-003
   10.720000000000001        6.0427993730007544E-004   1.9221670566367825E-003
   10.760000000000000        4.7831594984996994E-004   1.5425235134378064E-003
   10.800000000000001        3.7752091805409466E-004   1.2340989947538185E-003
   10.840000000000000        2.9711622769558227E-004   9.8436844287636601E-004
   10.880000000000001        2.3317411210593654E-004   7.8282801515609074E-004
   10.920000000000000        1.8247863086227206E-004   6.2070771678817576E-004
   10.960000000000001        1.4240664376979925E-004   4.9071662923971858E-004
   11.000000000000000        1.1082649701842083E-004   3.8681885031742220E-004
   11.040000000000001        8.6012265016668349E-005   3.0403791434868265E-004
   11.080000000000000        6.6571546203878551E-005   2.3828726505980744E-004
   11.120000000000001        5.1384982057298609E-005   1.8622427741534089E-004
   11.160000000000000        3.9555846110521439E-005   1.4512533994789540E-004
   11.200000000000001        3.0368226917852240E-005   1.1277959203314217E-004
   11.240000000000000        2.3252500290146875E-005   8.7399041113998105E-005
   11.279999999999999        1.7756948135072201E-005   6.7542946619451064E-005
   11.320000000000000        1.3524531492426787E-005   5.2054537081369023E-005
   11.359999999999999        1.0273962519426863E-005   4.0008314422147153E-005
   11.400000000000000        7.7843436986377540E-006   3.0666386741330672E-005
   11.440000000000000        5.8827524520355963E-006   2.3442452439727891E-005
   11.480000000000000        4.4342461156337648E-006   1.7872230189681411E-005
   11.520000000000000        3.3338466200200496E-006   1.3589288501792724E-005
   11.560000000000000        2.5001371774909103E-006   1.0305373977655415E-005
   11.600000000000000        1.8701658411253304E-006   7.7944681620331579E-006
   11.640000000000001        1.3954040561891430E-006   5.8799192476974260E-006
   11.680000000000000        1.0385533398473048E-006   4.4240972374461566E-006
   11.720000000000001        7.7103102715740647E-007   3.3201103432841915E-006
   11.760000000000000        5.7099756926001602E-007   2.4851974146139562E-006
   11.800000000000001        4.2181404344309521E-007   1.8554771556891575E-006
   11.840000000000000        3.1084012800790799E-007   1.3817909760744867E-006
   11.880000000000001        2.2850051350784225E-007   1.0264236622889872E-006
   11.920000000000000        1.6756218618964394E-007   7.6052576157361677E-007
   11.960000000000001        1.2257676837416794E-007   5.6209465496666827E-007
   12.000000000000000        8.9451598004616207E-008   4.1439870541869677E-007
