   0.0000000000000000        0.0000000000000000       -0.0000000000000000        0.0000000000000000        0.0000000000000000       -0.0000000000000000     
   1.6666666666666666E-002   2.5034040957232415E-002  -3.0654635436786169E-002   3.4266577023001607E-002  -3.7005278270189790E-002   3.9242754667838629E-002
   3.3333333333333333E-002   5.0047224559251237E-002  -6.1249677842173306E-002   6.8428481237302816E-002  -7.3856425690069324E-002   7.8278490409564555E-002
   5.0000000000000003E-002   7.5018722410676239E-002  -9.1725664204940299E-002  0.10238137540072850      -0.11039997045702671       0.11690129848801310     
   6.6666666666666666E-002   9.9927763979505313E-002 -0.12202339120962157       0.13602159221790558      -0.14648375588162954       0.15490748436889840     
   8.3333333333333329E-002  0.12475366538822266      -0.15208404422397476       0.16924646635275170      -0.18195759050322391       0.19209665942087192     
  0.10000000000000001       0.14947585803660315      -0.18184932525700573       0.20195466290103226      -0.21667388931700984       0.22827281423495066     
  0.11666666666666667       0.17407391700076616      -0.21126157954947483       0.23404650116488723      -0.25048830321730320       0.26324536760414674     
  0.13333333333333333       0.19852758915359020      -0.24026392046312980       0.26542427258985368      -0.28326033381912608       0.29683018534653471     
  0.14999999999999999       0.22281682095229499      -0.26880035234028476       0.29599255174803885      -0.31485393089149738       0.32885056333133456     
  0.16666666666666666       0.24692178583982508      -0.29681589101176742       0.32565849927862417      -0.34513806972042560       0.35913816927676678     
  0.18333333333333332       0.27082291120763213      -0.32425668163866805       0.35433215572868160      -0.37398730581720785       0.38753393812916481     
  0.20000000000000001       0.29450090486854036      -0.35107011358171569       0.38192672527322102      -0.40128230449767782       0.41388891610358636     
  0.21666666666666667       0.31793678098959594      -0.37720493200144461       0.40835884833329994      -0.42691034297996339       0.43806504876532321     
  0.23333333333333334       0.34111188543613763      -0.40261134590257103       0.43354886215473709      -0.45076578278144319       0.45993590885735736     
  0.25000000000000000       0.36400792047978064      -0.42724113234713174       0.45742104845729481      -0.47275051033926174       0.47938735992899872     
  0.26666666666666666       0.38660696882457357      -0.45104773657290209       0.47990386731490275      -0.49277434393218017       0.49631815219344638     
  0.28333333333333333       0.40889151690726561      -0.47398636776637765       0.50093017648139948      -0.51075540514395268       0.51064044743461201     
  0.29999999999999999       0.43084447742940069      -0.49601409025310483       0.52043743543308674      -0.52662045327891849       0.52228027019375456     
  0.31666666666666665       0.45244921108083436      -0.51708990988235792       0.53836789345892289      -0.54030518131825256       0.53117788289184076     
  0.33333333333333331       0.47368954741624131      -0.53717485539800425       0.55466876119112274      -0.55175447218935447       0.53728808298141773     
  0.34999999999999998       0.49454980484823707      -0.55623205460284975       0.56929236503305503      -0.56092261431025636       0.54058042066953416     
  0.36666666666666664       0.51501480972288005      -0.57422680513973368       0.58219628400731760      -0.56777347556469282       0.54103933620812183     
  0.38333333333333330       0.53506991444552976      -0.59112663972910096       0.59334346861446219      -0.57228063506059668       0.53866421620747817     
  0.40000000000000002       0.55470101462732024      -0.60690138571966568       0.60270234136175271      -0.57442747222429413       0.53346936888937524     
  0.41666666666666669       0.57389456522484894      -0.62152321882601924       0.61024687869124339      -0.57420721298348432       0.52548391865597099     
  0.43333333333333335       0.59263759564807894      -0.63496671094457757       0.61595667410709853      -0.57162293299324152       0.51475162080646686     
  0.45000000000000001       0.61091772381389398      -0.64720887195704579       0.61981698237311256      -0.56668751805971040       0.50133059768255772     
  0.46666666666666667       0.62872316912523418      -0.65822918544853459       0.62181874472255227      -0.55942358211489440       0.48529299796350805     
  0.48333333333333334       0.64604276435825259      -0.66800963828553028       0.62195859509340767      -0.54986334329194930       0.46672458125960387     
  0.50000000000000000       0.66286596644247964      -0.67653474401704683       0.62023884747263969      -0.53804845884272035       0.44572423056616806     
  0.51666666666666661       0.67918286612154355      -0.68379156008039266       0.61666746450271681      -0.52402981982694519       0.42240339553701778     
  0.53333333333333333       0.69498419648456877      -0.68976969881103112       0.61125800757242033      -0.50786730668469204       0.39688546991377166     
  0.55000000000000004       0.71026134036094901      -0.69446133227390594       0.60402956868119317      -0.48962950697927415       0.36930510680370893     
  0.56666666666666665       0.72500633657377389      -0.69786119095132371       0.59500668443203497      -0.46939339676627778       0.33980747583185705     
  0.58333333333333337       0.73921188504974455      -0.69996655633993543       0.58421923257178632      -0.44724398720466141       0.30854746650087678     
  0.59999999999999998       0.75287135078596723      -0.70077724752650639       0.57170231155934481      -0.42327393817732062       0.27568884237331021     
  0.61666666666666670       0.76597876667653653      -0.70029560182894657       0.55749610370171498      -0.39758314083043877       0.24140335094345222     
  0.63333333333333330       0.77852883520431404      -0.69852644960543309       0.54164572245453735      -0.37027827107264860       0.20586979428909441     
  0.65000000000000002       0.79051692900576209      -0.69547708335033920       0.52420104453767369      -0.34147231619596452       0.16927306578558265     
  0.66666666666666663       0.80193909031910859      -0.69115722121105660       0.50521652756736257      -0.31128407689006526       0.13180315832503803     
  0.68333333333333335       0.81279202932848038      -0.68557896507459282       0.48475101395418346      -0.27983764701936559        9.3654149611537785E-002
  0.69999999999999996       0.82307312141894640      -0.67875675338700181       0.46286752186041336      -0.24726187361796836        5.5023170197917248E-002
  0.71666666666666667       0.83278040335966363      -0.67070730888224128       0.43963302405121935      -0.21368979963080253        1.6109359991432370E-002
  0.73333333333333328       0.84191256843449036      -0.66144958140987209       0.41511821551128808      -0.17925809198963760       -2.2887181016440439E-002
  0.75000000000000000       0.85046896054154042      -0.65100468606311712       0.38939727073190061      -0.14410645766013697       -6.1766442046101572E-002
  0.76666666666666661       0.85844956728518096      -0.63939583682013434       0.36254759160298877      -0.10837705033050943      -0.10032954514024561     
  0.78333333333333333       0.86585501208591675      -0.62664827592188599       0.33464954687025023       -7.2213870433543992E-002 -0.13837977744806457     
  0.80000000000000004       0.87268654533547163      -0.61278919921971575       0.30578620413895213       -3.5762161201984444E-002 -0.17572360664557646     
  0.81666666666666665       0.87894603462613952      -0.59784767773460679       0.27604305542349511        8.3219654771182761E-004 -0.21217167408838794     
  0.83333333333333337       0.88463595408515172      -0.58185457567810084       0.24550773725517167        3.7423288225945261E-002 -0.24753976045709813     
  0.84999999999999998       0.88975937284639295      -0.56484246519198900       0.21426974636980950        7.3865765228003588E-002 -0.28164971884817425     
  0.86666666666666670       0.89431994269325799      -0.54684553807009995       0.18242015200211614       0.11001543803550146      -0.31433037048312173     
  0.88333333333333330       0.89832188490782972      -0.52789951473085128       0.15005130581463522       0.14572986011199307      -0.34541835845448954     
  0.90000000000000002       0.90176997636281264      -0.50804155071362389       0.11725655048624462       0.18086890011000351      -0.37475895519708929     
  0.91666666666666663       0.90466953489381929      -0.48731014097553177        8.4129927978213281E-002  0.21529529998435193      -0.40220681966487626     
  0.93333333333333335       0.90702640399065493      -0.46574502226773301        5.0765888485003241E-002  0.24887521669494428      -0.42762670050632989     
  0.94999999999999996       0.90884693684718132      -0.44338707387211046        1.7259001062399415E-002  0.28147874528059896      -0.45089408186181501     
  0.96666666666666667       0.91013797981016653      -0.42027821697991291       -1.6296333092766013E-002  0.31298042119337000      -0.47189576875318551     
  0.98333333333333328       0.91090685526823878      -0.39646131299383514       -4.9806163758875421E-002  0.34325969989954230      -0.49053040939657344     
   1.0000000000000000       0.91116134402266513      -0.37198006103400888       -8.3177270274656323E-002  0.37220141187837258      -0.50670895214164091     
   1.0166666666666666       0.91090966718215682      -0.34687889492651719      -0.11631743469461320       0.39969619128195172      -0.52035503512222392     
   1.0333333333333332       0.91016046762428504      -0.32120287995033880      -0.14913570864786202       0.42564087665856298      -0.53140530709192246     
   1.0500000000000000       0.90892279106634633      -0.29499760961510069      -0.18154267306807348       0.44993888228681844      -0.53980967831144588     
   1.0666666666666667       0.90720606678867510      -0.26830910273769887      -0.21345068999956757       0.47250053881785253      -0.54553150075000056     
   1.0833333333333333       0.90502008805343881      -0.24118370108074660      -0.24477414572451961       0.49324340207718120      -0.54854767725842657     
   1.1000000000000001       0.90237499226189277      -0.21366796780999028      -0.27542968449847050       0.51209252903560087      -0.54884869976476125     
   1.1166666666666667       0.89928124089289829      -0.18580858702128927      -0.30533643222573348       0.52898072011894004      -0.54643861693120854     
   1.1333333333333333       0.89574959926523501      -0.15765226458053830      -0.33441620945260908       0.54384872718872523      -0.54133493209290018     
   1.1499999999999999       0.89179111616586826      -0.12924563051207966      -0.36259373310431958       0.55664542668903716      -0.53356843267115905     
   1.1666666666666667       0.88741710338585966      -0.10063514316268604      -0.38979680644108744       0.56732795761824306      -0.52318295261522996     
   1.1833333333333333       0.88263911520504323       -7.1866995359199715E-002 -0.41595649675950919       0.57586182414702214      -0.51023506977457589     
   1.2000000000000000       0.87746892786593456       -4.2987022768371227E-002 -0.44100730041715713       0.58222096286541936      -0.49479374043706148     
   1.2166666666666666       0.87191851907659457       -1.4040614657451808E-002 -0.46488729481087154       0.58638777480073589      -0.47693987358486006     
   1.2333333333333334       0.86600004758134130        1.4927372756372194E-002 -0.48753827699234603       0.58835312250419836      -0.45676584771812873     
   1.2500000000000000       0.85972583283729687        4.3872700190430922E-002 -0.50890588865803332       0.58811629265676879      -0.43437497337492120     
   1.2666666666666666       0.85310833483376525        7.2751826248839052E-002 -0.52893972730396699       0.58568492479250023      -0.40988090473306737     
   1.2833333333333332       0.84616013409039004       0.10152198528798231      -0.54759344338951998       0.58107490688084495      -0.38340700391469201     
   1.3000000000000000       0.83889391186890572       0.13014126205238899      -0.56482482340723594       0.57431023864664243      -0.35508566182556917     
   1.3166666666666667       0.83132243063212041       0.15856866295010219      -0.58059585880842446       0.56542286363760463      -0.32505757954879017     
   1.3333333333333333       0.82345851478250875       0.18676418384881710      -0.59487280078602489       0.55445247117338747      -0.29347101447444496     
   1.3500000000000001       0.81531503171150910       0.21468887428628561      -0.60762620096710063       0.54144626942735119      -0.26048099548372006     
   1.3666666666666667       0.80690487318925541       0.24230489800085067      -0.61883093811705403       0.52645873100135954      -0.22624851161646969     
   1.3833333333333333       0.79824093712309241       0.26957558970034168      -0.62846623100605070       0.50955131245509022      -0.19093967873578171     
   1.3999999999999999       0.78933610971178125       0.29646550799993232      -0.63651563763504693       0.49079214934395210      -0.15472488876119600     
   1.4166666666666667       0.78020324802084384       0.32294048447190271      -0.64296704106407265       0.47025572840352714      -0.11777794607412240     
   1.4333333333333333       0.77085516300298351       0.34896766876247570      -0.64781262212885260       0.44802253859322316       -8.0275195704893942E-002
   1.4500000000000000       0.76130460298601221       0.37451556974302791      -0.65104881937335768       0.42417870277734915       -4.2394647891149995E-002
   1.4666666666666666       0.75156423764915736       0.39955409267491171      -0.65267627656527361       0.39881559187793092       -4.3151035524068293E-003
   1.4833333333333334       0.74164664250706969       0.42405457237889160      -0.65269977819860314       0.37202942338020134        3.3784714843595909E-002
   1.5000000000000000       0.73156428391928219       0.44798980241170067      -0.65112817342252016       0.34392084610875212        7.1727022640073079E-002
   1.5166666666666666       0.72132950464128864       0.47133406026348357      -0.64797428886811170       0.31459451321983795       0.10933581830879069     
   1.5333333333333332       0.71095450993183806       0.49406312860082385      -0.64325483087467683       0.28415864537333480       0.14643771059619365     
   1.5500000000000000       0.70045135422946014       0.51615431259068134      -0.63699027764473726       0.25272458605644288       0.18286272352590938     
   1.5666666666666667       0.68983192840966767       0.53758645335081556      -0.62920476188179530       0.22040635103056289       0.21844507546241965     
   1.5833333333333333       0.67910794763272053       0.55833993758214873      -0.61992594448710925       0.18732017386303174       0.25302392863552092     
   1.6000000000000001       0.66829093979029830       0.57839670344798100      -0.60918487991130987       0.15358404948682547       0.28644410573647033     
   1.6166666666666667       0.65739223455789297       0.59774024277400950      -0.59701587377353804       0.11931727770416850       0.31855677042295127     
   1.6333333333333333       0.64642295305823327       0.61635559965168807      -0.58345633337492664        8.4640008514558718E-002  0.34922006880960510     
   1.6499999999999999       0.63539399813958086       0.63422936553557552      -0.56854661174471299        4.9672791104379221E-002  0.37829972927227284     
   1.6666666666666667       0.62431604527127527       0.65134967093295915      -0.55232984586601386        1.4536128284346805E-002  0.40566961815562358     
   1.6833333333333333       0.61319953405750582       0.66770617379117791      -0.53485178973442404       -2.0649961896977820E-002  0.43121224924383561     
   1.7000000000000000       0.60205466036888999       0.68329004469469468      -0.51616064290606989       -5.5766375700159798E-002  0.45481924513075089     
   1.7166666666666666       0.59089136909011153       0.69809394899008526      -0.49630687519268690       -9.0695342809871737E-002  0.47639174890775143     
   1.7333333333333334       0.57971934748055942       0.71211202596269618      -0.47534304815969286      -0.12532083350219969       0.49584078487281158     
   1.7500000000000000       0.56854801914365249       0.72533986519378690      -0.45332363407919357      -0.15952895243063908       0.51308756725109594     
   1.7666666666666666       0.55738653859932441       0.73777448023150161      -0.43030483298346606      -0.19320831768395341       0.52806375620442947     
   1.7833333333333332       0.54624378645297844       0.74941427971300900      -0.40634438845578547      -0.22625042386011723       0.54071166069236765     
   1.8000000000000000       0.53512836515310203       0.76025903607861578      -0.38150140278458833      -0.25854998799532425       0.55098438802985128     
   1.8166666666666667       0.52404859532867265       0.77030985202160018      -0.35583615209402020      -0.29000527728495712       0.55884594026403656     
   1.8333333333333333       0.51301251269646730       0.77956912481991880      -0.32940990204896509      -0.32051841763396061       0.56427125776436893     
   1.8499999999999999       0.50202786552744039       0.78804050869784448      -0.30228472471586382      -0.34999568217667110       0.56724621068394288     
   1.8666666666666667       0.49110211266041753       0.79572887536697168      -0.27452331714204736      -0.37834775901032569       0.56776753920532486     
   1.8833333333333333       0.48024242205052264       0.80264027289693085      -0.24618882219613591      -0.40548999749163728       0.56584274372910759     
   1.8999999999999999       0.46945566983894582       0.80878188306653909      -0.21734465219033286      -0.43134263255146654       0.56148992639730078     
   1.9166666666666667       0.45874843992994313       0.81416197734605233      -0.18805431578238413      -0.45583098658822802       0.55473758556526898     
   1.9333333333333333       0.44812702406026900       0.81878987166064920      -0.15838124863062308      -0.47888564860574651       0.54562436504426137     
   1.9500000000000000       0.43759742234562871       0.82267588008430148      -0.12838864825007934      -0.50044263036533498       0.53419876013083512     
   1.9666666666666666       0.42716534428817643       0.82583126761177617       -9.8139313491207553E-002 -0.52044349942440360       0.52051878261885565     
   1.9833333333333334       0.41683621022857237       0.82826820215470010       -6.7695489035490358E-002 -0.53883548903455014       0.50465158715362490     
   2.0000000000000000       0.40661515322567171       0.82999970590541106       -3.7118715274186614E-002 -0.55557158497031878       0.48667306143549466     
   2.0166666666666666       0.39650702134651622       0.83103960620973172       -6.4696839078973445E-003 -0.57061058945529541       0.46666738291159426     
   2.0333333333333332       0.38651638034896962       0.83140248608687639        2.4191900424405499E-002 -0.58391716244453706       0.44472654470874856     
   2.0499999999999998       0.37664751673904695       0.83110363453142666        5.4807452207616514E-002 -0.59546184061115837       0.42094985365799609     
   2.0666666666666664       0.36690444118476151       0.83015899672873528        8.5319630554283460E-002 -0.60522103446988396       0.39544340334125117     
   2.0833333333333335       0.35729089226813404       0.82858512431125797       0.11567245792986663      -0.61317700415125376       0.36831952515354505     
   2.1000000000000001       0.34781034055688498       0.82639912577917352       0.14581143190897103      -0.61931781441662359       0.33969622042000858     
   2.1166666666666667       0.33846599297724200       0.82361861720427154       0.17568362980150412      -0.62363726957594323       0.30969657663545858     
   2.1333333333333333       0.32926079746928416       0.82026167333150057       0.20523780601681890      -0.62613482903727391       0.27844817090648399     
   2.1499999999999999       0.32019744790624255       0.81634677918775289       0.23442448206271291      -0.62681550427896171       0.24608246367148820     
   2.1666666666666665       0.31127838925925344       0.81189278230250206       0.26319602910440398      -0.62568973809217221       0.21273418575384853     
   2.1833333333333331       0.30250582298915796       0.80691884563976535       0.29150674303631380      -0.62277326699296021       0.17854072176756458     
   2.2000000000000002       0.29388171264709351       0.80144440133561157       0.31931291204651346      -0.61808696774916172       0.14364149284418318     
   2.2166666666666668       0.28540778966580721       0.79548910533005035       0.34657287667993664      -0.61165668900802594       0.10817734158500603     
   2.2333333333333334       0.27708555932384576       0.78907279297668786       0.37324708243190685      -0.60351306904569213        7.2289922064350642E-002
   2.2500000000000000       0.26891630686503948       0.78221543570799434       0.39929812492800254      -0.59369134068928653        3.6121097618748488E-002
   2.2666666666666666       0.26090110375598990       0.77493709882846074       0.42469078776983193      -0.58223112448665093       -1.8765094579875630E-004
   2.2833333333333332       0.25304081406459511       0.76725790050230902       0.44939207314875507      -0.56917621121751827       -3.6495804210097793E-002
   2.2999999999999998       0.24533610094300917       0.75919797199682337       0.47337122535097576      -0.55457433485344165       -7.2664367666933516E-002
   2.3166666666666664       0.23778743319880499       0.75077741923675057       0.49659974729765838      -0.53847693708200262      -0.10855641765339102     
   2.3333333333333335       0.23039509193853128       0.74201628571967426       0.51905141028277257      -0.52093892451396961      -0.14403762756960820     
   2.3500000000000001       0.22315917726827722       0.73293451683672017       0.54070225708918185      -0.50201841969020766      -0.17897677241143442     
   2.3666666666666667       0.21607961503631543       0.72355192563750670       0.56153059868007860      -0.48177650699847796      -0.21324620979884343     
   2.3833333333333333       0.20915616360337180       0.71388816007287259       0.58151700467813772      -0.46027697459898154      -0.24672233584142550     
   2.3999999999999999       0.20238842062655574       0.70396267174362670       0.60064428785877766      -0.43758605344175761      -0.27928601434597999     
   2.4166666666666665       0.19577582984349345       0.69379468617838824       0.61889748289661184      -0.41377215443910070      -0.31082297803804326     
   2.4333333333333331       0.18931768784372752       0.68340317465853295       0.63626381961556244      -0.38890560483221581      -0.34122420063818260     
   2.4500000000000002       0.18301315081497696       0.67280682760333865       0.65273269100318965      -0.36305838476363156      -0.37038623880408456     
   2.4666666666666668       0.17686124125239297       0.66202402952364803       0.66829561625858003      -0.33630386503568099      -0.39821154311993862     
   2.4833333333333334       0.17086085461949199       0.65107283554773521       0.68294619915062971      -0.30871654700089313      -0.42460873748442063     
   2.5000000000000000       0.16501076595000969       0.63997094951862865       0.69668008196978126      -0.28037180549272700      -0.44949286641683417     
   2.5166666666666666       0.15930963638046930       0.62873570365782849       0.70949489536124610      -0.25134563566488832      -0.47278560996685459     
   2.5333333333333332       0.15375601960382665       0.61738403978627665       0.72139020433150025      -0.22171440456490674      -0.49441546607599185     
   2.5499999999999998       0.14834836823511294       0.60593249208951039       0.73236745072238885      -0.19155460822288267      -0.51431790039758873     
   2.5666666666666664       0.14308504008055964       0.59439717141020332       0.74242989244857349      -0.16094263498967887      -0.53243546373620210     
   2.5833333333333335       0.13796430430224899       0.58279375104777587       0.75158253979432721      -0.12995453581058641      -0.54871787741587863     
   2.6000000000000001       0.13298434747089133       0.57113745404142813       0.75983208906487043       -9.8665802070927788E-002 -0.56312208702952737     
   2.6166666666666667       0.12814327949987753       0.55944304190981997       0.76718685388559915       -6.7151151599402492E-002 -0.57561228515775520     
   2.6333333333333333       0.12343913945430585       0.54772480481771491       0.77365669443970597       -3.5484323363585202E-002 -0.58615990377462357     
   2.6499999999999999       0.11886990122921423       0.53599655313718420       0.77925294493091513       -3.7378813400077981E-003 -0.59474357717938475     
   2.6666666666666665       0.11443347909178210       0.52427161036847525       0.78398833955338643        2.8016972010967922E-002 -0.60134907640696478     
   2.6833333333333331       0.11012773308278130       0.51256280738334015       0.78787693724530861        5.9710572287537400E-002 -0.60596921617538857     
   2.7000000000000002       0.10595047427306770       0.50088247795154228       0.79093404549641688        9.1274959380201692E-002 -0.60860373552528158     
   2.7166666666666668       0.10189946987140051       0.48924245550937345       0.79317614347263410       0.12264403312258138      -0.60925915339474079     
   2.7333333333333334        9.7972448180358218E-002  0.47765407112731684       0.79462080471332164       0.15375369813597978      -0.60794860045210353     
   2.7500000000000000        9.4167103397596388E-002  0.46612815263253093       0.79528661964831360       0.18454199769443586      -0.60469162857933678     
   2.7666666666666666        9.0481100260145941E-002  0.45467502484052463       0.79519311817301064       0.21494923648606795      -0.59951399945985562     
   2.7833333333333332        8.6912078529893549E-002  0.44330451084930050       0.79436069251042940       0.24491809219430533      -0.59244745377654229     
   2.7999999999999998        8.3457657318815631E-002  0.43202593434834186       0.79281052057926249       0.27439371586897654      -0.58352946256863070     
   2.8166666666666664        8.0115439252946730E-002  0.42084812289408291       0.79056449007677587       0.30332382110206701      -0.57280296233001449     
   2.8333333333333335        7.6883014474461053E-002  0.40977941210295465       0.78764512347480498       0.33165876206605927      -0.56031607545657691     
   2.8500000000000001        7.3757964481624763E-002  0.39882765071272019       0.78407550411627014       0.35935160051405940      -0.54612181766651202     
   2.8666666666666667        7.0737865806738340E-002  0.38800020646258887       0.77987920358855289       0.38635816188025135      -0.53027779402549113     
   2.8833333333333333        6.7820293532537448E-002  0.37730397274255345       0.77508021053882947       0.41263708065647520      -0.51284588520824403     
   2.8999999999999999        6.5002824647846361E-002  0.36674537596247253       0.76970286108508312       0.43814983525589407      -0.49389192561989809     
   2.9166666666666665        6.2283041243592185E-002  0.35633038359166752       0.76377177096506987       0.46286077260762348      -0.47348537498461957     
   2.9333333333333331        5.9658533550581039E-002  0.34606451282016665       0.75731176955402479       0.48673712275685371      -0.45169898498606009     
   2.9500000000000002        5.7126902820716925E-002  0.33595283979324236       0.75034783587045151       0.50974900377332810      -0.42860846251423179     
   2.9666666666666668        5.4685764053601843E-002  0.32600000937149876       0.74290503667791807       0.53186941729702242      -0.40429213103707012     
   2.9833333333333334        5.2332748570700381E-002  0.31621024536951198       0.73500846677949327       0.55307423507346787      -0.37883059157257909     
   3.0000000000000000        5.0065506439478477E-002  0.30658736122686925       0.72668319159029671       0.57334217685237598      -0.35230638468948600     
   3.0166666666666666        4.7881708750135234E-002  0.29713477106639447       0.71795419206264843       0.59265478004205585      -0.32480365491121949     
   3.0333333333333332        4.5779049747739060E-002  0.28785550109537916       0.70884631202753667       0.61099636152858650      -0.29640781884023132     
   3.0499999999999998        4.3755248822758629E-002  0.27875220130676331       0.69938420800559242       0.62835397208280508      -0.26720523825770470     
   3.0666666666666664        4.1808052363137116E-002  0.26982715743839208       0.68959230153049855       0.64471734378999923      -0.23728289938793412     
   3.0833333333333335        3.9935235471207094E-002  0.26108230314975156       0.67949473401781990       0.66007883094670827      -0.20672809944770498     
   3.1000000000000001        3.8134603548870598E-002  0.25251923237689300       0.66911532420258280       0.67443334487636997      -0.17562814152918932     
   3.1166666666666667        3.6403993754586840E-002  0.24413921182764584       0.65847752815967608       0.68777828312071609      -0.14407003879081592     
   3.1333333333333333        3.4741276335809868E-002  0.23594319358063559       0.64760440191220214       0.70011345346689180      -0.11214022885460773     
   3.1499999999999999        3.3144355840606377E-002  0.22793182775308932       0.63651856662438566       0.71144099327134647       -7.9924299231158347E-002
   3.1666666666666665        3.1611172212257212E-002  0.22010547520390680       0.62524217636749968       0.72176528454067734       -4.7506724515116894E-002
   3.1833333333333331        3.0139701770707232E-002  0.21246422024000011       0.61379688843954483       0.73109286522689454       -1.4970616015247074E-002
   3.2000000000000002        2.8727958084776302E-002  0.20500788329544767       0.60220383621211349       0.73943233719012835        1.7602515595792401E-002
   3.2166666666666668        2.7373992739080873E-002  0.19773603355456945       0.59048360447099324       0.74679427127566311        5.0132984105410505E-002
   3.2333333333333334        2.6075895999639328E-002  0.19064800149159053       0.57865620721061051       0.75319110994452143        8.2543137630222418E-002
   3.2500000000000000        2.4831797382150241E-002  0.18374289130114257       0.56674106783643829       0.75863706788768381       0.11475755417865657     
   3.2666666666666666        2.3639866126933671E-002  0.17701959319540736       0.55475700172390019       0.76314803104354267       0.14670322263089319     
   3.2833333333333332        2.2498311584521147E-002  0.17047679554527817       0.54272220107720581       0.76674145442647190       0.17830970893379039     
   3.2999999999999998        2.1405383515863005E-002  0.16411299684445771       0.53065422202685719       0.76943625916150871       0.20950930738029178     
   3.3166666666666664        2.0359372311098071E-002  0.15792651747695044       0.51856997390033277       0.77125272910625886       0.24023717691234953     
   3.3333333333333335        1.9358609130796647E-002  0.15191551126991268       0.50648571059662550       0.77221240742630148       0.27043146245345295     
   3.3500000000000001        1.8401465973548289E-002  0.14607797681532053       0.49441702399194021       0.77233799347473298       0.30003340134110518     
   3.3666666666666667        1.7486355673716855E-002  0.14041176854536966       0.48237883930086289       0.77165324031012561       0.32898741499094780     
   3.3833333333333333        1.6611731833131683E-002  0.13491460754795767       0.47038541231476633       0.77018285317022128       0.35724118598241511     
   3.3999999999999999        1.5776088690421897E-002  0.12958409210998897       0.45845032843702721       0.76795238920119069       0.38474572081074104     
   3.4166666666666665        1.4977960931635097E-002  0.12441770797760732       0.44658650343286299       0.76498815872442449       0.41145539860163499     
   3.4333333333333331        1.4215923445709456E-002  0.11941283832377778       0.43480618581017144       0.76131712830461284       0.43732800613294326     
   3.4499999999999997        1.3488591028291617E-002  0.11456677341491839       0.42312096074670508       0.75696682586445818       0.46232475955200408     
   3.4666666666666668        1.2794618037312435E-002  0.10987671996952006       0.41154175547821137       0.75196524807283338       0.48641031321812944     
   3.4833333333333334        1.2132698003647515E-002  0.10533981020288094       0.40007884606178185       0.74634077021458967       0.50955275613667461     
   3.5000000000000000        1.1501563200101419E-002  0.10095311055322487       0.38874186542859201       0.74012205873168868       0.53172359648448841     
   3.5166666666666666        1.0899984171864014E-002   9.6713630085573987E-002  0.37753981264045661       0.73333798660688765       0.55289773475610171     
   3.5333333333333332        1.0326769231493121E-002   9.2618328570788611E-002  0.36648106326513197       0.72601755174296989       0.57305342608594634     
   3.5499999999999998        9.7807639213824526E-003   8.8664124238189021E-002  0.35557338078608802       0.71818979847252384       0.59217223232413163     
   3.5666666666666664        9.2608504465761694E-003   8.4847901201121775E-002  0.34482392896350372       0.70988374231561768       0.61023896446196402     
   3.5833333333333335        8.7659470806924732E-003   8.1166516555731663E-002  0.33423928506450545       0.70112829808543053       0.62724161601852269     
   3.6000000000000001        8.2950075476188618E-003   7.7616807154049533E-002  0.32382545388214878       0.69195221142506924       0.64317128801130041     
   3.6166666666666667        7.8470203815407241E-003   7.4195596053303406E-002  0.31358788246432368       0.68238399384244042       0.65802210614228374     
   3.6333333333333333        7.4210082677642220E-003   7.0899698644110359E-002  0.30353147547562576       0.67245186129422807       0.67179113083596353     
   3.6499999999999999        7.0160273666927961E-003   6.7725928460903792E-002  0.29366061111726161       0.66218367635478914       0.68447826076783946     
   3.6666666666666665        6.6311666232159155E-003   6.4671102678602085E-002  0.28397915753223274       0.65160689399113325       0.69608613052102664     
   3.6833333333333331        6.2655470636677245E-003   6.1732047300124486E-002  0.27449048962534855       0.64074851095116658       0.70662000300486272     
   3.6999999999999997        5.9183210824135949E-003   5.8905602039916537E-002  0.26519750623004945       0.62963501875905459       0.71608765726298507     
   3.7166666666666668        5.5886717200231625E-003   5.6188624909152059E-002  0.25610264755654077       0.61829236029891832       0.72449927228944810     
   3.7333333333333334        5.2758119348908427E-003   5.3577996508743536E-002  0.24720791285835877       0.60674588995615908       0.73186730746016793     
   3.7500000000000000        4.9789838700677160E-003   5.1070624036707632E-002  0.23851487825716944       0.59502033727449644       0.73820638017355367     
   3.7666666666666666        4.6974581169739425E-003   4.8663445016809352E-002  0.23002471466835064       0.58313977407634321       0.74353314127871883     
   3.7833333333333332        4.4305329775670595E-003   4.6353430755739798E-002  0.22173820577269429       0.57112758498439964       0.74786614885236280     
   3.7999999999999998        4.1775337264499130E-003   4.4137589536374616E-002  0.21365576598238650       0.55900644127336441       0.75122574086645966     
   3.8166666666666664        3.9378118743122574E-003   4.2012969554914022E-002  0.20577745835226680       0.54679827797241021       0.75363390726841994     
   3.8333333333333335        3.7107444340122664E-003   3.9976661609919799E-002  0.19810301239021366       0.53452427413154824       0.75511416197360304     
   3.8500000000000001        3.4957331905188971E-003   3.8025801551446158E-002  0.19063184172335740       0.52220483615823743       0.75569141524712102     
   3.8666666666666667        3.2922039758525494E-003   3.6157572498603671E-002  0.18336306157964474       0.50985958412450005       0.75539184692792971     
   3.8833333333333333        3.0996059500808960E-003   3.4369206834010707E-002  0.17629550604710223       0.49750734093946808       0.75424278092345098     
   3.8999999999999999        2.9174108893481490E-003   3.2657987983666037E-002  0.16942774507591807       0.48516612427759742       0.75227256137753951     
   3.9166666666666665        2.7451124818401364E-003   3.1021251990827781E-002  0.16275810119120149       0.47285314114877924       0.74951043088864933     
   3.9333333333333331        2.5822256325142238E-003   2.9456388892508040E-002  0.15628466588697348       0.46058478499324279       0.74598641112875907     
   3.9499999999999997        2.4282857773522842E-003   2.7960843907189080E-002  0.15000531567457767       0.44837663518141502       0.74173118618707568     
   3.9666666666666668        2.2828482078267160E-003   2.6532118442339062E-002  0.14391772776127337       0.43624345879679050       0.73677598893590712     
   3.9833333333333334        2.1454874062040111E-003   2.5167770930255087E-002  0.13801939533728416       0.42419921457833920       0.73115249068951527     
   4.0000000000000000        2.0157963922473169E-003   2.3865417500687505E-002  0.13230764245200460       0.41225705889800013       0.72489269440034998     
   4.0166666666666666        1.8933860818193737E-003   2.2622732498608935E-002  0.12677963846243331       0.40042935364837756       0.71802883161091990     
   4.0333333333333332        1.7778846578293409E-003   2.1437448855378401E-002  0.12143241203916899       0.38872767591580132       0.71059326335380602     
   4.0499999999999998        1.6689369539121524E-003   2.0307358321424409E-002  0.11626286471750301       0.37716282931445577       0.70261838516706487     
   4.0666666666666664        1.5662038511765860E-003   1.9230311568426941E-002  0.11126778398324466       0.36574485685825731       0.69413653636757711     
   4.0833333333333330        1.4693616883083383E-003   1.8204218168820407E-002  0.10644385588492722       0.35448305524854784       0.68517991370088072     
   4.0999999999999996        1.3781016852671630E-003   1.7227046460269964E-002  0.10178767716596733       0.34338599045746077       0.67578048946274261     
   4.1166666666666663        1.2921293807723055E-003   1.6296823302591763E-002   9.7295766912177506E-002  0.33246151448894606       0.66596993416525374     
   4.1333333333333329        1.2111640837280599E-003   1.5411633734395427E-002   9.2964577711761615E-002  0.32171678320189917       0.65577954379861381     
   4.1500000000000004        1.1349383387014840E-003   1.4569620536527874E-002   8.8790506326569013E-002  0.31115827508261706       0.64524017171910930     
   4.1666666666666670        1.0631974055266252E-003   1.3768983709188427E-002   8.4769903874920033E-002  0.30079181085682194       0.63438216517405710     
   4.1833333333333336        9.9569875307434436E-004   1.3007979869370438E-002   8.0899085527763578E-002  0.29062257383476553       0.62323530645577085     
   4.2000000000000002        9.3221156719394530E-004   1.2284921575066256E-002   7.7174339721288898E-002  0.28065513088643290       0.61182875865895647     
   4.2166666666666668        8.7251627280183347E-004   1.1598176582446343E-002   7.3591936890365334E-002  0.27089345394751935       0.60019101599930769     
   4.2333333333333334        8.1640407006381235E-004   1.0946167041996788E-002   7.0148137728357152E-002  0.26134094196069985       0.58834985863554712     
   4.2500000000000000        7.6367648459095907E-004   1.0327368639369200E-002   6.6839200979936619E-002  0.25200044316068210       0.57633231192271561     
   4.2666666666666666        7.1414493154437289E-004   9.7403096864655987E-003   6.3661390774508150E-002  0.24287427761561731       0.56416461001116480     
   4.2833333333333332        6.6763029352135826E-004   9.1835701680487176E-003   6.0610983508757578E-002  0.23396425994161524       0.55187216369345160     
   4.2999999999999998        6.2396251207470505E-004   8.6557807489358578E-003   5.7684274287657031E-002  0.22527172211134511       0.53947953239016777     
   4.3166666666666664        5.8298019269767268E-004   8.1556217466036540E-003   5.4877582933993169E-002  0.21679753628199278       0.52701040015565970     
   4.3333333333333330        5.4453022308985518E-004   7.6818220738008357E-003   5.2187259577139197E-002  0.20854213757214393       0.51448755557556347     
   4.3499999999999996        5.0846740450340351E-004   7.2331581555389272E-003   4.9609689832371906E-002  0.20050554672148385       0.50193287542010834     
   4.3666666666666663        4.7465409595486946E-004   6.8084528246054928E-003   4.7141299582537349E-002  0.19268739257149703       0.48936731191017729     
   4.3833333333333329        4.4295987107530069E-004   6.4065741995232616E-003   4.4778559374304229E-002  0.18508693430962875       0.47681088344715611     
   4.4000000000000004        4.1326118735993296E-004   6.0264345486599862E-003   4.2517988441606785E-002  0.17770308342358992       0.46428266865258982     
   4.4166666666666670        3.8544106756898739E-004   5.6669891439806519E-003   4.0356158369182563E-002  0.17053442531666332       0.45180080355960317     
   4.4333333333333336        3.5938879302242711E-004   5.3272351077235172E-003   3.8289696409344424E-002  0.16357924053895165       0.43938248179484146     
   4.4500000000000002        3.3499960852423723E-004   5.0062102550780764E-003   3.6315288465312200E-002  0.15683552559353864       0.42704395758739500     
   4.4666666666666668        3.1217443864550341E-004   4.7029919357427395E-003   3.4429681754547622E-002  0.15030101328042908       0.41480055143961952     
   4.4833333333333334        2.9081961509049817E-004   4.4166958770469923E-003   3.2629687165613291E-002  0.14397319254496233       0.40266665829406462     
   4.5000000000000000        2.7084661486587191E-004   4.1464750311343695E-003   3.0912181322097772E-002  0.13784932780108231       0.39065575803069624     
   4.5166666666666666        2.5217180896992038E-004   3.8915184285203946E-003   2.9274108367126607E-002  0.13192647770342456       0.37878042812928431     
   4.5333333333333332        2.3471622131668624E-004   3.6510500401635278E-003   2.7712481481914512E-002  0.12620151334563057       0.36705235833315653     
   4.5499999999999998        2.1840529760827878E-004   3.4243276500171959E-003   2.6224384151709367E-002  0.12067113586561290       0.35548236715244080     
   4.5666666666666664        2.0316868386821023E-004   3.2106417398672406E-003   2.4806971192337428E-002  0.11533189344167083       0.34408042004739525     
   4.5833333333333330        1.8894001434869559E-004   3.0093143881017538E-003   2.3457469550384202E-002  0.11018019766638787       0.33285564913540949     
   4.5999999999999996        1.7565670852569374E-004   2.8196981839093372E-003   2.2173178889840429E-002  0.10521233928813210       0.32181637426871329     
   4.6166666666666663        1.6325977689692899E-004   2.6411751582573135E-003   2.0951471977809527E-002  0.10042450331272150       0.31097012533370327     
   4.6333333333333329        1.5169363530016474E-004   2.4731557328632366E-003   1.9789794881614371E-002   9.5812783460406128E-002  0.30032366562703910     
   4.6500000000000004        1.4090592747156752E-004   2.3150776882412917E-003   1.8685666989360240E-002   9.1373195975762253E-002  0.28988301616825141     
   4.6666666666666670        1.3084735556706070E-004   2.1664051517798853E-003   1.7636680865711064E-002   8.7101692790388499E-002  0.27965348081348262     
   4.6833333333333336        1.2147151837304470E-004   2.0266276066873840E-003   1.6640501954316388E-002   8.2994174040432883E-002  0.26963967204010381     
   4.7000000000000002        1.1273475693677087E-004   1.8952589225302826E-003   1.5694868137994866E-002   7.9046499942983572E-002  0.25984553727731480     
   4.7166666666666668        1.0459600735089690E-004   1.7718364079811109E-003   1.4797589167433060E-002   7.5254502037203075E-002  0.25027438566335036     
   4.7333333333333334        9.7016660431320127E-005   1.6559198862924841E-003   1.3946545968800791E-002   7.1613993797792166E-002  0.24092891511558057     
   4.7500000000000000        8.9960428032254984E-005   1.5470907939189459E-003   1.3139689840320150E-002   6.8120780629943908E-002  0.23181123960558697     
   4.7666666666666666        8.3393215747613750E-005   1.4449513026188008E-003   1.2375041547451150E-002   6.4770669256371288E-002  0.22292291653713098     
   4.7833333333333332        7.7283001753082487E-005   1.3491234652846231E-003   1.1650690325980373E-002   6.1559476508293673E-002  0.21426497413084369     
   4.7999999999999998        7.1599721548794079E-005   1.2592483856729020E-003   1.0964792801917783E-002   5.8483037533432876E-002  0.20583793872537631     
   4.8166666666666664        6.6315158368167787E-005   1.1749854121303391E-003   1.0315571836724097E-002   5.5537213435110977E-002  0.19764186191065833     
   4.8333333333333330        6.1402839024288203E-005   1.0960113553465517E-003   9.7013153060081792E-003   5.2717898357462600E-002  0.18967634741477774     
   4.8499999999999996        5.6837934971102227E-005   1.0220197301000879E-003   9.1203748194522774E-003   5.0021026032579602E-002  0.18194057767181462     
   4.8666666666666663        5.2597168362698984E-005   9.5272002090655155E-004   8.5711643893429442E-003   4.7442575806096628E-002  0.17443334000368252     
   4.8833333333333329        4.8658722899987085E-005   8.8783697142419849E-004   8.0521590547098839E-003   4.4978578158313451E-002  0.16715305235466840     
   4.9000000000000004        4.5002159260168605E-005   8.2710989742328827E-004   7.5618934677033076E-003   4.2625119738433435E-002  0.16009778852287104     
   4.9166666666666670        4.1608334910516724E-005   7.7029202308068830E-004   7.0989604484749469E-003   4.0378347929887037E-002  0.15326530283811968     
   4.9333333333333336        3.8459328114065078E-005   7.1714984032036151E-004   6.6620095144674756E-003   3.8234474965001278E-002  0.14665305424117125     
   4.9500000000000002        3.5538365940919864E-005   6.6746249088365302E-004   6.2497453896664728E-003   3.6189781607494205E-002  0.14025822972407195     
   4.9666666666666668        3.2829756104957494E-005   6.2102117077991314E-004   5.8609264990233216E-003   3.4240620421395869E-002  0.13407776709644134     
   4.9833333333333334        3.0318822451697113E-005   5.7762855673843580E-004   5.4943634529227882E-003   3.2383418645056436E-002  0.12810837704716305     
   5.0000000000000000        2.7991843929095969E-005   5.3709825425628059E-004   5.1489175262419591E-003   3.0614680688883636E-002  0.12234656447547962     
