  -2.9399999999999999        1.9999678655797741        1.9999678655797741     
  -2.8199999999999998        1.9999333904272598        1.9999333904272598     
  -2.7000000000000002        1.9998656672600594        1.9998656672600594     
  -2.5800000000000001        1.9997363995701629        1.9997363995701629     
  -2.4600000000000000        1.9994966463594419        1.9994966463594419     
  -2.3399999999999999        1.9990645698610920        1.9990645698610920     
  -2.2199999999999998        1.9983079483650648        1.9983079483650648     
  -2.1000000000000001        1.9970205333436670        1.9970205333436670     
  -1.9800000000000000        1.9948920003868136        1.9948920003868136     
  -1.8600000000000001        1.9914724883356396        1.9914724883356396     
  -1.7400000000000000        1.9861345949966329        1.9861345949966329     
  -1.6200000000000001        1.9780380883732034        1.9780380883732034     
  -1.5000000000000000        1.9661051464753108        1.9661051464753108     
  -1.3800000000000001        1.9490160352563626        1.9490160352563626     
  -1.2600000000000000        1.9252359418101295        1.9252359418101295     
  -1.1400000000000001        1.8930823276298567        1.8930823276298567     
  -1.0200000000000000        1.8508380177009420        1.8508380177009420     
 -0.89999999999999991        1.7969082124228319        1.7969082124228319     
 -0.78000000000000025        1.7300104312985789        1.7300104312985791     
 -0.66000000000000014        1.6493766879629543        1.6493766879629543     
 -0.54000000000000004        1.5549392504563904        1.5549392504563904     
 -0.41999999999999993        1.4474676184260251        1.4474676184260251     
 -0.30000000000000027        1.3286267594591274        1.3286267594591277     
 -0.18000000000000016        1.2009358390186751        1.2009358390186959     
  -6.0000000000000053E-002   1.0675779435210067        1.0676215943933085     
   6.0000000000000053E-002  0.93242205647899323       0.93237840560669150     
  0.17999999999999972       0.79906416098132538       0.79906416098130451     
  0.29999999999999982       0.67137324054087277       0.67137324054087277     
  0.41999999999999993       0.55253238157397488       0.55253238157397488     
  0.54000000000000004       0.44506074954360975       0.44506074954360964     
  0.65999999999999970       0.35062331203704611       0.35062331203704605     
  0.77999999999999980       0.26998956870142127       0.26998956870142127     
  0.89999999999999991       0.20309178757716795       0.20309178757716798     
   1.0199999999999996       0.14916198229905817       0.14916198229905817     
   1.1399999999999997       0.10691767237014341       0.10691767237014337     
   1.2599999999999998        7.4764058189870572E-002   7.4764058189870558E-002
   1.3799999999999999        5.0983964743637457E-002   5.0983964743637436E-002
   1.5000000000000000        3.3894853524689274E-002   3.3894853524689274E-002
   1.6200000000000001        2.1961911626796515E-002   2.1961911626796518E-002
   1.7400000000000002        1.3865405003367045E-002   1.3865405003367047E-002
   1.8599999999999994        8.5275116643604466E-003   8.5275116643604449E-003
   1.9799999999999995        5.1079996131864263E-003   5.1079996131864263E-003
   2.0999999999999996        2.9794666563329915E-003   2.9794666563329902E-003
   2.2199999999999998        1.6920516349352630E-003   1.6920516349352630E-003
   2.3399999999999999        9.3543013890802224E-004   9.3543013890802159E-004
   2.4600000000000000        5.0335364055802568E-004   5.0335364055802557E-004
   2.5800000000000001        2.6360042983718615E-004   2.6360042983718615E-004
   2.7000000000000002        1.3433273994052424E-004   1.3433273994052416E-004
   2.8199999999999994        6.6609572740110776E-005   6.6609572740110762E-005
   2.9399999999999995        3.2134420225979063E-005   3.2134420225979076E-005
