   0.0000000000000000        12.135254915624213        8.8167787843870968     
   1.0000000000000000E-002   12.135254915624213        8.7186787843870963     
   2.0000000000000000E-002   12.135254915624213        8.6205787843870976     
   2.9999999999999999E-002   12.135254915624213        8.5224787843870971     
   4.0000000000000001E-002   12.135254915624213        8.4243787843870965     
   5.0000000000000003E-002   12.135254915624213        8.3262787843870960     
   6.0000000000000005E-002   12.135254915624213        8.2281787843870973     
   7.0000000000000007E-002   12.135254915624213        8.1300787843870967     
   8.0000000000000002E-002   12.135254915624213        8.0319787843870962     
   8.9999999999999997E-002   12.135254915624213        7.9338787843870966     
   9.9999999999999992E-002   12.135254915624213        7.8357787843870970     
  0.10999999999999999        12.135254915624213        7.7376787843870964     
  0.11999999999999998        12.135254915624213        7.6395787843870968     
  0.12999999999999998        12.135254915624213        7.5414787843870972     
  0.13999999999999999        12.135254915624213        7.4433787843870967     
  0.14999999999999999        12.135254915624213        7.3452787843870970     
  0.16000000000000000        12.135254915624213        7.2471787843870965     
  0.17000000000000001        12.135254915624213        7.1490787843870969     
  0.18000000000000002        12.135254915624213        7.0509787843870964     
  0.19000000000000003        12.135254915624213        6.9528787843870967     
  0.20000000000000004        12.135254915624213        6.8547787843870962     
  0.21000000000000005        12.135254915624213        6.7566787843870966     
  0.22000000000000006        12.135254915624213        6.6585787843870961     
  0.23000000000000007        12.135254915624213        6.5604787843870955     
  0.24000000000000007        12.135254915624213        6.4623787843870959     
  0.25000000000000006        12.135254915624213        6.3642787843870963     
  0.26000000000000006        12.135254915624213        6.2661787843870957     
  0.27000000000000007        12.135254915624213        6.1680787843870961     
  0.28000000000000008        12.135254915624213        6.0699787843870965     
  0.29000000000000009        12.135254915624213        5.9718787843870960     
  0.30000000000000010        12.135254915624213        5.8737787843870954     
  0.31000000000000011        12.135254915624213        5.7756787843870958     
  0.32000000000000012        12.135254915624213        5.6775787843870962     
  0.33000000000000013        12.135254915624213        5.5794787843870957     
  0.34000000000000014        12.135254915624213        5.4813787843870951     
  0.35000000000000014        12.135254915624213        5.3832787843870946     
  0.36000000000000015        12.135254915624213        5.2851787843870950     
  0.37000000000000016        12.135254915624213        5.1870787843870954     
  0.38000000000000017        12.135254915624213        5.0889787843870948     
  0.39000000000000018        12.135254915624213        4.9908787843870943     
  0.40000000000000019        12.135254915624213        4.8927787843870947     
  0.41000000000000020        12.135254915624213        4.7946787843870950     
  0.42000000000000021        12.135254915624213        4.6965787843870945     
  0.43000000000000022        12.135254915624213        4.5984787843870949     
  0.44000000000000022        12.135254915624213        4.5003787843870944     
  0.45000000000000023        12.135254915624213        4.4022787843870947     
  0.46000000000000024        12.135254915624213        4.3041787843870942     
  0.47000000000000025        12.135254915624213        4.2060787843870937     
  0.48000000000000026        12.135254915624213        4.1079787843870941     
  0.49000000000000027        12.135254915624213        4.0098787843870936     
  0.50000000000000022        12.135254915624213        3.9117787843870948     
  0.51000000000000023        12.135254915624213        3.8136787843870943     
  0.52000000000000024        12.135254915624213        3.7155787843870947     
  0.53000000000000025        12.135254915624213        3.6174787843870941     
  0.54000000000000026        12.135254915624213        3.5193787843870936     
  0.55000000000000027        12.135254915624213        3.4212787843870940     
  0.56000000000000028        12.135254915624213        3.3231787843870935     
  0.57000000000000028        12.135254915624213        3.2250787843870938     
  0.58000000000000029        12.135254915624213        3.1269787843870933     
  0.59000000000000030        12.135254915624213        3.0288787843870937     
  0.60000000000000031        12.135254915624213        2.9307787843870932     
  0.61000000000000032        12.135254915624213        2.8326787843870935     
  0.62000000000000033        12.135254915624213        2.7345787843870930     
  0.63000000000000034        12.135254915624213        2.6364787843870934     
  0.64000000000000035        12.135254915624213        2.5383787843870929     
  0.65000000000000036        12.135254915624213        2.4402787843870932     
  0.66000000000000036        12.135254915624213        2.3421787843870927     
  0.67000000000000037        12.135254915624213        2.2440787843870931     
  0.68000000000000038        12.135254915624213        2.1459787843870926     
  0.69000000000000039        12.135254915624213        2.0478787843870929     
  0.70000000000000040        12.135254915624213        1.9497787843870924     
  0.71000000000000041        12.135254915624213        1.8516787843870928     
  0.72000000000000042        12.135254915624213        1.7535787843870922     
  0.73000000000000043        12.135254915624213        1.6554787843870926     
  0.74000000000000044        12.135254915624213        1.5573787843870921     
  0.75000000000000044        12.135254915624213        1.4592787843870925     
  0.76000000000000045        12.135254915624213        1.3611787843870919     
  0.77000000000000046        12.135254915624213        1.2630787843870923     
  0.78000000000000047        12.135254915624213        1.1649787843870918     
  0.79000000000000048        12.135254915624213        1.0668787843870922     
  0.80000000000000049        12.135254915624213       0.96877878438709164     
  0.81000000000000050        12.135254915624213       0.87067878438709112     
  0.82000000000000051        12.135254915624213       0.77257878438709149     
  0.83000000000000052        12.135254915624213       0.67447878438709097     
  0.84000000000000052        12.135254915624213       0.57637878438709045     
  0.85000000000000053        12.135254915624213       0.47827878438709170     
  0.86000000000000054        12.135254915624213       0.38017878438709118     
  0.87000000000000055        12.135254915624213       0.28207878438709066     
  0.88000000000000056        12.135254915624213       0.18397878438709014     
  0.89000000000000057        12.135254915624213        8.5878784387091400E-002
  0.90000000000000058        12.135254915624213       -1.2221215612909120E-002
  0.91000000000000059        12.135254915624213      -0.11032121561290964     
  0.92000000000000060        12.135254915624213      -0.20842121561291016     
  0.93000000000000060        12.135254915624213      -0.30652121561290890     
  0.94000000000000061        12.135254915624213      -0.40462121561290942     
  0.95000000000000062        12.135254915624213      -0.50272121561290994     
  0.96000000000000063        12.135254915624213      -0.60082121561291046     
  0.97000000000000064        12.135254915624213      -0.69892121561290921     
  0.98000000000000065        12.135254915624213      -0.79702121561290973     
  0.99000000000000066        12.135254915624213      -0.89512121561291025     
   1.0000000000000007        12.135254915624213      -0.99322121561291077     
   1.0100000000000007        12.135254915624213       -1.0913212156129095     
   1.0200000000000007        12.135254915624213       -1.1894212156129100     
   1.0300000000000007        12.135254915624213       -1.2875212156129106     
   1.0400000000000007        12.135254915624213       -1.3856212156129111     
   1.0500000000000007        12.135254915624213       -1.4837212156129098     
   1.0600000000000007        12.135254915624213       -1.5818212156129103     
   1.0700000000000007        12.135254915624213       -1.6799212156129109     
   1.0800000000000007        12.135254915624213       -1.7780212156129114     
   1.0900000000000007        12.135254915624213       -1.8761212156129119     
   1.1000000000000008        12.135254915624213       -1.9742212156129106     
   1.1100000000000008        12.135254915624213       -2.0723212156129112     
   1.1200000000000008        12.135254915624213       -2.1704212156129117     
   1.1300000000000008        12.135254915624213       -2.2685212156129122     
   1.1400000000000008        12.135254915624213       -2.3666212156129109     
   1.1500000000000008        12.135254915624213       -2.4647212156129115     
   1.1600000000000008        12.135254915624213       -2.5628212156129120     
   1.1700000000000008        12.135254915624213       -2.6609212156129125     
   1.1800000000000008        12.135254915624213       -2.7590212156129112     
   1.1900000000000008        12.135254915624213       -2.8571212156129118     
   1.2000000000000008        12.135254915624213       -2.9552212156129123     
   1.2100000000000009        12.135254915624213       -3.0533212156129128     
   1.2200000000000009        12.135254915624213       -3.1514212156129116     
   1.2300000000000009        12.135254915624213       -3.2495212156129121     
   1.2400000000000009        12.135254915624213       -3.3476212156129126     
   1.2500000000000009        12.135254915624213       -3.4457212156129131     
   1.2600000000000009        12.135254915624213       -3.5438212156129119     
   1.2700000000000009        12.135254915624213       -3.6419212156129124     
   1.2800000000000009        12.135254915624213       -3.7400212156129129     
   1.2900000000000009        12.135254915624213       -3.8381212156129134     
   1.3000000000000009        12.135254915624213       -3.9362212156129122     
   1.3100000000000009        12.135254915624213       -4.0343212156129127     
   1.3200000000000010        12.135254915624213       -4.1324212156129132     
   1.3300000000000010        12.135254915624213       -4.2305212156129137     
   1.3400000000000010        12.135254915624213       -4.3286212156129125     
   1.3500000000000010        12.135254915624213       -4.4267212156129130     
   1.3600000000000010        12.135254915624213       -4.5248212156129135     
   1.3700000000000010        12.135254915624213       -4.6229212156129140     
   1.3800000000000010        12.135254915624213       -4.7210212156129145     
   1.3900000000000010        12.135254915624213       -4.8191212156129133     
   1.4000000000000010        12.135254915624213       -4.9172212156129138     
   1.4100000000000010        12.135254915624213       -5.0153212156129143     
   1.4200000000000010        12.135254915624213       -5.1134212156129148     
   1.4300000000000010        12.135254915624213       -5.2115212156129136     
   1.4400000000000011        12.135254915624213       -5.3096212156129141     
   1.4500000000000011        12.135254915624213       -5.4077212156129146     
   1.4600000000000011        12.135254915624213       -5.5058212156129152     
   1.4700000000000011        12.135254915624213       -5.6039212156129139     
   1.4800000000000011        12.135254915624213       -5.7020212156129144     
   1.4900000000000011        12.135254915624213       -5.8001212156129149     
   1.5000000000000011        12.135254915624213       -5.8982212156129155     
   1.5100000000000011        12.135254915624213       -5.9963212156129142     
   1.5200000000000011        12.135254915624213       -6.0944212156129147     
   1.5300000000000011        12.135254915624213       -6.1925212156129152     
   1.5400000000000011        12.135254915624213       -6.2906212156129158     
   1.5500000000000012        12.135254915624213       -6.3887212156129145     
   1.5600000000000012        12.135254915624213       -6.4868212156129150     
   1.5700000000000012        12.135254915624213       -6.5849212156129155     
   1.5800000000000012        12.135254915624213       -6.6830212156129161     
   1.5900000000000012        12.135254915624213       -6.7811212156129148     
   1.6000000000000012        12.135254915624213       -6.8792212156129153     
   1.6100000000000012        12.135254915624213       -6.9773212156129159     
   1.6200000000000012        12.135254915624213       -7.0754212156129164     
   1.6300000000000012        12.135254915624213       -7.1735212156129151     
   1.6400000000000012        12.135254915624213       -7.2716212156129174     
   1.6500000000000012        12.135254915624213       -7.3697212156129162     
   1.6600000000000013        12.135254915624213       -7.4678212156129149     
   1.6700000000000013        12.135254915624213       -7.5659212156129172     
   1.6800000000000013        12.135254915624213       -7.6640212156129159     
   1.6900000000000013        12.135254915624213       -7.7621212156129182     
   1.7000000000000013        12.135254915624213       -7.8602212156129170     
   1.7100000000000013        12.135254915624213       -7.9583212156129157     
   1.7200000000000013        12.135254915624213       -8.0564212156129180     
   1.7300000000000013        12.135254915624213       -8.1545212156129168     
   1.7400000000000013        12.135254915624213       -8.2526212156129155     
   1.7500000000000013        12.135254915624213       -8.3507212156129178     
   1.7600000000000013        12.135254915624213       -8.4488212156129165     
   1.7700000000000014        12.135254915624213       -8.5469212156129188     
   1.7800000000000014        12.135254915624213       -8.6450212156129176     
   1.7900000000000014        12.135254915624213       -8.7431212156129163     
   1.8000000000000014        12.135254915624213       -8.8412212156129186     
   1.8100000000000014        12.135254915624213       -8.9393212156129174     
   1.8200000000000014        12.135254915624213       -9.0374212156129161     
   1.8300000000000014        12.135254915624213       -9.1355212156129184     
   1.8400000000000014        12.135254915624213       -9.2336212156129172     
   1.8500000000000014        12.135254915624213       -9.3317212156129195     
   1.8600000000000014        12.135254915624213       -9.4298212156129182     
   1.8700000000000014        12.135254915624213       -9.5279212156129169     
   1.8800000000000014        12.135254915624213       -9.6260212156129192     
   1.8900000000000015        12.135254915624213       -9.7241212156129180     
   1.9000000000000015        12.135254915624213       -9.8222212156129167     
   1.9100000000000015        12.135254915624213       -9.9203212156129190     
   1.9200000000000015        12.135254915624213       -10.018421215612918     
   1.9300000000000015        12.135254915624213       -10.116521215612920     
   1.9400000000000015        12.135254915624213       -10.214621215612919     
   1.9500000000000015        12.135254915624213       -10.312721215612918     
   1.9600000000000015        12.135254915624213       -10.410821215612920     
   1.9700000000000015        12.135254915624213       -10.508921215612919     
   1.9800000000000015        12.135254915624213       -10.607021215612921     
   1.9900000000000015        12.135254915624213       -10.705121215612920     
   2.0000000000000013        12.135254915624213       -10.803221215612918     
   2.0100000000000011        12.135254915624213       -10.901321215612914     
   2.0200000000000009        12.135254915624213       -10.999421215612912     
   2.0300000000000007        12.135254915624213       -11.097521215612911     
   2.0400000000000005        12.135254915624213       -11.195621215612910     
   2.0500000000000003        12.135254915624213       -11.293721215612909     
   2.0600000000000001        12.135254915624213       -11.391821215612904     
   2.0699999999999998        12.135254915624213       -11.489921215612902     
   2.0799999999999996        12.135254915624213       -11.588021215612901     
   2.0899999999999994        12.135254915624213       -11.686121215612900     
   2.0999999999999992        12.135254915624213       -11.784221215612895     
   2.1099999999999990        12.135254915624213       -11.882321215612894     
   2.1199999999999988        12.135254915624213       -11.980421215612893     
   2.1299999999999986        12.135254915624213       -12.078521215612891     
   2.1399999999999983        12.135254915624213       -12.176621215612887     
   2.1499999999999981        12.135254915624213       -12.274721215612885     
   2.1599999999999979        12.135254915624213       -12.372821215612884     
   2.1699999999999977        12.135254915624213       -12.470921215612883     
   2.1799999999999975        12.135254915624213       -12.569021215612878     
   2.1899999999999973        12.135254915624213       -12.667121215612877     
   2.1999999999999971        12.135254915624213       -12.765221215612875     
   2.2099999999999969        12.135254915624213       -12.863321215612874     
   2.2199999999999966        12.135254915624213       -12.961421215612873     
   2.2299999999999964        12.135254915624213       -13.059521215612868     
   2.2399999999999962        12.135254915624213       -13.157621215612867     
   2.2499999999999960        12.135254915624213       -13.255721215612866     
   2.2599999999999958        12.135254915624213       -13.353821215612864     
   2.2699999999999956        12.135254915624213       -13.451921215612860     
   2.2799999999999954        12.135254915624213       -13.550021215612858     
   2.2899999999999952        12.135254915624213       -13.648121215612857     
   2.2999999999999949        12.135254915624213       -13.746221215612856     
   2.3099999999999947        12.135254915624213       -13.844321215612851     
   2.3199999999999945        12.135254915624213       -13.942421215612850     
   2.3299999999999943        12.135254915624213       -14.040521215612848     
   2.3399999999999941        12.135254915624213       -14.138621215612847     
   2.3499999999999939        12.135254915624213       -14.236721215612846     
   2.3599999999999937        12.135254915624213       -14.334821215612841     
   2.3699999999999934        12.135254915624213       -14.432921215612840     
   2.3799999999999932        12.135254915624213       -14.531021215612839     
   2.3899999999999930        12.135254915624213       -14.629121215612837     
   2.3999999999999928        12.135254915624213       -14.727221215612833     
   2.4099999999999926        12.135254915624213       -14.825321215612831     
   2.4199999999999924        12.135254915624213       -14.923421215612830     
   2.4299999999999922        12.135254915624213       -15.021521215612829     
   2.4399999999999920        12.135254915624213       -15.119621215612824     
   2.4499999999999917        12.135254915624213       -15.217721215612823     
   2.4599999999999915        12.135254915624213       -15.315821215612822     
   2.4699999999999913        12.135254915624213       -15.413921215612820     
   2.4799999999999911        12.135254915624213       -15.512021215612815     
   2.4899999999999909        12.135254915624213       -15.610121215612814     
   2.4999999999999907        12.135254915624213       -15.708221215612813     
   2.5099999999999905        12.135254915624213       -15.806321215612812     
   2.5199999999999902        12.135254915624213       -15.904421215612810     
   2.5299999999999900        12.135254915624213       -16.002521215612806     
   2.5399999999999898        12.135254915624213       -16.100621215612804     
   2.5499999999999896        12.135254915624213       -16.198721215612803     
   2.5599999999999894        12.135254915624213       -16.296821215612802     
   2.5699999999999892        12.135254915624213       -16.394921215612797     
   2.5799999999999890        12.135254915624213       -16.493021215612796     
   2.5899999999999888        12.135254915624213       -16.591121215612795     
   2.5999999999999885        12.135254915624213       -16.689221215612793     
   2.6099999999999883        12.135254915624213       -16.787321215612788     
   2.6199999999999881        12.135254915624213       -16.885421215612787     
   2.6299999999999879        12.135254915624213       -16.983521215612786     
   2.6399999999999877        12.135254915624213       -17.081621215612785     
   2.6499999999999875        12.135254915624213       -17.179721215612780     
   2.6599999999999873        12.135254915624213       -17.277821215612779     
   2.6699999999999871        12.135254915624213       -17.375921215612777     
   2.6799999999999868        12.135254915624213       -17.474021215612776     
   2.6899999999999866        12.135254915624213       -17.572121215612775     
   2.6999999999999864        12.135254915624213       -17.670221215612770     
   2.7099999999999862        12.135254915624213       -17.768321215612769     
   2.7199999999999860        12.135254915624213       -17.866421215612768     
   2.7299999999999858        12.135254915624213       -17.964521215612766     
   2.7399999999999856        12.135254915624213       -18.062621215612761     
   2.7499999999999853        12.135254915624213       -18.160721215612760     
   2.7599999999999851        12.135254915624213       -18.258821215612759     
   2.7699999999999849        12.135254915624213       -18.356921215612758     
   2.7799999999999847        12.135254915624213       -18.455021215612753     
   2.7899999999999845        12.135254915624213       -18.553121215612752     
   2.7999999999999843        12.135254915624213       -18.651221215612750     
   2.8099999999999841        12.135254915624213       -18.749321215612749     
   2.8199999999999839        12.135254915624213       -18.847421215612748     
   2.8299999999999836        12.135254915624213       -18.945521215612743     
   2.8399999999999834        12.135254915624213       -19.043621215612742     
   2.8499999999999832        12.135254915624213       -19.141721215612741     
   2.8599999999999830        12.135254915624213       -19.239821215612739     
   2.8699999999999828        12.135254915624213       -19.337921215612734     
   2.8799999999999826        12.135254915624213       -19.436021215612733     
   2.8899999999999824        12.135254915624213       -19.534121215612732     
   2.8999999999999821        12.135254915624213       -19.632221215612731     
   2.9099999999999819        12.135254915624213       -19.730321215612726     
   2.9199999999999817        12.135254915624213       -19.828421215612725     
   2.9299999999999815        12.135254915624213       -19.926521215612723     
   2.9399999999999813        12.135254915624213       -20.024621215612722     
   2.9499999999999811        12.135254915624213       -20.122721215612717     
   2.9599999999999809        12.135254915624213       -20.220821215612716     
   2.9699999999999807        12.135254915624213       -20.318921215612715     
   2.9799999999999804        12.135254915624213       -20.417021215612714     
   2.9899999999999802        12.135254915624213       -20.515121215612712     
   2.9999999999999800        12.135254915624213       -20.613221215612707     
   3.0099999999999798        12.135254915624213       -20.711321215612706     
   3.0199999999999796        12.135254915624213       -20.809421215612705     
   3.0299999999999794        12.135254915624213       -20.907521215612704     
   3.0399999999999792        12.135254915624213       -21.005621215612699     
   3.0499999999999790        12.135254915624213       -21.103721215612698     
   3.0599999999999787        12.135254915624213       -21.201821215612696     
   3.0699999999999785        12.135254915624213       -21.299921215612695     
   3.0799999999999783        12.135254915624213       -21.398021215612690     
   3.0899999999999781        12.135254915624213       -21.496121215612689     
   3.0999999999999779        12.135254915624213       -21.594221215612688     
   3.1099999999999777        12.135254915624213       -21.692321215612687     
   3.1199999999999775        12.135254915624213       -21.790421215612685     
   3.1299999999999772        12.135254915624213       -21.888521215612680     
   3.1399999999999770        12.135254915624213       -21.986621215612679     
   3.1499999999999768        12.135254915624213       -22.084721215612678     
   3.1599999999999766        12.135254915624213       -22.182821215612677     
   3.1699999999999764        12.135254915624213       -22.280921215612672     
   3.1799999999999762        12.135254915624213       -22.379021215612671     
   3.1899999999999760        12.135254915624213       -22.477121215612669     
   3.1999999999999758        12.135254915624213       -22.575221215612668     
   3.2099999999999755        12.135254915624213       -22.673321215612663     
   3.2199999999999753        12.135254915624213       -22.771421215612662     
   3.2299999999999751        12.135254915624213       -22.869521215612661     
   3.2399999999999749        12.135254915624213       -22.967621215612660     
   3.2499999999999747        12.135254915624213       -23.065721215612655     
   3.2599999999999745        12.135254915624213       -23.163821215612654     
   3.2699999999999743        12.135254915624213       -23.261921215612652     
   3.2799999999999740        12.135254915624213       -23.360021215612647     
   3.2899999999999738        12.135254915624213       -23.458121215612650     
   3.2999999999999736        12.135254915624213       -23.556221215612645     
   3.3099999999999734        12.135254915624213       -23.654321215612647     
   3.3199999999999732        12.135254915624213       -23.752421215612642     
   3.3299999999999730        12.135254915624213       -23.850521215612638     
   3.3399999999999728        12.135254915624213       -23.948621215612640     
   3.3499999999999726        12.135254915624213       -24.046721215612635     
   3.3599999999999723        12.135254915624213       -24.144821215612630     
   3.3699999999999721        12.135254915624213       -24.242921215612633     
   3.3799999999999719        12.135254915624213       -24.341021215612628     
   3.3899999999999717        12.135254915624213       -24.439121215612630     
   3.3999999999999715        12.135254915624213       -24.537221215612625     
   3.4099999999999713        12.135254915624213       -24.635321215612620     
   3.4199999999999711        12.135254915624213       -24.733421215612623     
   3.4299999999999708        12.135254915624213       -24.831521215612618     
   3.4399999999999706        12.135254915624213       -24.929621215612620     
   3.4499999999999704        12.135254915624213       -25.027721215612615     
   3.4599999999999702        12.135254915624213       -25.125821215612611     
   3.4699999999999700        12.135254915624213       -25.223921215612613     
   3.4799999999999698        12.135254915624213       -25.322021215612608     
   3.4899999999999696        12.135254915624213       -25.420121215612603     
   3.4999999999999694        12.135254915624213       -25.518221215612606     
   3.5099999999999691        12.135254915624213       -25.616321215612601     
   3.5199999999999689        12.135254915624213       -25.714421215612603     
   3.5299999999999687        12.135254915624213       -25.812521215612598     
   3.5399999999999685        12.135254915624213       -25.910621215612593     
   3.5499999999999683        12.135254915624213       -26.008721215612596     
   3.5599999999999681        12.135254915624213       -26.106821215612591     
   3.5699999999999679        12.135254915624213       -26.204921215612593     
   3.5799999999999677        12.135254915624213       -26.303021215612588     
   3.5899999999999674        12.135254915624213       -26.401121215612584     
   3.5999999999999672        12.135254915624213       -26.499221215612586     
   3.6099999999999670        12.135254915624213       -26.597321215612581     
   3.6199999999999668        12.135254915624213       -26.695421215612576     
   3.6299999999999666        12.135254915624213       -26.793521215612579     
   3.6399999999999664        12.135254915624213       -26.891621215612574     
   3.6499999999999662        12.135254915624213       -26.989721215612576     
   3.6599999999999659        12.135254915624213       -27.087821215612571     
   3.6699999999999657        12.135254915624213       -27.185921215612566     
   3.6799999999999655        12.135254915624213       -27.284021215612569     
   3.6899999999999653        12.135254915624213       -27.382121215612564     
   3.6999999999999651        12.135254915624213       -27.480221215612559     
   3.7099999999999649        12.135254915624213       -27.578321215612561     
   3.7199999999999647        12.135254915624213       -27.676421215612557     
   3.7299999999999645        12.135254915624213       -27.774521215612559     
   3.7399999999999642        12.135254915624213       -27.872621215612554     
   3.7499999999999640        12.135254915624213       -27.970721215612549     
   3.7599999999999638        12.135254915624213       -28.068821215612552     
   3.7699999999999636        12.135254915624213       -28.166921215612547     
   3.7799999999999634        12.135254915624213       -28.265021215612549     
   3.7899999999999632        12.135254915624213       -28.363121215612544     
   3.7999999999999630        12.135254915624213       -28.461221215612539     
   3.8099999999999627        12.135254915624213       -28.559321215612542     
   3.8199999999999625        12.135254915624213       -28.657421215612537     
   3.8299999999999623        12.135254915624213       -28.755521215612532     
   3.8399999999999621        12.135254915624213       -28.853621215612534     
   3.8499999999999619        12.135254915624213       -28.951721215612530     
   3.8599999999999617        12.135254915624213       -29.049821215612532     
   3.8699999999999615        12.135254915624213       -29.147921215612527     
   3.8799999999999613        12.135254915624213       -29.246021215612522     
   3.8899999999999610        12.135254915624213       -29.344121215612525     
   3.8999999999999608        12.135254915624213       -29.442221215612520     
   3.9099999999999606        12.135254915624213       -29.540321215612522     
   3.9199999999999604        12.135254915624213       -29.638421215612517     
   3.9299999999999602        12.135254915624213       -29.736521215612512     
   3.9399999999999600        12.135254915624213       -29.834621215612515     
   3.9499999999999598        12.135254915624213       -29.932721215612510     
   3.9599999999999596        12.135254915624213       -30.030821215612505     
   3.9699999999999593        12.135254915624213       -30.128921215612507     
   3.9799999999999591        12.135254915624213       -30.227021215612503     
   3.9899999999999589        12.135254915624213       -30.325121215612505     
   3.9999999999999587        12.135254915624213       -30.423221215612500     
   4.0099999999999589        12.135254915624213       -30.521321215612502     
   4.0199999999999587        12.135254915624213       -30.619421215612498     
   4.0299999999999585        12.135254915624213       -30.717521215612500     
   4.0399999999999583        12.135254915624213       -30.815621215612495     
   4.0499999999999581        12.135254915624213       -30.913721215612497     
   4.0599999999999579        12.135254915624213       -31.011821215612493     
   4.0699999999999577        12.135254915624213       -31.109921215612488     
   4.0799999999999574        12.135254915624213       -31.208021215612490     
   4.0899999999999572        12.135254915624213       -31.306121215612485     
   4.0999999999999570        12.135254915624213       -31.404221215612480     
   4.1099999999999568        12.135254915624213       -31.502321215612483     
   4.1199999999999566        12.135254915624213       -31.600421215612478     
   4.1299999999999564        12.135254915624213       -31.698521215612480     
   4.1399999999999562        12.135254915624213       -31.796621215612475     
   4.1499999999999559        12.135254915624213       -31.894721215612471     
   4.1599999999999557        12.135254915624213       -31.992821215612473     
   4.1699999999999555        12.135254915624213       -32.090921215612468     
   4.1799999999999553        12.135254915624213       -32.189021215612463     
   4.1899999999999551        12.135254915624213       -32.287121215612466     
   4.1999999999999549        12.135254915624213       -32.385221215612461     
   4.2099999999999547        12.135254915624213       -32.483321215612463     
   4.2199999999999545        12.135254915624213       -32.581421215612458     
   4.2299999999999542        12.135254915624213       -32.679521215612453     
   4.2399999999999540        12.135254915624213       -32.777621215612456     
   4.2499999999999538        12.135254915624213       -32.875721215612451     
   4.2599999999999536        12.135254915624213       -32.973821215612453     
   4.2699999999999534        12.135254915624213       -33.071921215612448     
   4.2799999999999532        12.135254915624213       -33.170021215612444     
   4.2899999999999530        12.135254915624213       -33.268121215612446     
   4.2999999999999527        12.135254915624213       -33.366221215612441     
   4.3099999999999525        12.135254915624213       -33.464321215612436     
   4.3199999999999523        12.135254915624213       -33.562421215612439     
   4.3299999999999521        12.135254915624213       -33.660521215612434     
   4.3399999999999519        12.135254915624213       -33.758621215612436     
   4.3499999999999517        12.135254915624213       -33.856721215612431     
   4.3599999999999515        12.135254915624213       -33.954821215612426     
   4.3699999999999513        12.135254915624213       -34.052921215612429     
   4.3799999999999510        12.135254915624213       -34.151021215612424     
   4.3899999999999508        12.135254915624213       -34.249121215612426     
   4.3999999999999506        12.135254915624213       -34.347221215612421     
   4.4099999999999504        12.135254915624213       -34.445321215612417     
   4.4199999999999502        12.135254915624213       -34.543421215612419     
   4.4299999999999500        12.135254915624213       -34.641521215612414     
   4.4399999999999498        12.135254915624213       -34.739621215612409     
   4.4499999999999496        12.135254915624213       -34.837721215612412     
   4.4599999999999493        12.135254915624213       -34.935821215612407     
   4.4699999999999491        12.135254915624213       -35.033921215612409     
   4.4799999999999489        12.135254915624213       -35.132021215612404     
   4.4899999999999487        12.135254915624213       -35.230121215612400     
   4.4999999999999485        12.135254915624213       -35.328221215612402     
   4.5099999999999483        12.135254915624213       -35.426321215612397     
   4.5199999999999481        12.135254915624213       -35.524421215612399     
   4.5299999999999478        12.135254915624213       -35.622521215612394     
   4.5399999999999476        12.135254915624213       -35.720621215612390     
   4.5499999999999474        12.135254915624213       -35.818721215612392     
   4.5599999999999472        12.135254915624213       -35.916821215612387     
   4.5699999999999470        12.135254915624213       -36.014921215612382     
   4.5799999999999468        12.135254915624213       -36.113021215612385     
   4.5899999999999466        12.135254915624213       -36.211121215612380     
   4.5999999999999464        12.135254915624213       -36.309221215612382     
   4.6099999999999461        12.135254915624213       -36.407321215612377     
   4.6199999999999459        12.135254915624213       -36.505421215612373     
   4.6299999999999457        12.135254915624213       -36.603521215612375     
   4.6399999999999455        12.135254915624213       -36.701621215612370     
   4.6499999999999453        12.135254915624213       -36.799721215612372     
   4.6599999999999451        12.135254915624213       -36.897821215612367     
   4.6699999999999449        12.135254915624213       -36.995921215612363     
   4.6799999999999446        12.135254915624213       -37.094021215612365     
   4.6899999999999444        12.135254915624213       -37.192121215612360     
   4.6999999999999442        12.135254915624213       -37.290221215612355     
   4.7099999999999440        12.135254915624213       -37.388321215612358     
   4.7199999999999438        12.135254915624213       -37.486421215612353     
   4.7299999999999436        12.135254915624213       -37.584521215612355     
   4.7399999999999434        12.135254915624213       -37.682621215612350     
   4.7499999999999432        12.135254915624213       -37.780721215612346     
   4.7599999999999429        12.135254915624213       -37.878821215612348     
   4.7699999999999427        12.135254915624213       -37.976921215612343     
   4.7799999999999425        12.135254915624213       -38.075021215612338     
   4.7899999999999423        12.135254915624213       -38.173121215612341     
   4.7999999999999421        12.135254915624213       -38.271221215612336     
   4.8099999999999419        12.135254915624213       -38.369321215612338     
   4.8199999999999417        12.135254915624213       -38.467421215612333     
   4.8299999999999415        12.135254915624213       -38.565521215612328     
   4.8399999999999412        12.135254915624213       -38.663621215612331     
   4.8499999999999410        12.135254915624213       -38.761721215612326     
   4.8599999999999408        12.135254915624213       -38.859821215612328     
   4.8699999999999406        12.135254915624213       -38.957921215612323     
   4.8799999999999404        12.135254915624213       -39.056021215612319     
   4.8899999999999402        12.135254915624213       -39.154121215612321     
   4.8999999999999400        12.135254915624213       -39.252221215612316     
   4.9099999999999397        12.135254915624213       -39.350321215612311     
   4.9199999999999395        12.135254915624213       -39.448421215612314     
   4.9299999999999393        12.135254915624213       -39.546521215612309     
   4.9399999999999391        12.135254915624213       -39.644621215612311     
   4.9499999999999389        12.135254915624213       -39.742721215612306     
   4.9599999999999387        12.135254915624213       -39.840821215612301     
   4.9699999999999385        12.135254915624213       -39.938921215612304     
   4.9799999999999383        12.135254915624213       -40.037021215612299     
   4.9899999999999380        12.135254915624213       -40.135121215612301     
   4.9999999999999378        12.135254915624213       -40.233221215612296     
   5.0099999999999376        12.135254915624213       -40.331321215612292     
   5.0199999999999374        12.135254915624213       -40.429421215612294     
   5.0299999999999372        12.135254915624213       -40.527521215612289     
   5.0399999999999370        12.135254915624213       -40.625621215612284     
   5.0499999999999368        12.135254915624213       -40.723721215612287     
   5.0599999999999365        12.135254915624213       -40.821821215612282     
   5.0699999999999363        12.135254915624213       -40.919921215612284     
   5.0799999999999361        12.135254915624213       -41.018021215612279     
   5.0899999999999359        12.135254915624213       -41.116121215612274     
   5.0999999999999357        12.135254915624213       -41.214221215612277     
   5.1099999999999355        12.135254915624213       -41.312321215612272     
   5.1199999999999353        12.135254915624213       -41.410421215612274     
   5.1299999999999351        12.135254915624213       -41.508521215612269     
   5.1399999999999348        12.135254915624213       -41.606621215612265     
   5.1499999999999346        12.135254915624213       -41.704721215612267     
   5.1599999999999344        12.135254915624213       -41.802821215612262     
   5.1699999999999342        12.135254915624213       -41.900921215612257     
   5.1799999999999340        12.135254915624213       -41.999021215612260     
   5.1899999999999338        12.135254915624213       -42.097121215612255     
   5.1999999999999336        12.135254915624213       -42.195221215612257     
   5.2099999999999334        12.135254915624213       -42.293321215612252     
   5.2199999999999331        12.135254915624213       -42.391421215612247     
   5.2299999999999329        12.135254915624213       -42.489521215612250     
   5.2399999999999327        12.135254915624213       -42.587621215612245     
   5.2499999999999325        12.135254915624213       -42.685721215612240     
   5.2599999999999323        12.135254915624213       -42.783821215612242     
   5.2699999999999321        12.135254915624213       -42.881921215612238     
   5.2799999999999319        12.135254915624213       -42.980021215612240     
   5.2899999999999316        12.135254915624213       -43.078121215612235     
   5.2999999999999314        12.135254915624213       -43.176221215612230     
   5.3099999999999312        12.135254915624213       -43.274321215612233     
   5.3199999999999310        12.135254915624213       -43.372421215612228     
   5.3299999999999308        12.135254915624213       -43.470521215612230     
   5.3399999999999306        12.135254915624213       -43.568621215612225     
   5.3499999999999304        12.135254915624213       -43.666721215612220     
   5.3599999999999302        12.135254915624213       -43.764821215612223     
   5.3699999999999299        12.135254915624213       -43.862921215612218     
   5.3799999999999297        12.135254915624213       -43.961021215612213     
   5.3899999999999295        12.135254915624213       -44.059121215612215     
   5.3999999999999293        12.135254915624213       -44.157221215612211     
   5.4099999999999291        12.135254915624213       -44.255321215612213     
   5.4199999999999289        12.135254915624213       -44.353421215612208     
   5.4299999999999287        12.135254915624213       -44.451521215612203     
   5.4399999999999284        12.135254915624213       -44.549621215612206     
   5.4499999999999282        12.135254915624213       -44.647721215612201     
   5.4599999999999280        12.135254915624213       -44.745821215612203     
   5.4699999999999278        12.135254915624213       -44.843921215612198     
   5.4799999999999276        12.135254915624213       -44.942021215612193     
   5.4899999999999274        12.135254915624213       -45.040121215612196     
   5.4999999999999272        12.135254915624213       -45.138221215612191     
   5.5099999999999270        12.135254915624213       -45.236321215612186     
