   0.0000000000000000        0.0000000000000000     
   1.0000000000000000E-002  0.12135254915624213     
   2.0000000000000000E-002  0.24270509831248427     
   2.9999999999999999E-002  0.36405764746872638     
   4.0000000000000001E-002  0.48541019662496854     
   5.0000000000000003E-002  0.60676274578121070     
   6.0000000000000005E-002  0.72811529493745286     
   7.0000000000000007E-002  0.84946784409369491     
   8.0000000000000002E-002  0.97082039324993707     
   8.9999999999999997E-002   1.0921729424061790     
   9.9999999999999992E-002   1.2135254915624212     
  0.10999999999999999        1.3348780407186633     
  0.11999999999999998        1.4562305898749053     
  0.12999999999999998        1.5775831390311474     
  0.13999999999999999        1.6989356881873896     
  0.14999999999999999        1.8202882373436318     
  0.16000000000000000        1.9416407864998741     
  0.17000000000000001        2.0629933356561163     
  0.18000000000000002        2.1843458848123585     
  0.19000000000000003        2.3056984339686006     
  0.20000000000000004        2.4270509831248428     
  0.21000000000000005        2.5484035322810854     
  0.22000000000000006        2.6697560814373276     
  0.23000000000000007        2.7911086305935697     
  0.24000000000000007        2.9124611797498119     
  0.25000000000000006        3.0338137289060541     
  0.26000000000000006        3.1551662780622962     
  0.27000000000000007        3.2765188272185384     
  0.28000000000000008        3.3978713763747805     
  0.29000000000000009        3.5192239255310227     
  0.30000000000000010        3.6405764746872649     
  0.31000000000000011        3.7619290238435070     
  0.32000000000000012        3.8832815729997496     
  0.33000000000000013        4.0046341221559913     
  0.34000000000000014        4.1259866713122335     
  0.35000000000000014        4.2473392204684766     
  0.36000000000000015        4.3686917696247187     
  0.37000000000000016        4.4900443187809609     
  0.38000000000000017        4.6113968679372030     
  0.39000000000000018        4.7327494170934452     
  0.40000000000000019        4.8541019662496874     
  0.41000000000000020        4.9754545154059295     
  0.42000000000000021        5.0968070645621717     
  0.43000000000000022        5.2181596137184139     
  0.44000000000000022        5.3395121628746560     
  0.45000000000000023        5.4608647120308982     
  0.46000000000000024        5.5822172611871403     
  0.47000000000000025        5.7035698103433834     
  0.48000000000000026        5.8249223594996256     
  0.49000000000000027        5.9462749086558677     
  0.50000000000000022        6.0676274578121090     
  0.51000000000000023        6.1889800069683512     
  0.52000000000000024        6.3103325561245933     
  0.53000000000000025        6.4316851052808355     
  0.54000000000000026        6.5530376544370776     
  0.55000000000000027        6.6743902035933198     
  0.56000000000000028        6.7957427527495629     
  0.57000000000000028        6.9170953019058050     
  0.58000000000000029        7.0384478510620472     
  0.59000000000000030        7.1598004002182893     
  0.60000000000000031        7.2811529493745315     
  0.61000000000000032        7.4025054985307737     
  0.62000000000000033        7.5238580476870158     
  0.63000000000000034        7.6452105968432580     
  0.64000000000000035        7.7665631459995002     
  0.65000000000000036        7.8879156951557423     
  0.66000000000000036        8.0092682443119845     
  0.67000000000000037        8.1306207934682266     
  0.68000000000000038        8.2519733426244688     
  0.69000000000000039        8.3733258917807110     
  0.70000000000000040        8.4946784409369531     
  0.71000000000000041        8.6160309900931953     
  0.72000000000000042        8.7373835392494374     
  0.73000000000000043        8.8587360884056796     
  0.74000000000000044        8.9800886375619218     
  0.75000000000000044        9.1014411867181657     
  0.76000000000000045        9.2227937358744079     
  0.77000000000000046        9.3441462850306500     
  0.78000000000000047        9.4654988341868922     
  0.79000000000000048        9.5868513833431344     
  0.80000000000000049        9.7082039324993765     
  0.81000000000000050        9.8295564816556187     
  0.82000000000000051        9.9509090308118608     
  0.83000000000000052        10.072261579968103     
  0.84000000000000052        10.193614129124345     
  0.85000000000000053        10.314966678280587     
  0.86000000000000054        10.436319227436829     
  0.87000000000000055        10.557671776593072     
  0.88000000000000056        10.679024325749314     
  0.89000000000000057        10.800376874905556     
  0.90000000000000058        10.921729424061798     
  0.91000000000000059        11.043081973218040     
  0.92000000000000060        11.164434522374282     
  0.93000000000000060        11.285787071530525     
  0.94000000000000061        11.407139620686767     
  0.95000000000000062        11.528492169843009     
  0.96000000000000063        11.649844718999251     
  0.97000000000000064        11.771197268155493     
  0.98000000000000065        11.892549817311735     
  0.99000000000000066        12.013902366467979     
   1.0000000000000007        12.135254915624222     
   1.0100000000000007        12.256607464780464     
   1.0200000000000007        12.377960013936706     
   1.0300000000000007        12.499312563092948     
   1.0400000000000007        12.620665112249190     
   1.0500000000000007        12.742017661405432     
   1.0600000000000007        12.863370210561675     
   1.0700000000000007        12.984722759717917     
   1.0800000000000007        13.106075308874159     
   1.0900000000000007        13.227427858030401     
   1.1000000000000008        13.348780407186643     
   1.1100000000000008        13.470132956342885     
   1.1200000000000008        13.591485505499127     
   1.1300000000000008        13.712838054655370     
   1.1400000000000008        13.834190603811612     
   1.1500000000000008        13.955543152967854     
   1.1600000000000008        14.076895702124096     
   1.1700000000000008        14.198248251280338     
   1.1800000000000008        14.319600800436580     
   1.1900000000000008        14.440953349592823     
   1.2000000000000008        14.562305898749065     
   1.2100000000000009        14.683658447905307     
   1.2200000000000009        14.805010997061549     
   1.2300000000000009        14.926363546217791     
   1.2400000000000009        15.047716095374035     
   1.2500000000000009        15.169068644530277     
   1.2600000000000009        15.290421193686520     
   1.2700000000000009        15.411773742842762     
   1.2800000000000009        15.533126291999004     
   1.2900000000000009        15.654478841155246     
   1.3000000000000009        15.775831390311488     
   1.3100000000000009        15.897183939467730     
   1.3200000000000010        16.018536488623973     
   1.3300000000000010        16.139889037780215     
   1.3400000000000010        16.261241586936457     
   1.3500000000000010        16.382594136092699     
   1.3600000000000010        16.503946685248941     
   1.3700000000000010        16.625299234405183     
   1.3800000000000010        16.746651783561425     
   1.3900000000000010        16.868004332717668     
   1.4000000000000010        16.989356881873910     
   1.4100000000000010        17.110709431030152     
   1.4200000000000010        17.232061980186394     
   1.4300000000000010        17.353414529342636     
   1.4400000000000011        17.474767078498878     
   1.4500000000000011        17.596119627655121     
   1.4600000000000011        17.717472176811363     
   1.4700000000000011        17.838824725967605     
   1.4800000000000011        17.960177275123847     
   1.4900000000000011        18.081529824280089     
   1.5000000000000011        18.202882373436331     
   1.5100000000000011        18.324234922592574     
   1.5200000000000011        18.445587471748816     
   1.5300000000000011        18.566940020905058     
   1.5400000000000011        18.688292570061300     
   1.5500000000000012        18.809645119217542     
   1.5600000000000012        18.930997668373784     
   1.5700000000000012        19.052350217530027     
   1.5800000000000012        19.173702766686269     
   1.5900000000000012        19.295055315842511     
   1.6000000000000012        19.416407864998753     
   1.6100000000000012        19.537760414154999     
   1.6200000000000012        19.659112963311241     
   1.6300000000000012        19.780465512467483     
   1.6400000000000012        19.901818061623725     
   1.6500000000000012        20.023170610779967     
   1.6600000000000013        20.144523159936210     
   1.6700000000000013        20.265875709092452     
   1.6800000000000013        20.387228258248694     
   1.6900000000000013        20.508580807404936     
   1.7000000000000013        20.629933356561178     
   1.7100000000000013        20.751285905717420     
   1.7200000000000013        20.872638454873663     
   1.7300000000000013        20.993991004029905     
   1.7400000000000013        21.115343553186147     
   1.7500000000000013        21.236696102342389     
   1.7600000000000013        21.358048651498631     
   1.7700000000000014        21.479401200654873     
   1.7800000000000014        21.600753749811116     
   1.7900000000000014        21.722106298967358     
   1.8000000000000014        21.843458848123600     
   1.8100000000000014        21.964811397279842     
   1.8200000000000014        22.086163946436084     
   1.8300000000000014        22.207516495592326     
   1.8400000000000014        22.328869044748568     
   1.8500000000000014        22.450221593904811     
   1.8600000000000014        22.571574143061053     
   1.8700000000000014        22.692926692217295     
   1.8800000000000014        22.814279241373537     
   1.8900000000000015        22.935631790529779     
   1.9000000000000015        23.056984339686021     
   1.9100000000000015        23.178336888842264     
   1.9200000000000015        23.299689437998506     
   1.9300000000000015        23.421041987154748     
   1.9400000000000015        23.542394536310990     
   1.9500000000000015        23.663747085467232     
   1.9600000000000015        23.785099634623474     
   1.9700000000000015        23.906452183779717     
   1.9800000000000015        24.027804732935959     
   1.9900000000000015        24.149157282092201     
   2.0000000000000013        24.270509831248443     
   2.0100000000000011        24.391862380404682     
   2.0200000000000009        24.513214929560920     
   2.0300000000000007        24.634567478717159     
   2.0400000000000005        24.755920027873401     
   2.0500000000000003        24.877272577029640     
   2.0600000000000001        24.998625126185878     
   2.0699999999999998        25.119977675342117     
   2.0799999999999996        25.241330224498359     
   2.0899999999999994        25.362682773654598     
   2.0999999999999992        25.484035322810836     
   2.1099999999999990        25.605387871967075     
   2.1199999999999988        25.726740421123317     
   2.1299999999999986        25.848092970279556     
   2.1399999999999983        25.969445519435794     
   2.1499999999999981        26.090798068592033     
   2.1599999999999979        26.212150617748275     
   2.1699999999999977        26.333503166904514     
   2.1799999999999975        26.454855716060752     
   2.1899999999999973        26.576208265216994     
   2.1999999999999971        26.697560814373233     
   2.2099999999999969        26.818913363529472     
   2.2199999999999966        26.940265912685710     
   2.2299999999999964        27.061618461841952     
   2.2399999999999962        27.182971010998191     
   2.2499999999999960        27.304323560154430     
   2.2599999999999958        27.425676109310668     
   2.2699999999999956        27.547028658466910     
   2.2799999999999954        27.668381207623149     
   2.2899999999999952        27.789733756779388     
   2.2999999999999949        27.911086305935626     
   2.3099999999999947        28.032438855091868     
   2.3199999999999945        28.153791404248107     
   2.3299999999999943        28.275143953404346     
   2.3399999999999941        28.396496502560584     
   2.3499999999999939        28.517849051716826     
   2.3599999999999937        28.639201600873065     
   2.3699999999999934        28.760554150029304     
   2.3799999999999932        28.881906699185546     
   2.3899999999999930        29.003259248341784     
   2.3999999999999928        29.124611797498023     
   2.4099999999999926        29.245964346654262     
   2.4199999999999924        29.367316895810504     
   2.4299999999999922        29.488669444966742     
   2.4399999999999920        29.610021994122981     
   2.4499999999999917        29.731374543279220     
   2.4599999999999915        29.852727092435462     
   2.4699999999999913        29.974079641591700     
   2.4799999999999911        30.095432190747939     
   2.4899999999999909        30.216784739904178     
   2.4999999999999907        30.338137289060420     
   2.5099999999999905        30.459489838216658     
   2.5199999999999902        30.580842387372897     
   2.5299999999999900        30.702194936529136     
   2.5399999999999898        30.823547485685378     
   2.5499999999999896        30.944900034841616     
   2.5599999999999894        31.066252583997855     
   2.5699999999999892        31.187605133154094     
   2.5799999999999890        31.308957682310336     
   2.5899999999999888        31.430310231466574     
   2.5999999999999885        31.551662780622813     
   2.6099999999999883        31.673015329779055     
   2.6199999999999881        31.794367878935294     
   2.6299999999999879        31.915720428091532     
   2.6399999999999877        32.037072977247774     
   2.6499999999999875        32.158425526404010     
   2.6599999999999873        32.279778075560252     
   2.6699999999999871        32.401130624716494     
   2.6799999999999868        32.522483173872729     
   2.6899999999999866        32.643835723028971     
   2.6999999999999864        32.765188272185206     
   2.7099999999999862        32.886540821341448     
   2.7199999999999860        33.007893370497690     
   2.7299999999999858        33.129245919653926     
   2.7399999999999856        33.250598468810168     
   2.7499999999999853        33.371951017966410     
   2.7599999999999851        33.493303567122645     
   2.7699999999999849        33.614656116278887     
   2.7799999999999847        33.736008665435122     
   2.7899999999999845        33.857361214591364     
   2.7999999999999843        33.978713763747606     
   2.8099999999999841        34.100066312903841     
   2.8199999999999839        34.221418862060084     
   2.8299999999999836        34.342771411216326     
   2.8399999999999834        34.464123960372561     
   2.8499999999999832        34.585476509528803     
   2.8599999999999830        34.706829058685045     
   2.8699999999999828        34.828181607841280     
   2.8799999999999826        34.949534156997522     
   2.8899999999999824        35.070886706153757     
   2.8999999999999821        35.192239255310000     
   2.9099999999999819        35.313591804466242     
   2.9199999999999817        35.434944353622477     
   2.9299999999999815        35.556296902778719     
   2.9399999999999813        35.677649451934961     
   2.9499999999999811        35.799002001091196     
   2.9599999999999809        35.920354550247438     
   2.9699999999999807        36.041707099403673     
   2.9799999999999804        36.163059648559916     
   2.9899999999999802        36.284412197716158     
   2.9999999999999800        36.405764746872393     
   3.0099999999999798        36.527117296028635     
   3.0199999999999796        36.648469845184877     
   3.0299999999999794        36.769822394341112     
   3.0399999999999792        36.891174943497354     
   3.0499999999999790        37.012527492653597     
   3.0599999999999787        37.133880041809832     
   3.0699999999999785        37.255232590966074     
   3.0799999999999783        37.376585140122309     
   3.0899999999999781        37.497937689278551     
   3.0999999999999779        37.619290238434793     
   3.1099999999999777        37.740642787591028     
   3.1199999999999775        37.861995336747270     
   3.1299999999999772        37.983347885903513     
   3.1399999999999770        38.104700435059748     
   3.1499999999999768        38.226052984215990     
   3.1599999999999766        38.347405533372225     
   3.1699999999999764        38.468758082528467     
   3.1799999999999762        38.590110631684709     
   3.1899999999999760        38.711463180840944     
   3.1999999999999758        38.832815729997186     
   3.2099999999999755        38.954168279153429     
   3.2199999999999753        39.075520828309664     
   3.2299999999999751        39.196873377465906     
   3.2399999999999749        39.318225926622148     
   3.2499999999999747        39.439578475778383     
   3.2599999999999745        39.560931024934625     
   3.2699999999999743        39.682283574090860     
   3.2799999999999740        39.803636123247102     
   3.2899999999999738        39.924988672403344     
   3.2999999999999736        40.046341221559580     
   3.3099999999999734        40.167693770715822     
   3.3199999999999732        40.289046319872064     
   3.3299999999999730        40.410398869028299     
   3.3399999999999728        40.531751418184541     
   3.3499999999999726        40.653103967340776     
   3.3599999999999723        40.774456516497018     
   3.3699999999999721        40.895809065653260     
   3.3799999999999719        41.017161614809496     
   3.3899999999999717        41.138514163965738     
   3.3999999999999715        41.259866713121980     
   3.4099999999999713        41.381219262278215     
   3.4199999999999711        41.502571811434457     
   3.4299999999999708        41.623924360590699     
   3.4399999999999706        41.745276909746934     
   3.4499999999999704        41.866629458903176     
   3.4599999999999702        41.987982008059411     
   3.4699999999999700        42.109334557215654     
   3.4799999999999698        42.230687106371896     
   3.4899999999999696        42.352039655528131     
   3.4999999999999694        42.473392204684373     
   3.5099999999999691        42.594744753840615     
   3.5199999999999689        42.716097302996850     
   3.5299999999999687        42.837449852153092     
   3.5399999999999685        42.958802401309327     
   3.5499999999999683        43.080154950465570     
   3.5599999999999681        43.201507499621812     
   3.5699999999999679        43.322860048778047     
   3.5799999999999677        43.444212597934289     
   3.5899999999999674        43.565565147090531     
   3.5999999999999672        43.686917696246766     
   3.6099999999999670        43.808270245403008     
   3.6199999999999668        43.929622794559243     
   3.6299999999999666        44.050975343715486     
   3.6399999999999664        44.172327892871728     
   3.6499999999999662        44.293680442027963     
   3.6599999999999659        44.415032991184205     
   3.6699999999999657        44.536385540340447     
   3.6799999999999655        44.657738089496682     
   3.6899999999999653        44.779090638652924     
   3.6999999999999651        44.900443187809167     
   3.7099999999999649        45.021795736965402     
   3.7199999999999647        45.143148286121644     
   3.7299999999999645        45.264500835277879     
   3.7399999999999642        45.385853384434121     
   3.7499999999999640        45.507205933590363     
   3.7599999999999638        45.628558482746598     
   3.7699999999999636        45.749911031902840     
   3.7799999999999634        45.871263581059083     
   3.7899999999999632        45.992616130215318     
   3.7999999999999630        46.113968679371560     
   3.8099999999999627        46.235321228527795     
   3.8199999999999625        46.356673777684037     
   3.8299999999999623        46.478026326840279     
   3.8399999999999621        46.599378875996514     
   3.8499999999999619        46.720731425152756     
   3.8599999999999617        46.842083974308999     
   3.8699999999999615        46.963436523465234     
   3.8799999999999613        47.084789072621476     
   3.8899999999999610        47.206141621777718     
   3.8999999999999608        47.327494170933953     
   3.9099999999999606        47.448846720090195     
   3.9199999999999604        47.570199269246430     
   3.9299999999999602        47.691551818402672     
   3.9399999999999600        47.812904367558914     
   3.9499999999999598        47.934256916715150     
   3.9599999999999596        48.055609465871392     
   3.9699999999999593        48.176962015027634     
   3.9799999999999591        48.298314564183869     
   3.9899999999999589        48.419667113340111     
   3.9999999999999587        48.541019662496346     
   4.0099999999999589        48.662372211652595     
   4.0199999999999587        48.783724760808830     
   4.0299999999999585        48.905077309965073     
   4.0399999999999583        49.026429859121315     
   4.0499999999999581        49.147782408277550     
   4.0599999999999579        49.269134957433792     
   4.0699999999999577        49.390487506590034     
   4.0799999999999574        49.511840055746269     
   4.0899999999999572        49.633192604902511     
   4.0999999999999570        49.754545154058754     
   4.1099999999999568        49.875897703214989     
   4.1199999999999566        49.997250252371231     
   4.1299999999999564        50.118602801527466     
   4.1399999999999562        50.239955350683708     
   4.1499999999999559        50.361307899839950     
   4.1599999999999557        50.482660448996185     
   4.1699999999999555        50.604012998152427     
   4.1799999999999553        50.725365547308670     
   4.1899999999999551        50.846718096464905     
   4.1999999999999549        50.968070645621147     
   4.2099999999999547        51.089423194777382     
   4.2199999999999545        51.210775743933624     
   4.2299999999999542        51.332128293089866     
   4.2399999999999540        51.453480842246101     
   4.2499999999999538        51.574833391402343     
   4.2599999999999536        51.696185940558586     
   4.2699999999999534        51.817538489714821     
   4.2799999999999532        51.938891038871063     
   4.2899999999999530        52.060243588027305     
   4.2999999999999527        52.181596137183540     
   4.3099999999999525        52.302948686339782     
   4.3199999999999523        52.424301235496017     
   4.3299999999999521        52.545653784652259     
   4.3399999999999519        52.667006333808501     
   4.3499999999999517        52.788358882964737     
   4.3599999999999515        52.909711432120979     
   4.3699999999999513        53.031063981277221     
   4.3799999999999510        53.152416530433456     
   4.3899999999999508        53.273769079589698     
   4.3999999999999506        53.395121628745933     
   4.4099999999999504        53.516474177902175     
   4.4199999999999502        53.637826727058417     
   4.4299999999999500        53.759179276214653     
   4.4399999999999498        53.880531825370895     
   4.4499999999999496        54.001884374527137     
   4.4599999999999493        54.123236923683372     
   4.4699999999999491        54.244589472839614     
   4.4799999999999489        54.365942021995856     
   4.4899999999999487        54.487294571152091     
   4.4999999999999485        54.608647120308333     
   4.5099999999999483        54.729999669464569     
   4.5199999999999481        54.851352218620811     
   4.5299999999999478        54.972704767777053     
   4.5399999999999476        55.094057316933288     
   4.5499999999999474        55.215409866089530     
   4.5599999999999472        55.336762415245772     
   4.5699999999999470        55.458114964402007     
   4.5799999999999468        55.579467513558249     
   4.5899999999999466        55.700820062714484     
   4.5999999999999464        55.822172611870727     
   4.6099999999999461        55.943525161026969     
   4.6199999999999459        56.064877710183204     
   4.6299999999999457        56.186230259339446     
   4.6399999999999455        56.307582808495688     
   4.6499999999999453        56.428935357651923     
   4.6599999999999451        56.550287906808165     
   4.6699999999999449        56.671640455964400     
   4.6799999999999446        56.792993005120643     
   4.6899999999999444        56.914345554276885     
   4.6999999999999442        57.035698103433120     
   4.7099999999999440        57.157050652589362     
   4.7199999999999438        57.278403201745604     
   4.7299999999999436        57.399755750901839     
   4.7399999999999434        57.521108300058081     
   4.7499999999999432        57.642460849214324     
   4.7599999999999429        57.763813398370559     
   4.7699999999999427        57.885165947526801     
   4.7799999999999425        58.006518496683036     
   4.7899999999999423        58.127871045839278     
   4.7999999999999421        58.249223594995520     
   4.8099999999999419        58.370576144151755     
   4.8199999999999417        58.491928693307997     
   4.8299999999999415        58.613281242464240     
   4.8399999999999412        58.734633791620475     
   4.8499999999999410        58.855986340776717     
   4.8599999999999408        58.977338889932952     
   4.8699999999999406        59.098691439089194     
   4.8799999999999404        59.220043988245436     
   4.8899999999999402        59.341396537401671     
   4.8999999999999400        59.462749086557913     
   4.9099999999999397        59.584101635714156     
   4.9199999999999395        59.705454184870391     
   4.9299999999999393        59.826806734026633     
   4.9399999999999391        59.948159283182875     
   4.9499999999999389        60.069511832339110     
   4.9599999999999387        60.190864381495352     
   4.9699999999999385        60.312216930651587     
   4.9799999999999383        60.433569479807829     
   4.9899999999999380        60.554922028964072     
   4.9999999999999378        60.676274578120307     
   5.0099999999999376        60.797627127276549     
   5.0199999999999374        60.918979676432791     
   5.0299999999999372        61.040332225589026     
   5.0399999999999370        61.161684774745268     
   5.0499999999999368        61.283037323901503     
   5.0599999999999365        61.404389873057745     
   5.0699999999999363        61.525742422213987     
   5.0799999999999361        61.647094971370223     
   5.0899999999999359        61.768447520526465     
   5.0999999999999357        61.889800069682707     
   5.1099999999999355        62.011152618838942     
   5.1199999999999353        62.132505167995184     
   5.1299999999999351        62.253857717151426     
   5.1399999999999348        62.375210266307661     
   5.1499999999999346        62.496562815463903     
   5.1599999999999344        62.617915364620139     
   5.1699999999999342        62.739267913776381     
   5.1799999999999340        62.860620462932623     
   5.1899999999999338        62.981973012088858     
   5.1999999999999336        63.103325561245100     
   5.2099999999999334        63.224678110401342     
   5.2199999999999331        63.346030659557577     
   5.2299999999999329        63.467383208713819     
   5.2399999999999327        63.588735757870054     
   5.2499999999999325        63.710088307026297     
   5.2599999999999323        63.831440856182539     
   5.2699999999999321        63.952793405338774     
   5.2799999999999319        64.074145954495009     
   5.2899999999999316        64.195498503651251     
   5.2999999999999314        64.316851052807493     
   5.3099999999999312        64.438203601963735     
   5.3199999999999310        64.559556151119978     
   5.3299999999999308        64.680908700276220     
   5.3399999999999306        64.802261249432448     
   5.3499999999999304        64.923613798588690     
   5.3599999999999302        65.044966347744932     
   5.3699999999999299        65.166318896901174     
   5.3799999999999297        65.287671446057416     
   5.3899999999999295        65.409023995213644     
   5.3999999999999293        65.530376544369886     
   5.4099999999999291        65.651729093526129     
   5.4199999999999289        65.773081642682371     
   5.4299999999999287        65.894434191838613     
   5.4399999999999284        66.015786740994855     
   5.4499999999999282        66.137139290151083     
   5.4599999999999280        66.258491839307325     
   5.4699999999999278        66.379844388463567     
   5.4799999999999276        66.501196937619810     
   5.4899999999999274        66.622549486776052     
   5.4999999999999272        66.743902035932280     
   5.5099999999999270        66.865254585088522     
