   0.0000000000000000        0.0000000000000000     
  0.10000000000000001        1.9729802541915963E-009
  0.20000000000000001        4.0603557535852172E-009
  0.30000000000000004        6.0606709918944355E-009
  0.40000000000000002        7.9415377491823154E-009
  0.50000000000000000        9.7075261887313891E-009
  0.60000000000000009        1.1387318931158274E-008
  0.70000000000000007        1.3011613454652520E-008
  0.80000000000000004        1.4588858902476381E-008
  0.90000000000000002        1.6105362996717437E-008
   1.0000000000000000        1.7539850117306432E-008
   1.1000000000000001        1.8876326226354161E-008
   1.2000000000000002        2.0109162474939153E-008
   1.3000000000000000        2.1241306534644341E-008
   1.4000000000000001        2.2279823180664122E-008
   1.5000000000000000        2.3232555854586861E-008
   1.6000000000000001        2.4106763882320220E-008
   1.7000000000000002        2.4908557732273561E-008
   1.8000000000000000        2.5642325214008059E-008
   1.9000000000000001        2.6310530651756157E-008
   2.0000000000000000        2.6914439431392831E-008
   2.1000000000000001        2.7455469586119086E-008
   2.2000000000000002        2.7936193457896947E-008
   2.3000000000000003        2.8360262941377556E-008
   2.4000000000000004        2.8731395162847743E-008
   2.5000000000000000        2.9052218120679071E-008
   2.6000000000000001        2.9323758521450397E-008
   2.7000000000000002        2.9545807583275153E-008
   2.8000000000000003        2.9717818863959230E-008
   2.9000000000000004        2.9839762999232901E-008
   3.0000000000000000        2.9912537632944886E-008
   3.1000000000000001        2.9937888685685112E-008
   3.2000000000000002        2.9918075155633606E-008
   3.3000000000000003        2.9855567139753598E-008
   3.4000000000000004        2.9752939121893198E-008
   3.5000000000000000        2.9612938103004287E-008
   3.6000000000000001        2.9438590925718147E-008
   3.7000000000000002        2.9233214775754830E-008
   3.8000000000000003        2.9000278770093031E-008
   3.9000000000000004        2.8743164015228624E-008
   4.0000000000000000        2.8464925532096545E-008
   4.1000000000000005        2.8168151035698713E-008
   4.2000000000000002        2.7854956232327833E-008
   4.2999999999999998        2.7527091045421263E-008
   4.4000000000000004        2.7186089321086908E-008
   4.5000000000000000        2.6833390765505915E-008
   4.6000000000000005        2.6470391965332097E-008
   4.7000000000000002        2.6098424255109865E-008
   4.8000000000000007        2.5718689507202092E-008
   4.9000000000000004        2.5332198036594267E-008
   5.0000000000000000        2.4939744430484836E-008
   5.1000000000000005        2.4541935090282057E-008
   5.2000000000000002        2.4139257300908148E-008
   5.3000000000000007        2.3732163696987462E-008
   5.4000000000000004        2.3321142835841951E-008
   5.5000000000000000        2.2906755103753909E-008
   5.6000000000000005        2.2489628116875650E-008
   5.7000000000000002        2.2070420568138528E-008
   5.8000000000000007        2.1649772892936338E-008
   5.9000000000000004        2.1228264846601475E-008
   6.0000000000000000        2.0806394849851034E-008
   6.1000000000000005        2.0384586679820895E-008
   6.2000000000000002        1.9963219428904862E-008
   6.3000000000000007        1.9542669695747475E-008
   6.4000000000000004        1.9123352354141731E-008
   6.5000000000000000        1.8705747978094128E-008
   6.6000000000000005        1.8290409818006010E-008
   6.7000000000000002        1.7877949233778916E-008
   6.8000000000000007        1.7469003867921938E-008
   6.9000000000000004        1.7064196322029545E-008
   7.0000000000000000        1.6664092200998763E-008
   7.1000000000000005        1.6269165350730173E-008
   7.2000000000000002        1.5879775652056536E-008
   7.3000000000000007        1.5496161723496438E-008
   7.4000000000000004        1.5118448094243232E-008
   7.5000000000000000        1.4746664326028178E-008
   7.6000000000000005        1.4380772360684503E-008
   7.7000000000000002        1.4020697966293108E-008
   7.8000000000000007        1.3666362325633792E-008
   7.9000000000000004        1.3317710312593715E-008
   8.0000000000000000        1.2974732655710503E-008
   8.0999999999999996        1.2637479910566081E-008
   8.2000000000000011        1.2306066952351292E-008
   8.3000000000000007        1.1980667588207020E-008
   8.4000000000000004        1.1661499887431115E-008
   8.5000000000000000        1.1348803889159186E-008
   8.5999999999999996        1.1042814355362792E-008
   8.7000000000000011        1.0743732026082003E-008
   8.8000000000000007        1.0451697230076650E-008
   8.9000000000000004        1.0166769576068155E-008
   9.0000000000000000        9.8889167508407968E-009
   9.0999999999999996        9.6180142420210002E-009
   9.2000000000000011        9.3538562518360484E-009
   9.3000000000000007        9.0961764172051293E-009
   9.4000000000000004        8.8446754757079652E-009
   9.5000000000000000        8.5990519682857181E-009
   9.6000000000000014        8.3590316284098564E-009
   9.7000000000000011        8.1243913487692036E-009
   9.8000000000000007        7.8949744967118602E-009
   9.9000000000000004        7.6706957167648205E-009
   10.000000000000000        7.4515349818878169E-009
