   0.0000000000000000        0.0000000000000000     
  0.10000000000000001        3.1229969195279740E-002
  0.20000000000000001        6.2205868893478872E-002
  0.30000000000000004        9.2684636329526310E-002
  0.40000000000000002       0.12244338309534587     
  0.50000000000000000       0.15128655437290900     
  0.60000000000000009       0.17904943108911336     
  0.70000000000000007       0.20559921094828770     
  0.80000000000000004       0.23083419558007037     
  0.90000000000000002       0.25468099121488347     
   1.0000000000000000       0.27709127743951473     
   1.1000000000000001       0.29803850201936821     
   1.2000000000000002       0.31751438257329317     
   1.3000000000000000       0.33552559350864902     
   1.4000000000000001       0.35209097118754434     
   1.5000000000000000       0.36723916012670549     
   1.6000000000000001       0.38100652180509753     
   1.7000000000000002       0.39343529508236519     
   1.8000000000000000       0.40457208383576976     
   1.9000000000000001       0.41446666926309794     
   2.0000000000000000       0.42317105198421989     
   2.1000000000000001       0.43073863147803082     
   2.2000000000000002       0.43722349545866268     
   2.3000000000000003       0.44267983692227175     
   2.4000000000000004       0.44716150858672832     
   2.5000000000000000       0.45072169080819580     
   2.6000000000000001       0.45341263037248442     
   2.7000000000000002       0.45528541779131376     
   2.8000000000000003       0.45638979513560718     
   2.9000000000000004       0.45677400325290979     
   3.0000000000000000       0.45648467684638888     
   3.1000000000000001       0.45556678414263002     
   3.2000000000000002       0.45406359692365306     
   3.3000000000000003       0.45201667464916351     
   3.4000000000000004       0.44946585302658043     
   3.5000000000000000       0.44644923674614634     
   3.6000000000000001       0.44300320195000886     
   3.7000000000000002       0.43916241378830967     
   3.8000000000000003       0.43495985980736368     
   3.9000000000000004       0.43042689472950524     
   4.0000000000000000       0.42559328964856330     
   4.1000000000000005       0.42048727977709094     
   4.2000000000000002       0.41513560842333191     
   4.2999999999999998       0.40956356859570542     
   4.4000000000000004       0.40379504565308227     
   4.5000000000000000       0.39785256409673769     
   4.6000000000000005       0.39175733956270858     
   4.7000000000000002       0.38552933463797712     
   4.8000000000000007       0.37918731553001589     
   4.9000000000000004       0.37274890647900627     
   5.0000000000000000       0.36623063995893462     
   5.1000000000000005       0.35964800247022954     
   5.2000000000000002       0.35301547725264343     
   5.3000000000000007       0.34634658595496309     
   5.4000000000000004       0.33965393103608388     
   5.5000000000000000       0.33294923970168366     
   5.6000000000000005       0.32624340899605209     
   5.7000000000000002       0.31954655076243232     
   5.8000000000000007       0.31286803486349357     
   5.9000000000000004       0.30621652935603916     
   6.0000000000000000       0.29960003704756394     
   6.1000000000000005       0.29302592871024319     
   6.2000000000000002       0.28650097388257745     
   6.3000000000000007       0.28003137045510745     
   6.4000000000000004       0.27362277407858071     
   6.5000000000000000       0.26728032795966095     
   6.6000000000000005       0.26100869301526652     
   6.7000000000000002       0.25481207784635912     
   6.8000000000000007       0.24869426771430103     
   6.9000000000000004       0.24265865171412665     
   7.0000000000000000       0.23670824760058068     
   7.1000000000000005       0.23084572412718821     
   7.2000000000000002       0.22507342117152762     
   7.3000000000000007       0.21939336822271707     
   7.4000000000000004       0.21380730192799111     
   7.5000000000000000       0.20831668332212708     
   7.6000000000000005       0.20292271513865229     
   7.7000000000000002       0.19762635930251782     
   7.8000000000000007       0.19242835441722703     
   7.9000000000000004       0.18732923285775227     
   8.0000000000000000       0.18232933700562046     
   8.0999999999999996       0.17742883421884179     
   8.2000000000000011       0.17262773028841041     
   8.3000000000000007       0.16792588134489578     
   8.4000000000000004       0.16332300438661540     
   8.5000000000000000       0.15881868675621827     
   8.5999999999999996       0.15441239496454928     
   8.7000000000000011       0.15010348324151032     
   8.8000000000000007       0.14589120209695175     
   8.9000000000000004       0.14177470702975686     
   9.0000000000000000       0.13775306736674242     
   9.0999999999999996       0.13382527507957812     
   9.2000000000000011       0.12999025334350289     
   9.3000000000000007       0.12624686457876888     
   9.4000000000000004       0.12259391775283197     
   9.5000000000000000       0.11903017480461259     
   9.6000000000000014       0.11555435616013397     
   9.7000000000000011       0.11216514541745314     
   9.8000000000000007       0.10886119336651975     
   9.9000000000000004       0.10564112156135236     
   10.000000000000000       0.10250352567115337     
