          11  -1.2824931005646186E-002
          12  -2.1195739025197273E-002
          13  -2.8426642131215919E-002
          14  -3.4514966480117232E-002
          15 -0.17855449136610405     
          16  -4.4743015830466082E-002
          17  -5.1526597933326430E-002
          18 -0.10302456179471703     
          19 -0.17854096064179509     
          20  -4.4156236842029760E-002
          21  -4.6783884604725698E-002
          22  -4.8403549749533342E-002
          23  -4.9530184445947624E-002
          24  -5.0356628616275795E-002
          25  -5.0979176093306648E-002
          26  -2.3299731501870893E-003
          27  -5.1821166966164380E-002
          28  -5.2104506020794458E-002
          29  -5.2324256337058020E-002
          30  -5.2495131635256861E-002
          31  -5.2628642222083653E-002
          32 -0.17856288606666454     
          33 -0.17856288656485447     
          34 -0.17856288682115862     
          35 -0.17856288702542328     
          36 -0.17856289228342354     
          37 -0.21674587741224829     
          38 -0.17856288672260590     
          39 -0.27484901997608907     
          40 -0.27604555829446475     
          41 -0.28039824411540526     
          42 -0.28550091501318203     
          43 -0.29094231248278757     
          44 -0.29655799875854472     
          45 -0.26077528364606950     
          46 -0.36601031276306822     
          47 -0.37543686002710852     
          48 -0.38455344591748541     
