   0.0000000000000000        0.0000000000000000     
  0.10000000000000001        3.1231748074832078E-002
  0.20000000000000001        6.2209412180618096E-002
  0.30000000000000004        9.2689915707272336E-002
  0.40000000000000002       0.12245035755084882     
  0.50000000000000000       0.15129517175438725     
  0.60000000000000009       0.17905962986227936     
  0.70000000000000007       0.20561092201434866     
  0.80000000000000004       0.23084734404742568     
  0.90000000000000002       0.25469549801137592     
   1.0000000000000000       0.27710706074062547     
   1.1000000000000001       0.29805547848814579     
   1.2000000000000002       0.31753246840101479     
   1.3000000000000000       0.33554470526677110     
   1.4000000000000001       0.35211102652045473     
   1.5000000000000000       0.36726007831040375     
   1.6000000000000001       0.38102822418675591     
   1.7000000000000002       0.39345770541510899     
   1.8000000000000000       0.40459512852731200     
   1.9000000000000001       0.41449027755672124     
   2.0000000000000000       0.42319515608519664     
   2.1000000000000001       0.43076316663330255     
   2.2000000000000002       0.43724839999604265     
   2.3000000000000003       0.44270505225644147     
   2.4000000000000004       0.44718697919985606     
   2.5000000000000000       0.45074736421163769     
   2.6000000000000001       0.45343845705360808     
   2.7000000000000002       0.45531135114763577     
   2.8000000000000003       0.45641579139798483     
   2.9000000000000004       0.45680002140003079     
   3.0000000000000000       0.45651067851328347     
   3.1000000000000001       0.45559273352574953     
   3.2000000000000002       0.45408946068423733     
   3.3000000000000003       0.45204242181570731     
   3.4000000000000004       0.44949145489664610     
   3.5000000000000000       0.44647466678776354     
   3.6000000000000001       0.44302843570321687     
   3.7000000000000002       0.43918742876769779     
   3.8000000000000003       0.43498463540651250     
   3.9000000000000004       0.43045141212798221     
   4.0000000000000000       0.42561753172171657     
   4.1000000000000005       0.42051123100856469     
   4.2000000000000002       0.41515925482008631     
   4.2999999999999998       0.40958689760540817     
   4.4000000000000004       0.40381804608392546     
   4.5000000000000000       0.39787522603992459     
   4.6000000000000005       0.39177965431789885     
   4.7000000000000002       0.38555129464191229     
   4.8000000000000007       0.37920891428837311     
   4.9000000000000004       0.37277013850135149     
   5.0000000000000000       0.36625150069653434     
   5.1000000000000005       0.35966848825647046     
   5.2000000000000002       0.35303558524588807     
   5.3000000000000007       0.34636631408377561     
   5.4000000000000004       0.33967327794687252     
   5.5000000000000000       0.33296820470884625     
   5.6000000000000005       0.32626199203468936     
   5.7000000000000002       0.31956475234362219     
   5.8000000000000007       0.31288585603202751     
   5.9000000000000004       0.30623397165044736     
   6.0000000000000000       0.29961710246222129     
   6.1000000000000005       0.29304261965936834     
   6.2000000000000002       0.28651729316598701     
   6.3000000000000007       0.28004732122565279     
   6.4000000000000004       0.27363835981126400     
   6.5000000000000000       0.26729555242244385     
   6.6000000000000005       0.26102356024160028     
   6.7000000000000002       0.25482659210941955     
   6.8000000000000007       0.24870843350287497     
   6.9000000000000004       0.24267247371004561     
   7.0000000000000000       0.23672173065757016     
   7.1000000000000005       0.23085887325098720     
   7.2000000000000002       0.22508624150115628     
   7.3000000000000007       0.21940586501279638     
   7.4000000000000004       0.21381948053206251     
   7.5000000000000000       0.20832854917695379     
   7.6000000000000005       0.20293427374950576     
   7.7000000000000002       0.19763761622946110     
   7.8000000000000007       0.19243931526239522     
   7.9000000000000004       0.18733990325360478     
   8.0000000000000000       0.18233972260411888     
   8.0999999999999996       0.17743894068148058     
   8.2000000000000011       0.17263756327701379     
   8.3000000000000007       0.16793544651309317     
   8.4000000000000004       0.16333230737191631     
   8.5000000000000000       0.15882773317262661     
   8.5999999999999996       0.15442119039568147     
   8.7000000000000011       0.15011203323419883     
   8.8000000000000007       0.14589951215533764     
   8.9000000000000004       0.14178278260987809     
   9.0000000000000000       0.13776091387162515     
   9.0999999999999996       0.13383289785483041     
   9.2000000000000011       0.12999765767339638     
   9.3000000000000007       0.12625405568277814     
   9.4000000000000004       0.12260090078258945     
   9.5000000000000000       0.11903695484122984     
   9.6000000000000014       0.11556093821183731     
   9.7000000000000011       0.11217153441748569     
   9.8000000000000007       0.10886739417127286     
   9.9000000000000004       0.10564713894869984     
   10.000000000000000       0.10250936433897752     
