   0.0000000000000000        0.0000000000000000     
  0.10000000000000001        2.2187004271529854E-002
  0.20000000000000001        4.2690697961479097E-002
  0.30000000000000004        6.7658894201462760E-002
  0.40000000000000002        8.5584533994778791E-002
  0.50000000000000000       0.10632914835786191     
  0.60000000000000009       0.12881008739559552     
  0.70000000000000007       0.14265487735443380     
  0.80000000000000004       0.15950996605697271     
  0.90000000000000002       0.17973032616164941     
   1.0000000000000000       0.19325428711332193     
   1.1000000000000001       0.20211993732161765     
   1.2000000000000002       0.21441134187022701     
   1.3000000000000000       0.22906764749476016     
   1.4000000000000001       0.23915640791481571     
   1.5000000000000000       0.24334024321478342     
   1.6000000000000001       0.24687930868866859     
   1.7000000000000002       0.25359100558871656     
   1.8000000000000000       0.26128916531884178     
   1.9000000000000001       0.26533401838342546     
   2.0000000000000000       0.26430576524351146     
   2.1000000000000001       0.26113404097567899     
   2.2000000000000002       0.25951519242608156     
   2.3000000000000003       0.26019104835153939     
   2.4000000000000004       0.26066595989770952     
   2.5000000000000000       0.25793050189348243     
   2.6000000000000001       0.25120866030731692     
   2.7000000000000002       0.24239445939475282     
   2.8000000000000003       0.23424300373812509     
   2.9000000000000004       0.22814159776965626     
   3.0000000000000000       0.22323338776549415     
   3.1000000000000001       0.21731452383313726     
   3.2000000000000002       0.20857620446094918     
   3.3000000000000003       0.19685186168355778     
   3.4000000000000004       0.18360703398336156     
   3.5000000000000000       0.17086517194505754     
   3.6000000000000001       0.15990345889732452     
   3.7000000000000002       0.15055400083048795     
   3.8000000000000003       0.14144627417565028     
   3.9000000000000004       0.13092455527458050     
   4.0000000000000000       0.11803254030615871     
   4.1000000000000005       0.10301247472048611     
   4.2000000000000002        8.7109408363705051E-002
   4.2999999999999998        7.1866319524169844E-002
   4.4000000000000004        5.8330409605375062E-002
   4.5000000000000000        4.6577348474122690E-002
   4.6000000000000005        3.5750362793576171E-002
   4.7000000000000002        2.4539873242459317E-002
   4.8000000000000007        1.1833944168434802E-002
   4.9000000000000004       -2.7738588842210459E-003
   5.0000000000000000       -1.8830528351175012E-002
   5.1000000000000005       -3.5255514804091219E-002
   5.2000000000000002       -5.0822559945933092E-002
   5.3000000000000007       -6.4667389422970276E-002
   5.4000000000000004       -7.6612235871572038E-002
   5.5000000000000000       -8.7194592541907368E-002
   5.6000000000000005       -9.7415435362233738E-002
   5.7000000000000002      -0.10832775717427295     
   5.8000000000000007      -0.12063322143286416     
   5.9000000000000004      -0.13443420009223167     
   6.0000000000000000      -0.14921737098809632     
   6.1000000000000005      -0.16405561218621756     
   6.2000000000000002      -0.17794070770793111     
   6.3000000000000007      -0.19012358634766702     
   6.4000000000000004      -0.20034828110708103     
   6.5000000000000000      -0.20891145078881485     
   6.6000000000000005      -0.21654173645480246     
   6.7000000000000002      -0.22415053453333980     
   6.8000000000000007      -0.23254080379099809     
   6.9000000000000004      -0.24216538629127426     
   7.0000000000000000      -0.25300329316595505     
   7.1000000000000005      -0.26458168735559368     
   7.2000000000000002      -0.27612682478706663     
   7.3000000000000007      -0.28679210667070715     
   7.4000000000000004      -0.29589437034320204     
   7.5000000000000000      -0.30309317136873259     
   7.6000000000000005      -0.30846870441770358     
   7.7000000000000002      -0.31248461899508434     
   7.8000000000000007      -0.31585317378555205     
   7.9000000000000004      -0.31934382452497906     
   8.0000000000000000      -0.32358728848490476     
   8.0999999999999996      -0.32892404330890657     
   8.2000000000000011      -0.33533140083735530     
   8.3000000000000007      -0.34244161942203222     
   8.4000000000000004      -0.34964090036536011     
   8.5000000000000000      -0.35622097850741946     
   8.5999999999999996      -0.36154509146019514     
   8.7000000000000011      -0.36518979787594330     
   8.8000000000000007      -0.36703247720789939     
   8.9000000000000004      -0.36726862525882109     
   9.0000000000000000      -0.36635952780144476     
   9.0999999999999996      -0.36492577466000831     
   9.2000000000000011      -0.36361236745818060     
   9.3000000000000007      -0.36295518220676487     
   9.4000000000000004      -0.36327607458824474     
   9.5000000000000000      -0.36462611097637576     
   9.6000000000000014      -0.36678536894257940     
   9.7000000000000011      -0.36931598516830633     
   9.8000000000000007      -0.37165501005589219     
   9.9000000000000004      -0.37322695101592435     
   10.000000000000000      -0.37355359074173172     
