   0.0000000000000000                            NaN
  0.10000000000000001                            NaN
  0.20000000000000001                            NaN
  0.30000000000000004                            NaN
  0.40000000000000002                            NaN
  0.50000000000000000                            NaN
  0.60000000000000009                            NaN
  0.70000000000000007                            NaN
  0.80000000000000004                            NaN
  0.90000000000000002                            NaN
   1.0000000000000000                            NaN
   1.1000000000000001                            NaN
   1.2000000000000002                            NaN
   1.3000000000000000                            NaN
   1.4000000000000001                            NaN
   1.5000000000000000                            NaN
   1.6000000000000001                            NaN
   1.7000000000000002                            NaN
   1.8000000000000000                            NaN
   1.9000000000000001                            NaN
   2.0000000000000000                            NaN
   2.1000000000000001                            NaN
   2.2000000000000002                            NaN
   2.3000000000000003                            NaN
   2.4000000000000004                            NaN
   2.5000000000000000                            NaN
   2.6000000000000001                            NaN
   2.7000000000000002                            NaN
   2.8000000000000003                            NaN
   2.9000000000000004                            NaN
   3.0000000000000000                            NaN
   3.1000000000000001                            NaN
   3.2000000000000002                            NaN
   3.3000000000000003                            NaN
   3.4000000000000004                            NaN
   3.5000000000000000                            NaN
   3.6000000000000001                            NaN
   3.7000000000000002                            NaN
   3.8000000000000003                            NaN
   3.9000000000000004                            NaN
   4.0000000000000000                            NaN
   4.1000000000000005                            NaN
   4.2000000000000002                            NaN
   4.2999999999999998                            NaN
   4.4000000000000004                            NaN
   4.5000000000000000                            NaN
   4.6000000000000005                            NaN
   4.7000000000000002                            NaN
   4.8000000000000007                            NaN
   4.9000000000000004                            NaN
   5.0000000000000000                            NaN
   5.1000000000000005                            NaN
   5.2000000000000002                            NaN
   5.3000000000000007                            NaN
   5.4000000000000004                            NaN
   5.5000000000000000                            NaN
   5.6000000000000005                            NaN
   5.7000000000000002                            NaN
   5.8000000000000007                            NaN
   5.9000000000000004                            NaN
   6.0000000000000000                            NaN
   6.1000000000000005                            NaN
   6.2000000000000002                            NaN
   6.3000000000000007                            NaN
   6.4000000000000004                            NaN
   6.5000000000000000                            NaN
   6.6000000000000005                            NaN
   6.7000000000000002                            NaN
   6.8000000000000007                            NaN
   6.9000000000000004                            NaN
   7.0000000000000000                            NaN
   7.1000000000000005                            NaN
   7.2000000000000002                            NaN
   7.3000000000000007                            NaN
   7.4000000000000004                            NaN
   7.5000000000000000                            NaN
   7.6000000000000005                            NaN
   7.7000000000000002                            NaN
   7.8000000000000007                            NaN
   7.9000000000000004                            NaN
   8.0000000000000000                            NaN
   8.0999999999999996                            NaN
   8.2000000000000011                            NaN
   8.3000000000000007                            NaN
   8.4000000000000004                            NaN
   8.5000000000000000                            NaN
   8.5999999999999996                            NaN
   8.7000000000000011                            NaN
   8.8000000000000007                            NaN
   8.9000000000000004                            NaN
   9.0000000000000000                            NaN
   9.0999999999999996                            NaN
   9.2000000000000011                            NaN
   9.3000000000000007                            NaN
   9.4000000000000004                            NaN
   9.5000000000000000                            NaN
   9.6000000000000014                            NaN
   9.7000000000000011                            NaN
   9.8000000000000007                            NaN
   9.9000000000000004                            NaN
   10.000000000000000                            NaN
