   0.0000000000000000        0.0000000000000000     
  0.10000000000000001        3.1231748074824584E-002
  0.20000000000000001        6.2209412180603517E-002
  0.30000000000000004        9.2689915707250797E-002
  0.40000000000000002       0.12245035755082005     
  0.50000000000000000       0.15129517175435223     
  0.60000000000000009       0.17905962986223845     
  0.70000000000000007       0.20561092201430126     
  0.80000000000000004       0.23084734404737292     
  0.90000000000000002       0.25469549801131858     
   1.0000000000000000       0.27710706074056368     
   1.1000000000000001       0.29805547848807928     
   1.2000000000000002       0.31753246840094490     
   1.3000000000000000       0.33554470526669866     
   1.4000000000000001       0.35211102652038012     
   1.5000000000000000       0.36726007831032698     
   1.6000000000000001       0.38102822418667737     
   1.7000000000000002       0.39345770541502945     
   1.8000000000000000       0.40459512852723206     
   1.9000000000000001       0.41449027755664131     
   2.0000000000000000       0.42319515608511710     
   2.1000000000000001       0.43076316663322328     
   2.2000000000000002       0.43724839999596415     
   2.3000000000000003       0.44270505225636481     
   2.4000000000000004       0.44718697919978156     
   2.5000000000000000       0.45074736421156569     
   2.6000000000000001       0.45343845705353869     
   2.7000000000000002       0.45531135114756927     
   2.8000000000000003       0.45641579139792110     
   2.9000000000000004       0.45680002139997072     
   3.0000000000000000       0.45651067851322780     
   3.1000000000000001       0.45559273352569807     
   3.2000000000000002       0.45408946068419082     
   3.3000000000000003       0.45204242181566523     
   3.4000000000000004       0.44949145489660869     
   3.5000000000000000       0.44647466678773123     
   3.6000000000000001       0.44302843570319023     
   3.7000000000000002       0.43918742876767675     
   3.8000000000000003       0.43498463540649751     
   3.9000000000000004       0.43045141212797366     
   4.0000000000000000       0.42561753172171379     
   4.1000000000000005       0.42051123100856747     
   4.2000000000000002       0.41515925482009547     
   4.2999999999999998       0.40958689760542344     
   4.4000000000000004       0.40381804608394700     
   4.5000000000000000       0.39787522603995279     
   4.6000000000000005       0.39177965431793366     
   4.7000000000000002       0.38555129464195426     
   4.8000000000000007       0.37920891428842207     
   4.9000000000000004       0.37277013850140722     
   5.0000000000000000       0.36625150069659651     
   5.1000000000000005       0.35966848825653913     
   5.2000000000000002       0.35303558524596329     
   5.3000000000000007       0.34636631408385737     
   5.4000000000000004       0.33967327794696128     
   5.5000000000000000       0.33296820470894190     
   5.6000000000000005       0.32626199203479178     
   5.7000000000000002       0.31956475234373150     
   5.8000000000000007       0.31288585603214375     
   5.9000000000000004       0.30623397165057009     
   6.0000000000000000       0.29961710246235024     
   6.1000000000000005       0.29304261965950362     
   6.2000000000000002       0.28651729316612840     
   6.3000000000000007       0.28004732122580062     
   6.4000000000000004       0.27363835981141793     
   6.5000000000000000       0.26729555242260433     
   6.6000000000000005       0.26102356024176693     
   6.7000000000000002       0.25482659210959235     
   6.8000000000000007       0.24870843350305383     
   6.9000000000000004       0.24267247371023029     
   7.0000000000000000       0.23672173065776034     
   7.1000000000000005       0.23085887325118309     
   7.2000000000000002       0.22508624150135761     
   7.3000000000000007       0.21940586501300308     
   7.4000000000000004       0.21381948053227431     
   7.5000000000000000       0.20832854917717095     
   7.6000000000000005       0.20293427374972811     
   7.7000000000000002       0.19763761622968881     
   7.8000000000000007       0.19243931526262795     
   7.9000000000000004       0.18733990325384245     
   8.0000000000000000       0.18233972260436110     
   8.0999999999999996       0.17743894068172714     
   8.2000000000000011       0.17263756327726440     
   8.3000000000000007       0.16793544651334788     
   8.4000000000000004       0.16333230737217480     
   8.5000000000000000       0.15882773317288895     
   8.5999999999999996       0.15442119039594737     
   8.7000000000000011       0.15011203323446848     
   8.8000000000000007       0.14589951215561106     
   8.9000000000000004       0.14178278261015542     
   9.0000000000000000       0.13776091387190623     
   9.0999999999999996       0.13383289785511529     
   9.2000000000000011       0.12999765767368482     
   9.3000000000000007       0.12625405568306980     
   9.4000000000000004       0.12260090078288405     
   9.5000000000000000       0.11903695484152722     
   9.6000000000000014       0.11556093821213707     
   9.7000000000000011       0.11217153441778770     
   9.8000000000000007       0.10886739417157687     
   9.9000000000000004       0.10564713894900589     
   10.000000000000000       0.10250936433928548     
