           1   6.5097977931148215E-002
           2  -5.2759045190717120E-002
           3 -0.10832727764255137     
           4 -0.14013803597455204     
           5 -0.15750437728173705     
           6 -0.16702100168686809     
           7 -0.17227039190471211     
           8 -0.17516463936840254     
           9 -0.17675412190696141     
          10 -0.17761851781609547     
          11 -0.17808286163772941     
          12 -0.17832843498595080     
          13 -0.17845608502083604     
          14 -0.17852132163124115     
          15  -3.9754390161698544E-002
          16 -0.17857265404016831     
          17 -0.17858879070839417     
          18 -0.17873545393770873     
          19  -14.352279960049911     
          20 -0.17855611104548202     
          21 -0.17856008094888612     
          22 -0.17856160921976558     
          23 -0.17856228001036484     
          24 -0.17856259250392084     
          25 -0.17856274259467436     
          26 -0.17856281588138642     
          27 -0.17856285196423360     
          28 -0.17856286979016453     
          29 -0.17856287859157643     
          30 -0.17856288292223316     
          31 -0.17856288503937920     
          32 -0.19551516293453078     
          33 -0.20005865001793113     
          34 -0.20503892781181352     
          35 -0.21080055925998817     
          36 -0.23333157020112558     
          37  -12.330454040792198     
          38 -0.22320259068833023     
          39 -0.28245438179858207     
          40 -0.29923637677033310     
          41 -0.31232507445624014     
          42 -0.32423753550226220     
          43 -0.33542131881836335     
          44 -0.34605472994924219     
          45 -0.35623129516384366     
          46 -0.61492393145124657     
          47 -0.62735465613914843     
          48 -0.63943863150191904     
