   0.0000000000000000        0.0000000000000000     
  0.10000000000000001        2.2172320102050922E-002
  0.20000000000000001        4.2658366027285961E-002
  0.30000000000000004        6.7618986801360706E-002
  0.40000000000000002        8.5524315970111564E-002
  0.50000000000000000       0.10625652846980405     
  0.60000000000000009       0.12873035455973836     
  0.70000000000000007       0.14255349067156714     
  0.80000000000000004       0.15939604962448756     
  0.90000000000000002       0.17961320792455415     
   1.0000000000000000       0.19312346242026396     
   1.1000000000000001       0.20196960561310950     
   1.2000000000000002       0.21425171545425578     
   1.3000000000000000       0.22890631443343271     
   1.4000000000000001       0.23898713188788562     
   1.5000000000000000       0.24315454170882472     
   1.6000000000000001       0.24667930148395226     
   1.7000000000000002       0.25338601718004489     
   1.8000000000000000       0.26108371791693352     
   1.9000000000000001       0.26512335273314358     
   2.0000000000000000       0.26408256518145223     
   2.1000000000000001       0.26089696444796562     
   2.2000000000000002       0.25927001290996621     
   2.3000000000000003       0.25994455236319047     
   2.4000000000000004       0.26041964247382132     
   2.5000000000000000       0.25767987459233960     
   2.6000000000000001       0.25094790037392439     
   2.7000000000000002       0.24212163684020643     
   2.8000000000000003       0.23396151738379475     
   2.9000000000000004       0.22785722578990042     
   3.0000000000000000       0.22294981742481063     
   3.1000000000000001       0.21703087574318758     
   3.2000000000000002       0.20828806952668030     
   3.3000000000000003       0.19655468922820649     
   3.4000000000000004       0.18329930000188385     
   3.5000000000000000       0.17054927899902908     
   3.6000000000000001       0.15958405461385078     
   3.7000000000000002       0.15023504100164625     
   3.8000000000000003       0.14112873211021421     
   3.9000000000000004       0.13060605153520163     
   4.0000000000000000       0.11770891082951217     
   4.1000000000000005       0.10268021792939641     
   4.2000000000000002        8.6767604728384823E-002
   4.2999999999999998        7.1517060381368028E-002
   4.4000000000000004        5.7977648400202031E-002
   4.5000000000000000        4.6224888155256938E-002
   4.6000000000000005        3.5400038000011250E-002
   4.7000000000000002        2.4190780293320047E-002
   4.8000000000000007        1.1482994393287059E-002
   4.9000000000000004       -3.1304181722442729E-003
   5.0000000000000000       -1.9195376783007034E-002
   5.1000000000000005       -3.5629078523329846E-002
   5.2000000000000002       -5.1202850034299453E-002
   5.3000000000000007       -6.5050853836553318E-002
   5.4000000000000004       -7.6995206803830110E-002
   5.5000000000000000       -8.7574710958547686E-002
   5.6000000000000005       -9.7792497741729129E-002
   5.7000000000000002      -0.10870369852952273     
   5.8000000000000007      -0.12101129674406337     
   5.9000000000000004      -0.13481771553121558     
   6.0000000000000000      -0.14960844952156302     
   6.1000000000000005      -0.16445442680106478     
   6.2000000000000002      -0.17834541912137442     
   6.3000000000000007      -0.19053096430498470     
   6.4000000000000004      -0.20075476233527906     
   6.5000000000000000      -0.20931426287197744     
   6.6000000000000005      -0.21693972376841419     
   6.7000000000000002      -0.22454444336697052     
   6.8000000000000007      -0.23293296895095475     
   6.9000000000000004      -0.24255894747648177     
   7.0000000000000000      -0.25340120046431547     
   7.1000000000000005      -0.26498579852339987     
   7.2000000000000002      -0.27653734914321160     
   7.3000000000000007      -0.28720753443646097     
   7.4000000000000004      -0.29631188145973802     
   7.5000000000000000      -0.30350938694358592     
   7.6000000000000005      -0.30888056099404826     
   7.7000000000000002      -0.31289012813525008     
   7.8000000000000007      -0.31625187525122744     
   7.9000000000000004      -0.31973683265621577     
   8.0000000000000000      -0.32397694068710664     
   8.0999999999999996      -0.32931325784718840     
   8.2000000000000011      -0.33572291529561721     
   8.3000000000000007      -0.34283729888729803     
   8.4000000000000004      -0.35004127575541244     
   8.5000000000000000      -0.35662511148285120     
   8.5999999999999996      -0.36195078109318102     
   8.7000000000000011      -0.36559406578608672     
   8.8000000000000007      -0.36743220958971284     
   8.9000000000000004      -0.36766122320627459     
   9.0000000000000000      -0.36674342468937793     
   9.0999999999999996      -0.36530071644301698     
   9.2000000000000011      -0.36397940810872947     
   9.3000000000000007      -0.36331640866538989     
   9.4000000000000004      -0.36363413021925628     
   9.5000000000000000      -0.36498362315260324     
   9.6000000000000014      -0.36714439921673681     
   9.7000000000000011      -0.36967760901579655     
   9.8000000000000007      -0.37201910169552743     
   9.9000000000000004      -0.37359220508276747     
   10.000000000000000      -0.37391776594242676     
