   0.0000000000000000        0.0000000000000000     
  0.10000000000000001        3.1231748074825302E-002
  0.20000000000000001        6.2209412180604738E-002
  0.30000000000000004        9.2689915707252560E-002
  0.40000000000000002       0.12245035755082247     
  0.50000000000000000       0.15129517175435503     
  0.60000000000000009       0.17905962986224169     
  0.70000000000000007       0.20561092201430495     
  0.80000000000000004       0.23084734404737711     
  0.90000000000000002       0.25469549801132302     
   1.0000000000000000       0.27710706074056862     
   1.1000000000000001       0.29805547848808467     
   1.2000000000000002       0.31753246840095040     
   1.3000000000000000       0.33554470526670416     
   1.4000000000000001       0.35211102652038584     
   1.5000000000000000       0.36726007831033292     
   1.6000000000000001       0.38102822418668375     
   1.7000000000000002       0.39345770541503544     
   1.8000000000000000       0.40459512852723789     
   1.9000000000000001       0.41449027755664741     
   2.0000000000000000       0.42319515608512315     
   2.1000000000000001       0.43076316663322950     
   2.2000000000000002       0.43724839999597037     
   2.3000000000000003       0.44270505225637091     
   2.4000000000000004       0.44718697919978767     
   2.5000000000000000       0.45074736421157141     
   2.6000000000000001       0.45343845705354402     
   2.7000000000000002       0.45531135114757421     
   2.8000000000000003       0.45641579139792626     
   2.9000000000000004       0.45680002139997594     
   3.0000000000000000       0.45651067851323235     
   3.1000000000000001       0.45559273352570251     
   3.2000000000000002       0.45408946068419437     
   3.3000000000000003       0.45204242181566862     
   3.4000000000000004       0.44949145489661196     
   3.5000000000000000       0.44647466678773390     
   3.6000000000000001       0.44302843570319228     
   3.7000000000000002       0.43918742876767847     
   3.8000000000000003       0.43498463540649879     
   3.9000000000000004       0.43045141212797422     
   4.0000000000000000       0.42561753172171379     
   4.1000000000000005       0.42051123100856747     
   4.2000000000000002       0.41515925482009508     
   4.2999999999999998       0.40958689760542216     
   4.4000000000000004       0.40381804608394573     
   4.5000000000000000       0.39787522603995090     
   4.6000000000000005       0.39177965431793138     
   4.7000000000000002       0.38555129464195076     
   4.8000000000000007       0.37920891428841796     
   4.9000000000000004       0.37277013850140284     
   5.0000000000000000       0.36625150069659124     
   5.1000000000000005       0.35966848825653386     
   5.2000000000000002       0.35303558524595779     
   5.3000000000000007       0.34636631408385138     
   5.4000000000000004       0.33967327794695468     
   5.5000000000000000       0.33296820470893490     
   5.6000000000000005       0.32626199203478440     
   5.7000000000000002       0.31956475234372345     
   5.8000000000000007       0.31288585603213503     
   5.9000000000000004       0.30623397165056071     
   6.0000000000000000       0.29961710246234069     
   6.1000000000000005       0.29304261965949324     
   6.2000000000000002       0.28651729316611746     
   6.3000000000000007       0.28004732122578951     
   6.4000000000000004       0.27363835981140638     
   6.5000000000000000       0.26729555242259240     
   6.6000000000000005       0.26102356024175455     
   6.7000000000000002       0.25482659210957942     
   6.8000000000000007       0.24870843350304062     
   6.9000000000000004       0.24267247371021644     
   7.0000000000000000       0.23672173065774640     
   7.1000000000000005       0.23085887325116827     
   7.2000000000000002       0.22508624150134229     
   7.3000000000000007       0.21940586501298726     
   7.4000000000000004       0.21381948053225816     
   7.5000000000000000       0.20832854917715435     
   7.6000000000000005       0.20293427374971101     
   7.7000000000000002       0.19763761622967130     
   7.8000000000000007       0.19243931526261018     
   7.9000000000000004       0.18733990325382427     
   8.0000000000000000       0.18233972260434259     
   8.0999999999999996       0.17743894068170840     
   8.2000000000000011       0.17263756327724555     
   8.3000000000000007       0.16793544651332859     
   8.4000000000000004       0.16333230737215523     
   8.5000000000000000       0.15882773317286905     
   8.5999999999999996       0.15442119039592730     
   8.7000000000000011       0.15011203323444808     
   8.8000000000000007       0.14589951215559027     
   8.9000000000000004       0.14178278261013430     
   9.0000000000000000       0.13776091387188466     
   9.0999999999999996       0.13383289785509339     
   9.2000000000000011       0.12999765767366273     
   9.3000000000000007       0.12625405568304737     
   9.4000000000000004       0.12260090078286134     
   9.5000000000000000       0.11903695484150427     
   9.6000000000000014       0.11556093821211412     
   9.7000000000000011       0.11217153441776452     
   9.8000000000000007       0.10886739417155353     
   9.9000000000000004       0.10564713894898246     
   10.000000000000000       0.10250936433926194     
