          19  -3.8135351998000042E-002
          32  -5.2734232071882395E-002
          33  -5.2820647872805021E-002
          34  -5.2899531813194990E-002
          35  -5.3009918208419410E-002
          36 -0.11206493209394965     
          37  -1.5960419383391745E-002
          38  -5.2909070200567482E-002
          39 -0.17856288675783474     
          40 -0.17856288677163432     
          41 -0.17856288677765628     
          42 -0.17856288678043913     
          43 -0.17856288678175425     
          44 -0.18777353381905657     
          45 -0.19161237618798821     
          46 -0.30800610963744068     
          47 -0.27104400317051114     
          48 -0.27611282649155161     
