          16  -4.4743015830466047E-002
          17  -5.1526597933324127E-002
          18  -8.4272384444204513E-004
          19  -3.8135351998007841E-002
          20  -4.4156236842030384E-002
          21  0.30849751271653708     
          22   2.0783521299152528E-002
          23   1.0821012613698111E-002
          24   2.8138461631309905E-003
          25  -4.9557467629054346E-004
          26  -5.1454850678402969E-002
          27  -4.4935415481781298E-003
          28  -6.6569214584231290E-003
          29  -8.7124556290769962E-003
          30  -1.0627586048902659E-002
          31  -1.2404246701178645E-002
          32  -1.4069054355795953E-002
          33  -1.5686019394960601E-002
          34  -1.7434512183167931E-002
          35  -2.0205664658349227E-002
          36  -1.9709303731290061E-003
          37 -0.17856288659832442     
          38  -1.8040097890091616E-002
          39 -0.22883758474965954     
          40 -0.23429698104563373     
          41 -0.23968381306249448     
          42 -0.24502257317383849     
          43 -0.25031817784012733     
          44 -0.25556979368396715     
          45 -0.30226256696358283     
          46 -0.26593314995176132     
          47 -0.31375897659709784     
          48 -0.31950679196595144     
